-0.08116422330182668 0.00290296716678675 0.012554335145926382	0.002902967166786649 -0.08873510757617364 -0.09499189423009992	-0.012554335145920921 0.09499189423010355 -0.20052337551698712
-0.07906654319371091 0.0038390604466876604 0.01277740862496625	0.003839060446686171 -0.08351535406263416 -0.09265594352264353	-0.012777408624957347 0.09265594352264338 -0.20273122546485972
-0.07755041743071746 0.0015210931092095393 0.012156822206133767	0.001521093109207279 -0.08420624821074627 -0.09571827323950044	-0.012156822206127082 0.09571827323949726 -0.1993047785328141
-0.08164455297704336 0.001716281402837222 0.011755097102704237	0.0017162814028398175 -0.08547124812919123 -0.09643759417705854	-0.011755097102700677 0.09643759417706042 -0.20264678537702324
-0.0811576582155686 0.002768744840783953 0.011905399759239911	0.0027687448407812103 -0.08669039170995618 -0.09539113399720846	-0.011905399759235394 0.09539113399720492 -0.20216142886830413
-0.08176293064099507 0.0021207978016598017 0.011612857960842264	0.0021207978016585167 -0.08958535377322002 -0.09629505561532983	-0.011612857960837053 0.09629505561533047 -0.20096679183043348
-0.08104066721474461 0.003999259521431128 0.012135919739479497	0.003999259521427953 -0.08909438142378565 -0.09447940772413219	-0.012135919739473994 0.09447940772413166 -0.20218013777514998
-0.07995268272474582 0.004821201357303153 0.012866105160121447	0.004821201357302721 -0.08707485177813415 -0.0944006278743987	-0.012866105160117124 0.09440062787439786 -0.20314302036811877
-0.08127951353193504 0.002699493029036779 0.011894740791159025	0.002699493029039101 -0.08626566588450313 -0.09433588299253848	-0.011894740791155944 0.09433588299253651 -0.20069262143528566
-0.08149525125216116 0.0028038346049292164 0.011874299993253318	0.0028038346049293356 -0.08541253747313403 -0.09441378840303319	-0.01187429999324446 0.09441378840303265 -0.20176208297589615
-0.08102380235315901 0.001802419051369737 0.012300075433790417	0.001802419051373582 -0.08567501051345744 -0.09600627902496002	-0.012300075433785074 0.0960062790249612 -0.20318289337726542
-0.07959388800163053 0.003181160876638979 0.011528670954691973	0.0031811608766369277 -0.08761935298344789 -0.09621912892534423	-0.011528670954688122 0.0962191289253443 -0.20212878053162092
-0.08036464862085305 0.004540731723379671 0.013140871741984333	0.004540731723376566 -0.0909632097560612 -0.09538289089406508	-0.013140871741978359 0.095382890894061 -0.2072888831008144
-0.08375392916301848 0.0038504555123258276 0.012196821319168001	0.0038504555123264 -0.09365631097810775 -0.09652486039652644	-0.012196821319161864 0.09652486039652729 -0.20423925688423983
-0.07976147564667158 0.007121955074295874 0.014754128688791276	0.0071219550742977235 -0.08952427858881933 -0.09202320887344209	-0.01475412868878281 0.09202320887344324 -0.21091783815810083
-0.0748007593388027 0.0008267259224997697 0.012155005535613345	0.0008267259224987288 -0.08320129639368143 -0.09616586819982814	-0.01215500553561269 0.09616586819982542 -0.1981398081569105
-0.07555634948048295 0.0008693079311069374 0.012495384301402793	0.0008693079311048826 -0.08061062544246608 -0.09423461197196105	-0.012495384301399924 0.094234611971963 -0.19911123172336864
-0.07736407177084495 0.001543203265810901 0.012381283457192402	0.0015432032658096381 -0.08459600320347796 -0.09491066183200214	-0.012381283457188565 0.09491066183200329 -0.2010726244228303
-0.08045340406721133 0.0013114066108911994 0.010890919836204924	0.0013114066108916623 -0.08445285115442214 -0.09608541918326537	-0.010890919836203654 0.09608541918326441 -0.20258332832789308
-0.08164695226503677 0.0017302888417616465 0.012364851961330334	0.0017302888417562122 -0.08618981857938438 -0.09621657327595619	-0.012364851961326095 0.09621657327595336 -0.20346232000094056
-0.07893472108298281 0.001526885656813236 0.01187152018161593	0.001526885656813543 -0.08582354000877637 -0.09675702844762973	-0.011871520181612027 0.0967570284476274 -0.20387592086316264
-0.07995126271586765 0.0015858925086971107 0.011297363499770875	0.001585892508695209 -0.08755884340628742 -0.09668552707531033	-0.011297363499766393 0.09668552707530928 -0.20640421998607575
-0.07782230841841903 0.001781860157574906 0.012008980917793552	0.0017818601575750334 -0.08524532741692119 -0.09656543492413072	-0.012008980917788157 0.09656543492412661 -0.20226742572427125
-0.0768740578053202 0.0013654323826981273 0.011373479333719148	0.0013654323827021544 -0.08307616054586123 -0.09603237120703163	-0.011373479333715422 0.09603237120703016 -0.1964168636780918
-0.0772550620662163 0.0022560708179267946 0.011960495601721924	0.002256070817926316 -0.08378476956179315 -0.0955907410070477	-0.01196049560172097 0.09559074100704423 -0.19970558823730067
-0.079518079151957 0.0023810668664301696 0.01198872811493261	0.0023810668664311255 -0.08525108158442346 -0.09586043952865718	-0.011988728114928612 0.09586043952865761 -0.20341824073955117
-0.0810423259367828 0.0028192305320739546 0.011910575522282377	0.0028192305320721635 -0.08599636498216702 -0.09553955397400318	-0.011910575522278317 0.09553955397400722 -0.20259823015274347
-0.0794169441136901 0.0033734019632512572 0.012618965781877607	0.003373401963248747 -0.08616600041754442 -0.09575361038359315	-0.012618965781871515 0.09575361038359062 -0.20121889250383013
-0.07987329403064797 0.0018858490797769947 0.01185531139377919	0.001885849079777513 -0.08791867325286798 -0.0964665883231882	-0.01185531139377586 0.09646658832318435 -0.20114556445220622
-0.07711030132049641 0.002475022037886315 0.0121155431353141	0.002475022037886235 -0.0868735470533879 -0.09581538389999544	-0.012115543135308375 0.09581538389998971 -0.2037881033826751
-0.07419692110148897 0.0012569978966634598 0.012271548545779887	0.0012569978966618153 -0.08458633176910801 -0.0959012878681386	-0.012271548545777961 0.09590128786813813 -0.20196518748069733
-0.08089315114623559 0.0016096005701876802 0.01160394471620228	0.0016096005701867746 -0.08920086965465579 -0.09623319107469622	-0.011603944716199473 0.0962331910746954 -0.20490800989134017
-0.07919709852096875 0.0022938826006328695 0.012498633423621536	0.002293882600630917 -0.08438784566790569 -0.09376168082988315	-0.01249863342362215 0.09376168082988262 -0.205947873817628
-0.08219370858221804 0.002370853352622847 0.011542381441164349	0.0023708533526226685 -0.08401704532038798 -0.09488495327453558	-0.011542381441162937 0.09488495327453583 -0.20427271319005777
-0.08254667808329323 0.001858799409252358 0.01202896633321094	0.0018587994092557165 -0.0874108648594235 -0.09530162328419717	-0.012028966333207144 0.09530162328419414 -0.20228781267495927
-0.08084726226878057 0.002026122799825439 0.011346450526813212	0.0020261227998284786 -0.083675541554777 -0.09459058946507526	-0.011346450526810853 0.09459058946507372 -0.2022357473687315
-0.0780769635375859 0.001300992447615907 0.01173385650283221	0.0013009924476157127 -0.08693841901176158 -0.09633969475024104	-0.011733856502829813 0.09633969475024433 -0.2051343864352961
-0.07714044321734023 0.0014733043115872715 0.011133442259610566	0.0014733043115862164 -0.08413584803626842 -0.09663785514419347	-0.011133442259606635 0.09663785514419446 -0.2031981684418628
-0.07787555835221986 0.0004141564293006104 0.011990380580338428	0.00041415642930221546 -0.08653184905280362 -0.09721331552133856	-0.011990380580336704 0.09721331552133865 -0.19983155096667177
-0.08105082679919334 0.0021107361324947454 0.010909256722496187	0.0021107361324952433 -0.08743540460004753 -0.09675944656076745	-0.010909256722489963 0.09675944656076634 -0.20092646780525497
-0.0804578022025836 0.002299807795822754 0.011884741890414555	0.002299807795823627 -0.0848429913434473 -0.09645888915316791	-0.011884741890411537 0.09645888915316722 -0.2013388086699133
-0.08138306344159543 0.0038028492466671993 0.011821380141378447	0.0038028492466631817 -0.08227242470296349 -0.09460190208324734	-0.0118213801413792 0.0946019020832441 -0.2011306665433194
-0.07976615829872694 0.0027042776912442746 0.011281010862733538	0.002704277691245047 -0.08563423022837781 -0.09473427785707679	-0.011281010862731082 0.09473427785707558 -0.20055626157151957
-0.07775422548032193 0.003128943888592437 0.012249353621899217	0.0031289438885901003 -0.08653732128643918 -0.09514101481035063	-0.012249353621899696 0.09514101481035411 -0.2026162818108819
-0.07776233329325291 0.0013488510177066472 0.011868051697869784	0.0013488510177052581 -0.08810654051754849 -0.09640437216157885	-0.01186805169786519 0.09640437216157637 -0.20152301529056185
-0.07907281899668855 0.00423141932778618 0.013715228126752868	0.004231419327788755 -0.08832400268794391 -0.09376056725953816	-0.013715228126747615 0.09376056725954011 -0.20774621787100084
-0.0834165583372357 0.001409702818708493 0.010737176037833529	0.0014097028187085889 -0.09270471001651728 -0.09730625339235582	-0.010737176037828509 0.09730625339235315 -0.20599070970128835
-0.0831304440586701 0.0029291915991612443 0.012074391477478658	0.002929191599161344 -0.08858356890548416 -0.09432484910840493	-0.01207439147747301 0.09432484910840208 -0.2099592686674086
-0.08315230198362934 0.0028435685893046553 0.012323863512039433	0.0028435685893051722 -0.0838963302100471 -0.09485009523056827	-0.012323863512035117 0.09485009523056538 -0.20503307589073558
-0.086238248920592 0.003286093750862912 0.011949104949463822	0.003286093750862083 -0.08964485144485018 -0.09465289063921274	-0.01194910494945782 0.09465289063921262 -0.20086364330807452
-0.08289167758497476 0.005973989326238259 0.011126079186415862	0.005973989326239538 -0.08753099421988278 -0.09140752858528475	-0.011126079186411335 0.09140752858528835 -0.19966506458781202
-0.0788654560856607 0.0030543819790721533 0.013152308825936605	0.003054381979070954 -0.09014044466971796 -0.09558580718732504	-0.013152308825932383 0.09558580718732687 -0.19815189866371916
-0.0784480474186084 0.003154234181416288 0.012799212647066148	0.003154234181416574 -0.08594072642305797 -0.09278762575328167	-0.012799212647064715 0.09278762575328016 -0.2021873711883994
-0.08485454214612198 0.001166507497779747 0.012829478976607692	0.0011665074977813533 -0.10052906667683481 -0.09641667587037932	-0.012829478976600521 0.09641667587038043 -0.21376747280155997
-0.08462870072130788 0.0013485656901491396 0.011159460651937458	0.0013485656901475944 -0.09395928439853823 -0.09690712624220459	-0.011159460651929971 0.09690712624220305 -0.2028129315088312
-0.08224765188113764 0.002630513158386994 0.011829812497381527	0.0026305131583886187 -0.08776429248168238 -0.0982779973772268	-0.011829812497373478 0.09827799737722893 -0.198771547228355
-0.08164296563301385 0.004937095050172047 0.01215532959359248	0.004937095050171836 -0.08699033130792234 -0.09543161912052478	-0.012155329593585371 0.095431619120524 -0.20263492962509144
-0.0801270114647902 0.0029079378657399305 0.011661830573723789	0.002907937865736757 -0.08704843988682447 -0.09485158659287851	-0.01166183057371771 0.0948515865928788 -0.2021866755416064
-0.08180568427790705 0.004658256648920365 0.01389857769775114	0.004658256648922584 -0.08916924982499856 -0.09298100987081527	-0.013898577697750315 0.09298100987081565 -0.20823893280430525
-0.0808676502870529 0.0026849965410060844 0.012908825061117412	0.0026849965410074895 -0.09033693920206232 -0.09475409546625957	-0.012908825061110886 0.09475409546625682 -0.20511997502604173
-0.08100872134414829 0.006337236476484454 0.013645047928491298	0.006337236476483904 -0.08710937215479933 -0.09095544703043168	-0.013645047928486587 0.09095544703043433 -0.20796497242497186
-0.08367186397934594 0.0034611899532639473 0.012006434064404	0.0034611899532611605 -0.08983067242935826 -0.09584094099310471	-0.012006434064400141 0.09584094099309942 -0.20318677195320212
-0.08243657944049271 0.0034969897681460214 0.011974186182961304	0.0034969897681466538 -0.08870619361995652 -0.0947598431622281	-0.011974186182957584 0.09475984316222272 -0.20636838020110043
-0.08450017415320728 0.003435623798663596 0.01177373003921478	0.0034356237986675445 -0.08764597977238539 -0.09524811473698139	-0.011773730039210398 0.09524811473697954 -0.20230422927730796
-0.08559334544824423 0.0025529928319912394 0.011749551378819403	0.002552992831991862 -0.09205234340528984 -0.09473656532030134	-0.011749551378816517 0.0947365653202951 -0.2046430412149133
-0.08716964377302519 0.008298248131808093 0.010281960084986084	0.008298248131809498 -0.09324133831403839 -0.09074113663058636	-0.01028196008498642 0.09074113663058403 -0.2059407795675755
-0.0820762492659455 0.005003800858512879 0.013463471917248823	0.005003800858514514 -0.09371189088450252 -0.09395846783558465	-0.013463471917248393 0.0939584678355828 -0.21104789459361734
-0.08281269640976008 0.005728168937578827 0.012638313961421774	0.005728168937578789 -0.08878079172743755 -0.0920563507683374	-0.012638313961417083 0.09205635076833868 -0.20892246240302062
-0.08832587924651893 0.002190593591826817 0.012910853804505452	0.002190593591828028 -0.10494025758978098 -0.0952622514327963	-0.012910853804501632 0.09526225143279671 -0.2145067246414293
-0.08699657963264268 0.002008110761989741 0.011024307908704692	0.0020081107619904334 -0.09473750691837891 -0.09517333390305015	-0.011024307908697996 0.09517333390304906 -0.20850421027231036
-0.0839270088991258 0.0009979791952732012 0.01117007055218477	0.000997979195274497 -0.0924195153171838 -0.09726425666680996	-0.011170070552181183 0.09726425666680914 -0.20179149544524466
-0.08016571646687186 0.0030748948425644356 0.011849129774346129	0.0030748948425644773 -0.08759518133455887 -0.09588659663770115	-0.011849129774339516 0.09588659663769727 -0.20177161795678386
-0.07865005630255545 0.0029659273491803454 0.011320554293203978	0.002965927349179208 -0.08788008108186413 -0.0950313068940034	-0.01132055429320241 0.09503130689399539 -0.19899215315490518
-0.08293711100796558 0.005618661652544106 0.013269640634835971	0.0056186616525451035 -0.09140937060099005 -0.09270631473070715	-0.01326964063483745 0.09270631473070493 -0.2084676024919916
-0.08328838687102817 0.0036382706659062623 0.0120512473533631	0.0036382706659036975 -0.09065162235129515 -0.0937680511353429	-0.012051247353359624 0.09376805113534266 -0.20351658994584326
-0.07850111739255192 0.004490905445213512 0.01268685932347035	0.004490905445216726 -0.08325153324967814 -0.09193064083382345	-0.012686859323467164 0.09193064083382599 -0.19961180944943302
-0.07978188454098842 0.002999178613615826 0.012140094591164004	0.002999178613615619 -0.08467401762153379 -0.0943976270380259	-0.012140094591163948 0.09439762703802446 -0.20031065444115204
-0.08108461835627892 0.0024138056482108814 0.011301380849126935	0.0024138056482133972 -0.08450108348643862 -0.09365975434050858	-0.011301380849128816 0.0936597543405086 -0.20350897119007944
-0.08199707333875013 0.0031166210207114542 0.010328285280241219	0.0031166210207156193 -0.08897223918649555 -0.0949697380377094	-0.0103282852802381 0.09496973803771035 -0.199011820243791
-0.08479368309151183 0.004475017579238445 0.009591799163743694	0.0044750175792420775 -0.09311931553487969 -0.09543941362956997	-0.009591799163736668 0.09543941362957019 -0.20124577733182428
-0.07089145133987573 0.0021843411458059604 0.010817754359534516	0.00218434114581183 -0.08393637089052634 -0.09453594223664308	-0.01081775435953308 0.0945359422366463 -0.20390009970596593
-0.06535308237747768 0.00008100630818628184 0.015133775204139301	0.00008100630818808508 -0.07733986932149603 -0.0983442959726603	-0.015133775204136907 0.0983442959726619 -0.1785290848816592
-0.06737919015053564 0.005185091688860494 0.013700924652280157	0.0051850916888628255 -0.06333176669201833 -0.09200966078768785	-0.013700924652275136 0.09200966078768719 -0.16184823860310654
-0.07305575334377387 0.004143215611827095 0.013412588948734958	0.004143215611831565 -0.077080541181309 -0.09570265566886016	-0.013412588948729987 0.09570265566886084 -0.18971697468056536
-0.08507746544694442 -0.0008431141758865768 0.010802273415198148	-0.0008431141758833997 -0.09196626676523983 -0.09483821527486126	-0.010802273415194196 0.09483821527486166 -0.2053105102824448
-0.08563224310178502 -0.0005478772454097806 0.011157011535470648	-0.0005478772454096063 -0.0937429167439174 -0.09620075857162173	-0.011157011535468282 0.09620075857162508 -0.20804311935669692
-0.07830013715236342 0.001739009665963141 0.0116789239887924	0.0017390096659640345 -0.0872952263275778 -0.0963149736027598	-0.011678923988788552 0.09631497360275984 -0.20229216611140116
-0.07874783846623162 0.0020788789470950406 0.011981832928018847	0.002078878947093711 -0.0875752722995069 -0.09593097572410768	-0.011981832928014781 0.09593097572410829 -0.2006225412927361
-0.08260718338108626 0.004519244982142877 0.012749114359221547	0.0045192449821425005 -0.09133541764905281 -0.09465560009121109	-0.012749114359219882 0.0946556000912132 -0.20768310972764367
-0.0802304343007064 0.003019334118662252 0.011966273552036708	0.0030193341186650407 -0.08618608770733112 -0.0944856750977618	-0.011966273552030324 0.09448567509776284 -0.20093740026984125
-0.0765052866428362 0.001742747853514185 0.011326466278521657	0.0017427478535144768 -0.08265758005299698 -0.09487650225699253	-0.011326466278518445 0.09487650225699411 -0.19479782056747827
-0.07905062942103115 0.0013942550502709277 0.0116118260892192	0.0013942550502697676 -0.08520840800054053 -0.09535931488580096	-0.011611826089214787 0.09535931488579767 -0.20348991519647702
-0.0775996181534836 0.0008782353731971201 0.01159260036233177	0.0008782353731989177 -0.08327949373462276 -0.09427774685054562	-0.011592600362326282 0.09427774685054396 -0.205210612849273
-0.07820804831181918 0.0010482783653134832 0.012270568227427291	0.0010482783653155327 -0.08551453869638732 -0.09550617204190234	-0.012270568227421674 0.09550617204190304 -0.19745240010103712
-0.0802381249378441 0.0011297247235895935 0.011476491908771067	0.0011297247235921952 -0.0871941804827659 -0.09630444821567882	-0.01147649190876697 0.09630444821567564 -0.20654737190399147
-0.06613711108491813 -0.0002778728040119464 0.012844800672577587	-0.00027787280401296945 -0.07382609551935715 -0.09756488545952662	-0.012844800672576165 0.09756488545952623 -0.1762182243855589
-0.0431982902412614 -0.010570334255437849 0.0077338565379929045	-0.010570334255435975 -0.05590143764520979 -0.09973845126847689	-0.007733856537985889 0.09973845126847042 -0.1567599685622001
-0.05534290602560619 0.00868930847120378 0.017405990232874827	0.008689308471203847 -0.04194416575782002 -0.08409358552748405	-0.017405990232867916 0.08409358552748039 -0.14860439153882773
-0.06344479935126798 0.00399863828162828 0.013344969197356775	0.0039986382816310315 -0.06274377929537096 -0.09456688454116052	-0.01334496919735316 0.09456688454116045 -0.15796758737445982
-0.0784308010329097 0.0008702177985677548 0.011029628561168712	0.0008702177985691478 -0.08127685957268557 -0.09546418895801906	-0.011029628561163754 0.09546418895801831 -0.20064798375690984
-0.07904515846722308 0.00048250122830744433 0.01170878242850508	0.0004825012283089618 -0.08603027924445189 -0.09444559153445553	-0.01170878242850178 0.09444559153445804 -0.19973206100484223
-0.07874873079615344 0.0006905328661274311 0.010742336031221197	0.0006905328661297116 -0.08518321244931437 -0.09561501366621816	-0.010742336031216042 0.095615013666217 -0.20409412578384303
-0.08049091984532503 0.0014197702607699598 0.01205429156786568	0.0014197702607704884 -0.08766728107661843 -0.09632616204534054	-0.012054291567861485 0.09632616204533515 -0.205048026973208
-0.07970133046118184 0.0020852109049150436 0.011734811302407583	0.0020852109049165897 -0.08702556384549505 -0.0964645235548422	-0.011734811302407215 0.0964645235548398 -0.20261904841723422
-0.07829430139135357 0.0012154881294619236 0.011202323474869658	0.0012154881294621227 -0.08634105856820434 -0.09641689267687732	-0.011202323474864974 0.09641689267687233 -0.20476639662934373
-0.07970133046118183 0.0020852109049150076 0.011734811302407618	0.002085210904916668 -0.08702556384549533 -0.09646452355484236	-0.01173481130240708 0.0964645235548396 -0.20261904841723416
-0.08049091984532512 0.0014197702607698778 0.012054291567865711	0.0014197702607702512 -0.08766728107661839 -0.09632616204534056	-0.012054291567861503 0.09632616204533508 -0.2050480269732078
-0.07874873079615344 0.0006905328661272877 0.010742336031221118	0.0006905328661297586 -0.08518321244931414 -0.0956150136662181	-0.01074233603121598 0.09561501366621686 -0.20409412578384326
-0.07904515846722301 0.00048250122830755405 0.011708782428505194	0.00048250122830894877 -0.0860302792444516 -0.09444559153445543	-0.011708782428501832 0.09444559153445785 -0.1997320610048425
-0.07843080103290977 0.000870217798567845 0.011029628561168715	0.0008702177985691964 -0.0812768595726856 -0.09546418895801898	-0.011029628561163705 0.09546418895801832 -0.20064798375690981
-0.06344479935126818 0.0039986382816279645 0.013344969197356883	0.00399863828163104 -0.062743779295371 -0.09456688454116065	-0.01334496919735315 0.09456688454116041 -0.1579675873744599
-0.05534290602560612 0.008689308471203867 0.017405990232874834	0.008689308471203933 -0.04194416575782027 -0.08409358552748407	-0.017405990232867985 0.0840935855274806 -0.14860439153882787
-0.04319829024126144 -0.010570334255437784 0.007733856537992835	-0.010570334255436084 -0.05590143764520974 -0.0997384512684769	-0.00773385653798591 0.09973845126847031 -0.15675996856220004
-0.06613711108491804 -0.00027787280401199866 0.012844800672577546	-0.0002778728040129419 -0.07382609551935704 -0.0975648854595265	-0.012844800672576137 0.0975648854595263 -0.17621822438555898
-0.080238124937844 0.0011297247235896057 0.011476491908771147	0.0011297247235921067 -0.08719418048276599 -0.09630444821567895	-0.011476491908766845 0.09630444821567552 -0.20654737190399172
-0.07820804831181899 0.0010482783653134597 0.012270568227427111	0.0010482783653154816 -0.08551453869638741 -0.09550617204190248	-0.01227056822742164 0.095506172041903 -0.19745240010103707
-0.07759961815348362 0.0008782353731970434 0.011592600362331798	0.0008782353731989915 -0.08327949373462276 -0.0942777468505457	-0.01159260036232633 0.09427774685054388 -0.2052106128492733
-0.07905062942103115 0.001394255050271004 0.011611826089219093	0.001394255050269771 -0.08520840800054069 -0.09535931488580096	-0.011611826089214926 0.09535931488579766 -0.20348991519647702
-0.07650528664283618 0.0017427478535142764 0.01132646627852165	0.0017427478535143124 -0.08265758005299702 -0.09487650225699253	-0.011326466278518396 0.09487650225699412 -0.19479782056747852
-0.07829430139135365 0.001215488129461895 0.011202323474869592	0.0012154881294620936 -0.08634105856820411 -0.09641689267687714	-0.011202323474864904 0.0964168926768723 -0.20476639662934373
-0.08260718338108636 0.004519244982142863 0.01274911435922162	0.00451924498214249 -0.09133541764905274 -0.09465560009121124	-0.012749114359219927 0.09465560009121321 -0.2076831097276438
-0.07874783846623143 0.0020788789470949556 0.011981832928018868	0.002078878947093612 -0.08757527229950704 -0.09593097572410786	-0.01198183292801485 0.09593097572410839 -0.2006225412927361
-0.07830013715236353 0.0017390096659631715 0.011678923988792458	0.001739009665963893 -0.08729522632757777 -0.09631497360275972	-0.0116789239887886 0.09631497360275995 -0.20229216611140122
-0.08563224310178491 -0.0005478772454097182 0.011157011535470742	-0.0005478772454096965 -0.09374291674391734 -0.09620075857162166	-0.011157011535468317 0.09620075857162516 -0.20804311935669706
-0.08507746544694418 -0.0008431141758866358 0.010802273415198203	-0.0008431141758835307 -0.09196626676523993 -0.09483821527486135	-0.01080227341519428 0.09483821527486178 -0.20531051028244507
-0.07305575334377404 0.00414321561182714 0.013412588948734934	0.004143215611831312 -0.07708054118130905 -0.09570265566886002	-0.013412588948729983 0.09570265566886078 -0.18971697468056567
-0.0673791901505356 0.005185091688860528 0.013700924652279966	0.005185091688862804 -0.0633317666920184 -0.09200966078768785	-0.013700924652275282 0.09200966078768705 -0.1618482386031067
-0.06535308237747778 0.00008100630818648046 0.015133775204139395	0.00008100630818828371 -0.07733986932149603 -0.09834429597266024	-0.015133775204136862 0.09834429597266181 -0.1785290848816594
-0.07089145133987576 0.002184341145805958 0.010817754359534571	0.002184341145811948 -0.08393637089052644 -0.09453594223664288	-0.01081775435953311 0.09453594223664621 -0.2039000997059661
-0.0847936830915119 0.004475017579238533 0.009591799163743767	0.004475017579242115 -0.09311931553487979 -0.09543941362957006	-0.009591799163736595 0.09543941362957019 -0.20124577733182425
-0.08199707333874993 0.003116621020711393 0.010328285280241191	0.0031166210207156106 -0.08897223918649558 -0.09496973803770936	-0.010328285280238068 0.09496973803771036 -0.1990118202437912
-0.08108461835627913 0.00241380564821092 0.011301380849126755	0.002413805648213383 -0.08450108348643862 -0.09365975434050874	-0.011301380849128736 0.0936597543405087 -0.20350897119007938
-0.07978188454098858 0.0029991786136158043 0.012140094591163941	0.002999178613615733 -0.08467401762153395 -0.09439762703802598	-0.012140094591163962 0.09439762703802416 -0.200310654441152
-0.07850111739255186 0.004490905445213603 0.012686859323470384	0.004490905445216867 -0.08325153324967796 -0.09193064083382332	-0.01268685932346715 0.09193064083382603 -0.19961180944943321
-0.0802304343007063 0.0030193341186623085 0.011966273552036819	0.003019334118665005 -0.08618608770733113 -0.09448567509776193	-0.011966273552030574 0.0944856750977629 -0.20093740026984128
-0.08293711100796579 0.005618661652544066 0.013269640634836117	0.0056186616525448685 -0.09140937060099008 -0.09270631473070713	-0.013269640634837543 0.092706314730705 -0.2084676024919917
-0.07865005630255556 0.0029659273491803523 0.011320554293203978	0.002965927349179057 -0.08788008108186435 -0.09503130689400338	-0.011320554293202337 0.09503130689399543 -0.19899215315490582
-0.08016571646687173 0.003074894842564389 0.01184912977434606	0.003074894842564603 -0.08759518133455914 -0.09588659663770119	-0.011849129774339589 0.09588659663769727 -0.20177161795678428
-0.08392700889912588 0.000997979195273166 0.011170070552184885	0.0009979791952745157 -0.0924195153171838 -0.09726425666680978	-0.011170070552181156 0.09726425666680927 -0.20179149544524475
-0.0869965796326427 0.0020081107619898866 0.011024307908704765	0.0020081107619905093 -0.09473750691837893 -0.09517333390305001	-0.01102430790869808 0.09517333390304901 -0.2085042102723102
-0.088325879246519 0.0021905935918268013 0.01291085380450531	0.002190593591827851 -0.10494025758978094 -0.09526225143279632	-0.01291085380450183 0.09526225143279662 -0.21450672464142898
-0.08281269640975997 0.005728168937578941 0.012638313961421795	0.00572816893757888 -0.08878079172743772 -0.09205635076833726	-0.012638313961417139 0.09205635076833879 -0.20892246240302068
-0.08207624926594542 0.005003800858512862 0.013463471917248896	0.0050038008585144775 -0.09371189088450235 -0.0939584678355847	-0.013463471917248442 0.09395846783558265 -0.21104789459361745
-0.08716964377302532 0.008298248131808083 0.010281960084986129	0.008298248131809547 -0.09324133831403858 -0.09074113663058635	-0.01028196008498651 0.09074113663058403 -0.20594077956757548
-0.08559334544824411 0.0025529928319911535 0.011749551378819556	0.002552992831991818 -0.0920523434052899 -0.09473656532030154	-0.011749551378816385 0.09473656532029497 -0.20464304121491336
-0.08450017415320715 0.003435623798663521 0.011773730039214666	0.00343562379866752 -0.0876459797723853 -0.09524811473698114	-0.011773730039210478 0.09524811473697961 -0.20230422927730796
-0.08243657944049282 0.0034969897681459304 0.01197418618296122	0.003496989768146817 -0.08870619361995671 -0.09475984316222805	-0.011974186182957737 0.09475984316222259 -0.20636838020110043
-0.083671863979346 0.003461189953263997 0.012006434064404055	0.0034611899532612875 -0.08983067242935824 -0.09584094099310464	-0.012006434064400183 0.0958409409930994 -0.20318677195320226
-0.08100872134414823 0.006337236476484427 0.01364504792849128	0.006337236476483719 -0.08710937215479925 -0.09095544703043192	-0.013645047928486663 0.09095544703043433 -0.2079649724249718
-0.08328838687102824 0.003638270665906233 0.01205124735336326	0.0036382706659038163 -0.09065162235129515 -0.093768051135343	-0.012051247353359489 0.09376805113534249 -0.20351658994584315
-0.08180568427790723 0.004658256648920431 0.013898577697751126	0.004658256648922626 -0.08916924982499838 -0.09298100987081513	-0.013898577697750287 0.09298100987081555 -0.20823893280430517
-0.08012701146479015 0.0029079378657398637 0.011661830573723681	0.0029079378657367325 -0.08704843988682465 -0.09485158659287858	-0.011661830573717752 0.09485158659287891 -0.20218667554160688
-0.0816429656330139 0.004937095050172228 0.012155329593592487	0.004937095050171836 -0.08699033130792241 -0.09543161912052475	-0.012155329593585416 0.09543161912052385 -0.20263492962509158
-0.08224765188113775 0.002630513158387078 0.011829812497381565	0.0026305131583885767 -0.08776429248168269 -0.09827799737722663	-0.011829812497373575 0.09827799737722884 -0.1987715472283553
-0.08462870072130792 0.0013485656901491487 0.011159460651937542	0.0013485656901475983 -0.09395928439853801 -0.09690712624220468	-0.011159460651929909 0.09690712624220305 -0.20281293150883095
-0.08485454214612176 0.0011665074977797638 0.01282947897660779	0.001166507497781256 -0.10052906667683481 -0.0964166758703793	-0.012829478976600497 0.09641667587038043 -0.2137674728015597
-0.07844804741860847 0.0031542341814163478 0.01279921264706637	0.0031542341814165837 -0.08594072642305811 -0.09278762575328177	-0.012799212647064802 0.09278762575328008 -0.2021873711883992
-0.07886545608566059 0.003054381979072194 0.013152308825936498	0.003054381979071016 -0.09014044466971814 -0.09558580718732504	-0.013152308825932414 0.09558580718732687 -0.1981518986637192
-0.08289167758497468 0.005973989326238379 0.01112607918641573	0.005973989326239612 -0.08753099421988261 -0.09140752858528477	-0.011126079186411224 0.09140752858528828 -0.1996650645878115
-0.08623824892059215 0.003286093750862927 0.01194910494946378	0.0032860937508620352 -0.08964485144485036 -0.09465289063921294	-0.011949104949457612 0.09465289063921262 -0.20086364330807427
-0.08315230198362927 0.0028435685893046124 0.012323863512039526	0.0028435685893051913 -0.08389633021004686 -0.09485009523056818	-0.012323863512035092 0.09485009523056541 -0.20503307589073555
-0.08313044405867005 0.00292919159916129 0.012074391477478671	0.002929191599161343 -0.08858356890548394 -0.09432484910840498	-0.012074391477473058 0.0943248491084019 -0.20995926866740855
-0.08341655833723569 0.0014097028187085112 0.010737176037833428	0.0014097028187085405 -0.09270471001651726 -0.09730625339235591	-0.010737176037828547 0.097306253392353 -0.20599070970128863
-0.0790728189966884 0.004231419327786376 0.013715228126752882	0.004231419327788804 -0.08832400268794367 -0.09376056725953825	-0.01371522812674767 0.09376056725954002 -0.20774621787100087
-0.08086765028705298 0.0026849965410059053 0.012908825061117374	0.0026849965410075905 -0.09033693920206214 -0.09475409546625964	-0.012908825061110865 0.09475409546625677 -0.20511997502604162
-0.07775422548032189 0.00312894388859254 0.012249353621899394	0.003128943888590299 -0.08653732128643929 -0.09514101481035052	-0.012249353621899644 0.09514101481035397 -0.2026162818108818
-0.07976615829872674 0.002704277691244196 0.011281010862733424	0.0027042776912450995 -0.08563423022837768 -0.09473427785707676	-0.011281010862731256 0.09473427785707562 -0.20055626157151968
-0.08138306344159531 0.003802849246667142 0.011821380141378571	0.003802849246663148 -0.08227242470296346 -0.09460190208324726	-0.01182138014137913 0.0946019020832441 -0.2011306665433192
-0.08045780220258361 0.002299807795822801 0.011884741890414524	0.0022998077958237577 -0.08484299134344722 -0.09645888915316767	-0.011884741890411707 0.09645888915316721 -0.2013388086699129
-0.08105082679919323 0.0021107361324948235 0.010909256722496034	0.002110736132495126 -0.08743540460004744 -0.09675944656076745	-0.010909256722490067 0.09675944656076636 -0.20092646780525508
-0.07787555835221975 0.0004141564293005341 0.011990380580338605	0.0004141564293022237 -0.08653184905280355 -0.09721331552133868	-0.011990380580336635 0.09721331552133866 -0.1998315509666717
-0.07714044321734015 0.0014733043115873353 0.01113344225961051	0.0014733043115861795 -0.08413584803626836 -0.09663785514419353	-0.01113344225960661 0.0966378551441943 -0.20319816844186267
-0.07807696353758597 0.0013009924476159013 0.011733856502832159	0.0013009924476156706 -0.0869384190117617 -0.09633969475024114	-0.011733856502829716 0.09633969475024434 -0.2051343864352964
-0.08084726226878067 0.0020261227998254324 0.011346450526813375	0.0020261227998284496 -0.08367554155477713 -0.09459058946507526	-0.011346450526810777 0.09459058946507386 -0.20223574736873134
-0.08254667808329336 0.0018587994092524535 0.012028966333210912	0.0018587994092556142 -0.0874108648594234 -0.09530162328419699	-0.012028966333207033 0.09530162328419425 -0.20228781267495932
-0.08219370858221804 0.002370853352622912 0.011542381441164502	0.00237085335262252 -0.08401704532038787 -0.09488495327453565	-0.011542381441162926 0.0948849532745359 -0.20427271319005755
-0.07919709852096865 0.002293882600633013 0.012498633423621511	0.0022938826006308815 -0.08438784566790568 -0.09376168082988304	-0.012498633423622188 0.09376168082988277 -0.2059478738176279
-0.08089315114623563 0.0016096005701876602 0.011603944716202241	0.0016096005701867321 -0.08920086965465546 -0.09623319107469631	-0.011603944716199528 0.09623319107469518 -0.20490800989134045
-0.07419692110148882 0.0012569978966635266 0.012271548545779887	0.001256997896661883 -0.08458633176910825 -0.09590128786813866	-0.012271548545777944 0.09590128786813804 -0.20196518748069767
-0.0777623332932528 0.0013488510177065162 0.011868051697869753	0.0013488510177053314 -0.08810654051754821 -0.096404372161579	-0.011868051697865225 0.09640437216157645 -0.2015230152905619
-0.07987329403064797 0.0018858490797770107 0.011855311393778958	0.0018858490797777306 -0.08791867325286773 -0.09646658832318826	-0.011855311393775998 0.09646658832318435 -0.2011455644522063
-0.07941694411369003 0.0033734019632511263 0.012618965781877656	0.003373401963248605 -0.08616600041754438 -0.09575361038359315	-0.01261896578187139 0.0957536103835906 -0.20121889250383015
-0.08104232593678272 0.0028192305320738987 0.011910575522282169	0.002819230532072162 -0.08599636498216712 -0.09553955397400321	-0.011910575522278324 0.095539553974007 -0.20259823015274353
-0.07951807915195726 0.0023810668664302143 0.011988728114932554	0.0023810668664311528 -0.08525108158442347 -0.09586043952865717	-0.011988728114928467 0.09586043952865754 -0.20341824073955111
-0.07725506206621627 0.002256070817926931 0.011960495601722004	0.0022560708179261745 -0.0837847695617932 -0.09559074100704776	-0.01196049560172098 0.09559074100704412 -0.19970558823730084
-0.0768740578053202 0.0013654323826981472 0.0113734793337191	0.0013654323827021432 -0.08307616054586116 -0.09603237120703167	-0.01137347933371535 0.09603237120703044 -0.19641686367809164
-0.07782230841841878 0.001781860157574925 0.012008980917793753	0.0017818601575748279 -0.08524532741692117 -0.0965654349241308	-0.012008980917788445 0.09656543492412664 -0.2022674257242716
-0.07995126271586755 0.0015858925086972594 0.011297363499770993	0.0015858925086951236 -0.08755884340628753 -0.09668552707531054	-0.011297363499766386 0.09668552707530942 -0.20640421998607578
-0.07893472108298286 0.001526885656813303 0.011871520181616056	0.0015268856568136668 -0.08582354000877625 -0.09675702844762973	-0.011871520181612073 0.0967570284476275 -0.20387592086316267
-0.08164695226503677 0.001730288841761524 0.01236485196133031	0.0017302888417560316 -0.08618981857938462 -0.0962165732759562	-0.01236485196132632 0.09621657327595323 -0.2034623200009411
-0.08045340406721137 0.0013114066108910745 0.010890919836204917	0.001311406610891586 -0.08445285115442219 -0.09608541918326514	-0.010890919836203595 0.09608541918326453 -0.20258332832789286
-0.07736407177084534 0.0015432032658109344 0.012381283457192346	0.0015432032658096455 -0.08459600320347785 -0.09491066183200214	-0.012381283457188488 0.09491066183200357 -0.20107262442283014
-0.07555634948048301 0.000869307931107061 0.012495384301402727	0.0008693079311048583 -0.08061062544246625 -0.09423461197196105	-0.012495384301399699 0.09423461197196302 -0.19911123172336903
-0.07480075933880274 0.000826725922499633 0.012155005535613349	0.0008267259224988251 -0.08320129639368161 -0.09616586819982821	-0.01215500553561263 0.09616586819982526 -0.19813980815691074
-0.07711030132049657 0.0024750220378862422 0.012115543135314086	0.0024750220378861967 -0.08687354705338798 -0.09581538389999537	-0.012115543135308226 0.09581538389998966 -0.20378810338267533
-0.08375392916301858 0.0038504555123258623 0.012196821319167953	0.0038504555123263532 -0.09365631097810784 -0.09652486039652658	-0.012196821319161995 0.09652486039652708 -0.20423925688423988
-0.08036464862085288 0.004540731723379654 0.013140871741984132	0.0045407317233763945 -0.09096320975606115 -0.09538289089406501	-0.013140871741978387 0.095382890894061 -0.2072888831008144
-0.07959388800163053 0.0031811608766388628 0.01152867095469201	0.003181160876636901 -0.08761935298344811 -0.0962191289253444	-0.011528670954688073 0.09621912892534412 -0.20212878053162098
-0.08102380235315915 0.0018024190513697609 0.01230007543379042	0.0018024190513734888 -0.08567501051345729 -0.09600627902496012	-0.012300075433785147 0.09600627902496123 -0.20318289337726578
-0.08149525125216117 0.0028038346049293183 0.011874299993253262	0.002803834604929236 -0.08541253747313414 -0.09441378840303334	-0.011874299993244599 0.09441378840303269 -0.20176208297589635
-0.08127951353193506 0.002699493029036798 0.011894740791158827	0.0026994930290392127 -0.08626566588450332 -0.09433588299253853	-0.011894740791155916 0.09433588299253667 -0.20069262143528602
-0.0799526827247458 0.004821201357303053 0.012866105160121558	0.00482120135730278 -0.08707485177813408 -0.09440062787439865	-0.012866105160117342 0.09440062787439789 -0.20314302036811901
-0.08104066721474455 0.00399925952143121 0.012135919739479549	0.003999259521427914 -0.0890943814237857 -0.09447940772413241	-0.012135919739473984 0.09447940772413163 -0.20218013777514976
-0.08176293064099514 0.0021207978016597037 0.011612857960842184	0.002120797801658603 -0.08958535377322005 -0.09629505561532992	-0.011612857960837056 0.09629505561533046 -0.20096679183043342
-0.08115765821556865 0.002768744840783953 0.011905399759239928	0.0027687448407812455 -0.0866903917099564 -0.0953911339972083	-0.011905399759235533 0.09539113399720486 -0.20216142886830435
-0.08164455297704372 0.0017162814028370043 0.011755097102704348	0.0017162814028398154 -0.08547124812919099 -0.09643759417705879	-0.011755097102700687 0.09643759417706041 -0.20264678537702335
-0.07755041743071768 0.0015210931092094074 0.01215682220613382	0.001521093109207258 -0.08420624821074614 -0.09571827323950034	-0.012156822206127016 0.09571827323949728 -0.19930477853281403
-0.07906654319371097 0.0038390604466874774 0.012777408624966229	0.003839060446686155 -0.0835153540626343 -0.09265594352264372	-0.012777408624957312 0.09265594352264332 -0.20273122546485992
-0.08116422330182678 0.0029029671667868745 0.012554335145926479	0.0029029671667866693 -0.08873510757617369 -0.09499189423009985	-0.012554335145920734 0.09499189423010343 -0.20052337551698735
-0.07976147564667166 0.007121955074295795 0.014754128688791265	0.007121955074297852 -0.08952427858881948 -0.09202320887344217	-0.014754128688782848 0.09202320887344313 -0.21091783815810064
-0.08350678070204534 0.004282939202355494 0.012919951324411021	0.004282939202358758 -0.09294799638819262 -0.09482594719636202	-0.012919951324410678 0.09482594719636264 -0.2038339224230035
-0.07996927964980224 0.0051619324565398625 0.01323685901105285	0.0051619324565433675 -0.08933433231697853 -0.09360970309375305	-0.013236859011050112 0.09360970309375441 -0.20795894831895606
-0.07888238364120057 0.002037412044907653 0.01156541433515865	0.0020374120449063856 -0.08889183067649843 -0.09673136384429999	-0.011565414335154872 0.09673136384430228 -0.20115404256330655
-0.08041807768992325 0.0017896893325559425 0.011826042686255069	0.0017896893325536935 -0.08688474627768403 -0.09608040659796795	-0.011826042686255877 0.09608040659797012 -0.20406336564420396
-0.0818312589090919 0.0028717753679374496 0.012434257008668868	0.002871775367933602 -0.08843671163363497 -0.09415565135759534	-0.012434257008667751 0.09415565135759577 -0.20360914800140445
-0.08222224565505412 0.004127585495859572 0.01224998944600772	0.0041275854958641115 -0.08919403091539638 -0.09436174733225815	-0.012249989446006294 0.09436174733226001 -0.2026761798328814
-0.08543311721294494 0.005343452866878686 0.012989605963109413	0.005343452866881061 -0.09310633678187724 -0.0937028581746969	-0.012989605963106929 0.09370285817469423 -0.21415703525269594
-0.08543311721294503 0.005343452866878616 0.012989605963109257	0.005343452866881171 -0.09310633678187724 -0.09370285817469685	-0.012989605963106887 0.09370285817469441 -0.21415703525269597
-0.08222224565505412 0.004127585495859417 0.012249989446007643	0.004127585495864074 -0.0891940309153964 -0.09436174733225829	-0.01224998944600638 0.09436174733226005 -0.2026761798328815
-0.08183125890909182 0.0028717753679374323 0.012434257008668955	0.0028717753679335578 -0.08843671163363492 -0.09415565135759534	-0.012434257008668025 0.09415565135759583 -0.2036091480014043
-0.08041807768992318 0.0017896893325557734 0.011826042686254944	0.0017896893325537438 -0.08688474627768378 -0.0960804065979678	-0.01182604268625587 0.0960804065979703 -0.20406336564420363
-0.07888238364120054 0.002037412044907558 0.011565414335158623	0.0020374120449063687 -0.08889183067649882 -0.09673136384429981	-0.011565414335154872 0.09673136384430236 -0.20115404256330632
-0.07996927964980227 0.0051619324565399475 0.01323685901105287	0.005161932456543278 -0.08933433231697863 -0.09360970309375315	-0.013236859011050216 0.09360970309375437 -0.20795894831895606
-0.08350678070204544 0.004282939202355557 0.012919951324411	0.004282939202358842 -0.09294799638819284 -0.094825947196362	-0.012919951324410733 0.09482594719636264 -0.20383392242300358
-0.08082861722548562 0.00881428814504248 0.01554611307456175	0.008814288145041592 -0.09581713476339296 -0.09093649735431655	-0.015546113074556864 0.09093649735431517 -0.2164174586724608
