-0.07040247987200086 0.00007846393661547785 -0.020621588355115964	0.00007846393661665573 -0.08707817954581976 -0.09460415118667281	0.02062158835511336 0.09460415118667097 -0.18234030692982617
-0.07223542681634519 -0.0007493789869652346 -0.02202036222693661	-0.0007493789869653694 -0.0870798504161519 -0.09389239717259451	0.02202036222693315 0.09389239717258718 -0.1819657424462388
-0.07327122050009635 -0.001460452790237256 -0.021704406418067423	-0.0014604527902353395 -0.0891688593801376 -0.09302847446646212	0.0217044064180651 0.0930284744664585 -0.1832118154860399
-0.07564995718292604 -0.002848683467836602 -0.02293102453466305	-0.002848683467837329 -0.0873272621401161 -0.09255022543714861	0.022931024534657292 0.09255022543714636 -0.18221230214002723
-0.06746707288460518 -0.001994816316226956 -0.02271281283592092	-0.001994816316224797 -0.08356595640144576 -0.09323188052592324	0.02271281283591904 0.09323188052592164 -0.17734774993421565
-0.07273709458408781 -0.0013214517001898518 -0.02278441941042558	-0.0013214517001946527 -0.08640319290342752 -0.09293065500629259	0.02278441941042517 0.09293065500629279 -0.1839405347836276
-0.07028148842746662 -0.0009068003723404564 -0.02198480225604198	-0.0009068003723411138 -0.08495914441294439 -0.09296066076717809	0.021984802256035017 0.09296066076717692 -0.18094122090323284
-0.07172423254652949 -0.0003598087913601524 -0.021463187488669405	-0.00035980879136101457 -0.08825619338110946 -0.09319334162230958	0.02146318748867058 0.09319334162230616 -0.18222381398689402
-0.07189128985905593 0.00015050944334543074 -0.022066440408946626	0.00015050944334412363 -0.08691302913230485 -0.09369798675301921	0.022066440408944198 0.09369798675301812 -0.17943938574218732
-0.07394681888732457 -0.0004515355549941846 -0.021880268186386297	-0.000451535554995091 -0.08596488589535105 -0.09345386933571685	0.02188026818638505 0.09345386933571288 -0.1822337879173518
-0.06921884766548372 -0.0015248999329319046 -0.02228683747370009	-0.0015248999329286043 -0.08638385730818834 -0.09425299625265264	0.022286837473695295 0.09425299625265116 -0.1759495941784526
-0.07725854320752998 -0.0028343143173044662 -0.023469925629949547	-0.002834314317306428 -0.0892197254701669 -0.0930663796120581	0.0234699256299431 0.09306637961205551 -0.1831507278114744
-0.06931342905380913 -0.003022864758006078 -0.02308213316254514	-0.003022864758004713 -0.08711889863920597 -0.0927545035294083	0.02308213316254531 0.09275450352940351 -0.17930071635465733
-0.07231806145941527 -0.001426395102549035 -0.02248757561213146	-0.001426395102545761 -0.08760830115507198 -0.0931308971168664	0.02248757561212739 0.09313089711685851 -0.18215871638028927
-0.06572969870528471 0.0005211004462694333 -0.021902548864480294	0.0005211004462666894 -0.08523339300860484 -0.093545691795098	0.021902548864481123 0.09354569179509661 -0.17996048967262174
-0.08177043376288973 -0.0018401227067772396 -0.022554158679958823	-0.0018401227067727727 -0.09121412685042216 -0.09251222731362135	0.02255415867995378 0.09251222731362112 -0.18764810760109296
-0.07776805221173691 -0.001352036721626901 -0.02305894558731483	-0.0013520367216241901 -0.08790558319746072 -0.09343491374691729	0.023058945587310625 0.09343491374691493 -0.18452059188830866
-0.07955315880531647 -0.0005753041558891627 -0.021242269757867967	-0.0005753041558848792 -0.09097781222869465 -0.09334475463396352	0.02124226975786577 0.09334475463396313 -0.187403436853047
-0.07613052953349399 -0.0017403283872195778 -0.022009083700535493	-0.001740328387216826 -0.08740887552614857 -0.09275702521950561	0.022009083700528315 0.0927570252195037 -0.18377043431101647
-0.07076792357029531 -0.0017994661979180147 -0.02291335989437044	-0.001799466197915116 -0.08676283099716366 -0.09256772669527716	0.02291335989436683 0.09256772669527492 -0.17997483680823376
-0.07647204052223708 -0.0016779865813776199 -0.023911074857391065	-0.0016779865813738469 -0.08663131781854078 -0.09224018689844625	0.023911074857388456 0.09224018689844475 -0.18344850175348193
-0.07557869842448443 -0.0011606698479813523 -0.023660846265630323	-0.001160669847978692 -0.08616028899683592 -0.09185454342306328	0.02366084626562367 0.09185454342305781 -0.18263412265718287
-0.07824810296957768 -0.002139611798980281 -0.023095287909366068	-0.0021396117989785344 -0.08916076793947682 -0.09170502064860941	0.023095287909363226 0.0917050206486092 -0.19087847973189653
-0.08020135744875531 -0.002071451454279715 -0.022455476251012456	-0.0020714514542794103 -0.08938113382176485 -0.09226883839701558	0.022455476251010374 0.09226883839701534 -0.1883850813519681
-0.07773424308798459 -0.001366351012555337 -0.022707057872794915	-0.001366351012555317 -0.08926674938129184 -0.09326448219382905	0.022707057872793583 0.09326448219382799 -0.18373281501763503
-0.07571971401884375 -0.0011504456816110757 -0.022882310743800538	-0.0011504456816064787 -0.08721610548524986 -0.09357002271636507	0.022882310743795372 0.09357002271636047 -0.1778253222359703
-0.07661382992076501 -0.0017078741306572904 -0.022968962022376322	-0.0017078741306548613 -0.08968577359396568 -0.09370499655590778	0.02296896202237054 0.09370499655590654 -0.18106560730499582
-0.07050997190713573 -0.002945647654063309 -0.02336946444416716	-0.0029456476540577854 -0.08739393666852052 -0.09297035128333668	0.023369464444162658 0.09297035128333528 -0.17834605755574645
-0.07633695596914367 -0.002041622040904783 -0.02341030120585172	-0.0020416220409022502 -0.08839173530542699 -0.0917859850635386	0.02341030120584959 0.09178598506353378 -0.18737395075932367
-0.07233635459320409 -0.002281197055367015 -0.02398358136978156	-0.002281197055362114 -0.08715222686652194 -0.09164008348717319	0.023983581369780113 0.09164008348716973 -0.18292848140246795
-0.0864102160270745 -0.0035443126489711867 -0.024060423389981857	-0.0035443126489723403 -0.09247784000826587 -0.09108771926348166	0.02406042338998023 0.09108771926347892 -0.19125648943038337
-0.07945571422943762 -0.0035011313573201606 -0.024524989806811448	-0.0035011313573203784 -0.08807679791713065 -0.09120965775043052	0.024524989806811438 0.09120965775042346 -0.18504402218941482
-0.08176794517378086 -0.0013266146643375878 -0.02191911454598388	-0.0013266146643324123 -0.09162526328271785 -0.09300421307369508	0.021919114545980833 0.09300421307368738 -0.18716321929631347
-0.07476418569690028 -0.0008894937439730879 -0.02160572143181248	-0.0008894937439724287 -0.08791101991235352 -0.09277004742669392	0.021605721431809572 0.09277004742669123 -0.18253387638698731
-0.072684676614854 -0.0011476355010658114 -0.021910821815109748	-0.001147635501066507 -0.08367697765947563 -0.09190066128234185	0.021910821815110983 0.09190066128234085 -0.18031875397234864
-0.0792757962808667 -0.0012440691072019665 -0.023851514109745394	-0.0012440691072054888 -0.08779966759160321 -0.09255957702025758	0.023851514109745484 0.09255957702025734 -0.18117632104684528
-0.078463717524008 -0.002385699655604486 -0.023756539751930025	-0.002385699655607422 -0.08543010579844978 -0.09034886873323411	0.023756539751925 0.09034886873323256 -0.18161695379645826
-0.07944924406504278 -0.003031244801357318 -0.02439261161720606	-0.0030312448013574437 -0.08856882834486954 -0.09171063403060457	0.024392611617206728 0.09171063403059897 -0.18043859220869907
-0.08368600805019828 -0.0035905505965362627 -0.025092583209272153	-0.0035905505965394815 -0.0894306320408922 -0.0910199626252405	0.025092583209269076 0.09101996262523357 -0.18921893038984944
-0.07846569676259815 -0.002236876221513633 -0.024072451908029688	-0.002236876221516121 -0.09112016219903951 -0.09328695055526223	0.024072451908028335 0.09328695055525711 -0.18395242304991466
-0.07677248348521881 -0.0010831293666039282 -0.023590846877171272	-0.001083129366602405 -0.08831429416076256 -0.0930842208065577	0.02359084687716554 0.09308422080655515 -0.17780882323574193
-0.07691985891446435 -0.0015561280812761338 -0.023188144006128848	-0.0015561280812772331 -0.08983898881565709 -0.09404674027859682	0.023188144006122992 0.09404674027859243 -0.17769054935373707
-0.07323548166671515 -0.0018055468322055969 -0.022902798948970467	-0.0018055468322040937 -0.08976636068407358 -0.09360000441906484	0.02290279894897196 0.0936000044190633 -0.17869210325485488
-0.08185732567175757 -0.0019931566568538194 -0.023513772657544556	-0.0019931566568534807 -0.09045688771615293 -0.09180608801943987	0.02351377265754361 0.09180608801943406 -0.1887644066049618
-0.07706525495652253 -0.0039705985010995 -0.0251655772984614	-0.003970598501099724 -0.0877929113839244 -0.09042156187659882	0.025165577298459352 0.090421561876597 -0.1845461792006068
-0.0812966686684236 -0.0036998094751840667 -0.023702606891202495	-0.003699809475185188 -0.08899125878440009 -0.09149881144610737	0.02370260689120099 0.09149881144610604 -0.18597657575613893
-0.07125064477700709 -0.004306127294577765 -0.02475076468988519	-0.004306127294577514 -0.0827717927633469 -0.09131695846604704	0.02475076468988131 0.0913169584660452 -0.17971444495650185
-0.07359648039409399 -0.0018379584898737494 -0.023103777593624895	-0.001837958489874969 -0.08557625240726252 -0.09206236343781393	0.023103777593623937 0.09206236343781486 -0.18016071753380752
-0.07099216912727875 -0.0018622064085400832 -0.022977326684994845	-0.0018622064085404705 -0.08810266769676786 -0.09249679780179934	0.022977326684989884 0.09249679780179824 -0.17676332096941694
-0.07127702110852849 0.0008809834665789587 -0.02174488035791482	0.0008809834665794427 -0.08459747117342355 -0.09266700388191942	0.021744880357909745 0.092667003881918 -0.18093876069395612
-0.07463712746633322 0.00043051837175010765 -0.022300059787307154	0.0004305183717466781 -0.08739849005058489 -0.09317702254164267	0.022300059787305117 0.09317702254164092 -0.18562598265807104
-0.07723387257660624 -0.0006186721676925367 -0.021615089635812164	-0.0006186721676909443 -0.08852300000782694 -0.09067731001399744	0.021615089635809465 0.09067731001399788 -0.18902880712546397
-0.07870818453604117 -0.0022102741439791193 -0.02248369602206543	-0.0022102741439805314 -0.09050836898929608 -0.09283253273972222	0.022483696022066124 0.09283253273971885 -0.18927657863575129
-0.0776686530168692 -0.003965651492969407 -0.02452245450428637	-0.003965651492970015 -0.08455421148844142 -0.09152088399243748	0.024522454504284016 0.09152088399243288 -0.18054684037238383
-0.07099891943067854 -0.0033518888175237717 -0.02438806762770202	-0.0033518888175251386 -0.08572895453643124 -0.0926147438317262	0.02438806762769998 0.0926147438317242 -0.1787093116595929
-0.07447931510553715 -0.0029425102958123813 -0.02527078064460345	-0.002942510295815547 -0.08443193540533611 -0.09222505940374366	0.025270780644599068 0.09222505940374265 -0.17911938450913417
-0.07499532747671209 -0.0013465841078984827 -0.023293309545615322	-0.001346584107901276 -0.08842543794377879 -0.09410697739882674	0.02329330954561174 0.09410697739882735 -0.1789887080047936
-0.07364607357981531 -0.0014365143434227879 -0.02278978756662968	-0.0014365143434241917 -0.0875072281759749 -0.09410551859988281	0.02278978756662576 0.09410551859988404 -0.17543743493490974
-0.07925474835372831 -0.0010761195419227332 -0.022856424231069938	-0.001076119541920089 -0.08981483687201244 -0.09344243041794162	0.022856424231064678 0.093442430417941 -0.1821519501845503
-0.07583010594678677 -0.00321562721760597 -0.02376610622324843	-0.0032156272176062464 -0.08703989227251169 -0.09197347950410276	0.02376610622324804 0.09197347950409926 -0.18266342261793123
-0.07472629515767647 -0.0013810014461167657 -0.022509025100408475	-0.0013810014461165705 -0.08636068172706154 -0.09317821865118335	0.022509025100404832 0.09317821865118175 -0.18165731058393314
-0.06877136768507575 -0.0020248089650208765 -0.023654830066035762	-0.0020248089650159373 -0.08527457892564794 -0.09261033378956889	0.02365483006602849 0.09261033378956532 -0.17830556841572598
-0.06918018135324017 -0.001809706537285771 -0.022951759211051147	-0.0018097065372854309 -0.08211758298875549 -0.09152465479013576	0.022951759211049458 0.091524654790128 -0.17746663431091692
-0.06885416005328138 -0.002049869952323915 -0.022552616310203496	-0.0020498699523257575 -0.08509053048471672 -0.0934440892611656	0.02255261631020023 0.09344408926116182 -0.17678445913166443
-0.07410867327833018 -0.0007783193927007473 -0.022300185557353823	-0.0007783193927039683 -0.08525766234478319 -0.09388598404618277	0.022300185557349386 0.09388598404618184 -0.17794764525722218
-0.05865379581955028 0.002215019526241803 -0.021948005302903275	0.0022150195262398732 -0.08281192834155256 -0.09479023749193757	0.021948005302901464 0.09479023749193803 -0.17631327490439538
-0.0727071362890819 -0.0008287926736208224 -0.020831198883417817	-0.0008287926736236322 -0.08989738319595292 -0.09335125096552264	0.020831198883415968 0.09335125096552055 -0.18760450886096652
-0.07048807380633294 0.00001343301049799503 -0.021265389897484704	0.00001343301049981779 -0.08768742945289931 -0.09474849550185376	0.02126538989748318 0.09474849550185076 -0.18277793152364652
-0.06809964793794494 -0.0025424703557847487 -0.022154027083743248	-0.0025424703557855814 -0.08208421371807939 -0.09380588154539299	0.022154027083737173 0.09380588154538631 -0.172321962300509
-0.06072247294265178 -0.004921394385980048 -0.02265282745386968	-0.004921394385979974 -0.07556314407434808 -0.093291006308213	0.022652827453866965 0.09329100630820758 -0.17148427348697032
-0.07289958180504245 -0.003071129387924268 -0.02504557409318157	-0.003071129387926754 -0.08341768455116298 -0.092036695095809	0.02504557409318079 0.09203669509580673 -0.17754645556814885
-0.06861599882860342 -0.0021390582519428465 -0.024415581802894597	-0.002139058251942537 -0.08266002896127886 -0.09302154180083073	0.024415581802890503 0.09302154180082989 -0.17447455215036947
-0.07349496077481385 -0.0019451608600676283 -0.023894859406379126	-0.0019451608600685706 -0.0861181828357068 -0.0928903682121403	0.023894859406376076 0.09289036821213519 -0.17835958314801514
-0.07552693575529898 -0.0013136941359607988 -0.023841800344665418	-0.0013136941359590398 -0.08656330711780338 -0.09349237298319887	0.02384180034465755 0.09349237298319564 -0.17699836954741976
-0.0710930752654458 -0.001363270577183651 -0.022037215063254446	-0.0013632705771845994 -0.08529949876540296 -0.09303407336147838	0.022037215063249096 0.09303407336147954 -0.1787692604316988
-0.07531126698765611 -0.0008908619637355069 -0.022217186112761536	-0.0008908619637362884 -0.08845862559567591 -0.0930516459809489	0.022217186112756828 0.09305164598094776 -0.18482092957202695
-0.07384890895240456 0.0005369261310473436 -0.021894907768883486	0.0005369261310453487 -0.08704462646246308 -0.09373463481325575	0.02189490776887909 0.09373463481324877 -0.18366778792643254
-0.07186038215408251 0.00024358153522391433 -0.02358960162429543	0.00024358153521891572 -0.08487228116814419 -0.09261782773080729	0.023589601624294437 0.09261782773080335 -0.17899108466618732
-0.0715668827357199 -0.0016871163931658278 -0.023375812916810693	-0.0016871163931674689 -0.0858287266273695 -0.0925142428086352	0.023375812916806793 0.0925142428086326 -0.1820583333499688
-0.06570773913254464 0.0009112364318071059 -0.023211040807847087	0.0009112364318048715 -0.0827323228732913 -0.09269960313807643	0.023211040807844533 0.09269960313807472 -0.18141537538585972
-0.06358239145467214 -0.00078770255457653 -0.023236247712327546	-0.0007877025545796846 -0.08373837195868475 -0.09259781668816966	0.02323624771232389 0.0925978166881686 -0.17769480789855735
-0.08276230977599006 -0.006098143810145989 -0.023089209915198906	-0.006098143810146019 -0.09569854340641736 -0.09372881004277511	0.02308920991519647 0.09372881004277066 -0.18681440757019718
-0.07536950351727455 0.00008248174410808583 -0.021859625361673803	0.00008248174410608374 -0.08946111483589562 -0.09315851565240114	0.02185962536167368 0.0931585156523979 -0.195849756015597
-0.07443571389694167 0.0009015928166978887 -0.0208978382905978	0.0009015928166961015 -0.09053065946470666 -0.09537263117191834	0.020897838290594245 0.09537263117191006 -0.18778625484286338
-0.06691523364801776 -0.001215246701884734 -0.02156370467507629	-0.0012152467018860585 -0.08010229355771692 -0.09465710986184557	0.02156370467507427 0.09465710986184225 -0.17698317709430467
-0.0680627375845238 -0.005064829893341497 -0.022973335792812383	-0.005064829893341054 -0.07469494155987205 -0.0935237834217108	0.022973335792808174 0.09352378342170888 -0.1747180054774857
-0.06940716272863234 -0.0024866742167979506 -0.023103660626500377	-0.002486674216799531 -0.0836443297913208 -0.09304003606034907	0.023103660626493865 0.09304003606034737 -0.17815998598934885
-0.07875081716315288 -0.0013580147882308793 -0.023725822177294596	-0.001358014788235844 -0.09266625139041429 -0.09339005017821478	0.02372582217729404 0.09339005017821109 -0.18699555777097787
-0.07180052270431128 -0.0014052914518858034 -0.023117079786980754	-0.0014052914518863785 -0.08818985028312146 -0.0939273417088737	0.023117079786980254 0.09392734170887145 -0.17895901623464394
-0.07481142502494738 -0.00011579726831958915 -0.022087922232523864	-0.00011579726831943693 -0.08651872037794861 -0.09313391193514321	0.022087922232523975 0.0931339119351426 -0.18209849906098233
-0.08013150362207469 -0.002267522172828275 -0.02320831130687668	-0.002267522172831133 -0.08801626160396002 -0.09160333206224137	0.02320831130687089 0.09160333206224573 -0.18686174603187994
-0.07874917283972807 0.00017204974555805157 -0.021738655117388178	0.0001720497455573026 -0.08885469593306083 -0.09359668120059463	0.021738655117384674 0.09359668120059417 -0.1881336443767001
-0.07635544471409883 0.0002941511038538876 -0.02131524477601288	0.0002941511038519534 -0.0872633951071807 -0.09278289719625595	0.021315244776010933 0.0927828971962562 -0.18224874106008
-0.07475595823090618 -0.0010645497469042252 -0.021171425053615335	-0.0010645497469028314 -0.08783311972016859 -0.09356339650462005	0.02117142505361407 0.09356339650461847 -0.1834241431357274
-0.07331678369413502 -0.0008690944398152978 -0.022629452886945754	-0.0008690944398196121 -0.08693780770076605 -0.09326752987525162	0.022629452886947315 0.09326752987524979 -0.18434571407759925
-0.07422895711632546 -0.0029993861192719557 -0.022967450530539925	-0.002999386119273935 -0.08608000417885371 -0.0913729134635701	0.0229674505305415 0.09137291346357276 -0.18517347782578308
-0.11086350472694062 -0.012195134019979709 -0.028641293426595764	-0.012195134019982096 -0.10537789503760603 -0.09187977574444359	0.02864129342659226 0.09187977574444685 -0.19586342067446852
-0.09492597509902348 -0.0016713434928570803 -0.0212811191344398	-0.0016713434928571375 -0.10102745782961291 -0.08932531375441213	0.021281119134434253 0.0893253137544146 -0.24369375783136105
-0.10066726222501346 0.010786656951429219 -0.019270619178318783	0.010786656951429944 -0.12643608779443227 -0.09628981597938369	0.019270619178312232 0.09628981597938242 -0.21639828684571005
-0.08663157391530729 0.004863061170298597 -0.01984139905272828	0.004863061170296772 -0.09760400835941858 -0.0940801054171007	0.01984139905272815 0.0940801054171004 -0.20070024160370822
-0.073685408673519 -0.0005755688140654199 -0.021206218200297396	-0.0005755688140678498 -0.08373570554536564 -0.09389874029738081	0.02120621820029562 0.09389874029737859 -0.17769474032467053
-0.07101466257449221 -0.0015548705981532993 -0.02094269258988858	-0.0015548705981518873 -0.08325621913071685 -0.09375548132583635	0.02094269258988493 0.09375548132583363 -0.1763622129313501
-0.07680750191866603 -0.0025732249226052906 -0.023872344872859545	-0.0025732249226081117 -0.08672672811884254 -0.09209267903254997	0.023872344872859587 0.0920926790325497 -0.18271024925927884
-0.07443525196069059 -0.0026236461831361333 -0.023682858540524848	-0.0026236461831361615 -0.08560980930137344 -0.09217562916316964	0.023682858540523773 0.09217562916316645 -0.18095036624448643
-0.07979362712113838 -0.0026105843131228883 -0.024724259260608138	-0.002610584313122958 -0.08741240712521817 -0.09138108199918557	0.02472425926060589 0.09138108199918794 -0.18264870192803262
-0.0836814362304874 -0.003926369518647945 -0.025313920889457373	-0.003926369518647618 -0.08827726095079441 -0.09009636066074928	0.02531392088945139 0.09009636066075125 -0.18800535033406865
-0.07904148904214409 -0.0015671374475864407 -0.022820674582203614	-0.0015671374475849124 -0.0876495685321336 -0.09190454020447639	0.02282067458219633 0.09190454020447265 -0.18996817948016967
-0.07697416238325266 -0.0011174603128754263 -0.02260323356892539	-0.00111746031288081 -0.08592457205608153 -0.09175222536877983	0.022603233568921417 0.09175222536877449 -0.18086924155531672
-0.07829915477270852 -0.0007989338605777652 -0.02075358479514181	-0.0007989338605789605 -0.08951178520187351 -0.09412349203301021	0.020753584795135664 0.0941234920330068 -0.18834872837065483
-0.07624718007997908 -0.00022256593925792847 -0.020257694764911925	-0.0002225659392583049 -0.08839514718465441 -0.0947330932635444	0.02025769476490797 0.09473309326354219 -0.187118200431847
-0.07957697632269807 -0.0005658990513064182 -0.022231437862953535	-0.0005658990513061251 -0.09152212654391459 -0.09138798693646182	0.022231437862951467 0.09138798693646251 -0.20256857182898796
-0.09275550130291643 -0.0025930318049651167 -0.02096648809846893	-0.002593031804967466 -0.10441383192987727 -0.09078866647665625	0.02096648809845921 0.09078866647665339 -0.24079282022553175
-0.0871004504359412 -0.0018780788033729771 -0.03766791893808407	-0.0018780788033745891 -0.08008743110906207 -0.08527597778057212	0.037667918938066806 0.08527597778056344 -0.18223094478042318
-0.09275550130291664 -0.002593031804965249 -0.020966488098469002	-0.002593031804967399 -0.10441383192987717 -0.09078866647665622	0.020966488098459142 0.0907886664766534 -0.2407928202255317
-0.07957697632269814 -0.0005658990513063597 -0.02223143786295348	-0.0005658990513060765 -0.09152212654391473 -0.09138798693646188	0.022231437862951446 0.0913879869364625 -0.2025685718289881
-0.0762471800799791 -0.0002225659392578825 -0.020257694764912123	-0.0002225659392582971 -0.08839514718465442 -0.09473309326354452	0.02025769476490801 0.09473309326354222 -0.18711820043184701
-0.07829915477270857 -0.000798933860577943 -0.020753584795141795	-0.0007989338605788911 -0.08951178520187349 -0.09412349203301013	0.020753584795135782 0.09412349203300677 -0.18834872837065492
-0.07697416238325253 -0.001117460312875514 -0.02260323356892535	-0.001117460312880967 -0.08592457205608148 -0.0917522253687799	0.022603233568921466 0.09175222536877448 -0.18086924155531664
-0.07904148904214395 -0.001567137447586446 -0.022820674582203444	-0.001567137447584781 -0.08764956853213383 -0.09190454020447636	0.02282067458219634 0.09190454020447264 -0.18996817948016964
-0.0836814362304874 -0.0039263695186479534 -0.025313920889457445	-0.003926369518647727 -0.08827726095079419 -0.0900963606607495	0.025313920889451495 0.09009636066075125 -0.18800535033406873
-0.07979362712113844 -0.002610584313122759 -0.024724259260608124	-0.002610584313123039 -0.08741240712521815 -0.09138108199918558	0.024724259260605848 0.09138108199918799 -0.18264870192803284
-0.07443525196069053 -0.0026236461831361836 -0.023682858540524574	-0.0026236461831361823 -0.08560980930137355 -0.09217562916316974	0.023682858540523936 0.09217562916316652 -0.18095036624448663
-0.07680750191866609 -0.002573224922605268 -0.02387234487285959	-0.0025732249226079517 -0.08672672811884247 -0.09209267903254989	0.02387234487285965 0.09209267903254967 -0.18271024925927892
-0.0710146625744923 -0.0015548705981534546 -0.020942692589888547	-0.0015548705981519536 -0.08325621913071686 -0.0937554813258364	0.02094269258988482 0.09375548132583378 -0.1763622129313503
-0.07368540867351908 -0.0005755688140654577 -0.02120621820029736	-0.0005755688140679127 -0.08373570554536569 -0.09389874029738093	0.02120621820029564 0.0938987402973788 -0.17769474032467059
-0.08663157391530721 0.0048630611702986 -0.019841399052728203	0.004863061170296785 -0.09760400835941876 -0.09408010541710081	0.019841399052728095 0.09408010541710038 -0.20070024160370825
-0.10066726222501338 0.01078665695142918 -0.01927061917831885	0.010786656951430046 -0.12643608779443227 -0.0962898159793838	0.019270619178312187 0.09628981597938244 -0.21639828684570997
-0.09492597509902337 -0.0016713434928571566 -0.02128111913443978	-0.0016713434928571393 -0.1010274578296127 -0.08932531375441219	0.021281119134434198 0.08932531375441473 -0.24369375783136107
-0.1108635047269405 -0.01219513401997975 -0.028641293426595923	-0.012195134019982172 -0.10537789503760611 -0.09187977574444357	0.02864129342659215 0.09187977574444689 -0.19586342067446844
-0.07422895711632546 -0.002999386119271971 -0.022967450530539897	-0.0029993861192737616 -0.08608000417885378 -0.09137291346357007	0.022967450530541583 0.09137291346357275 -0.18517347782578295
-0.07331678369413502 -0.0008690944398153386 -0.022629452886945782	-0.0008690944398196771 -0.0869378077007659 -0.09326752987525144	0.022629452886947253 0.09326752987524982 -0.1843457140775992
-0.07475595823090622 -0.0010645497469040583 -0.021171425053615342	-0.0010645497469028995 -0.08783311972016859 -0.09356339650462023	0.021171425053613965 0.0935633965046185 -0.18342414313572744
-0.07635544471409898 0.00029415110385387156 -0.021315244776012987	0.000294151103852031 -0.08726339510718084 -0.09278289719625599	0.02131524477601083 0.09278289719625622 -0.1822487410600799
-0.07874917283972821 0.00017204974555790281 -0.02173865511738814	0.00017204974555732428 -0.08885469593306086 -0.09359668120059467	0.021738655117384702 0.09359668120059397 -0.1881336443767
-0.08013150362207477 -0.002267522172828304 -0.023208311306876634	-0.002267522172831267 -0.0880162616039601 -0.0916033320622413	0.023208311306870844 0.09160333206224579 -0.18686174603188027
-0.07481142502494721 -0.0001157972683195176 -0.022087922232523906	-0.0001157972683193168 -0.08651872037794847 -0.09313391193514323	0.02208792223252396 0.09313391193514245 -0.18209849906098213
-0.07180052270431123 -0.0014052914518859119 -0.023117079786980643	-0.001405291451886394 -0.0881898502831214 -0.09392734170887364	0.023117079786980247 0.0939273417088715 -0.17895901623464378
-0.07875081716315285 -0.001358014788230734 -0.02372582217729466	-0.0013580147882358094 -0.0926662513904142 -0.09339005017821463	0.023725822177294104 0.09339005017821106 -0.18699555777097765
-0.06940716272863243 -0.002486674216797943 -0.023103660626500405	-0.0024866742167995864 -0.08364432979132067 -0.09304003606034912	0.023103660626493792 0.09304003606034736 -0.17815998598934923
-0.06806273758452383 -0.005064829893341427 -0.02297333579281227	-0.005064829893341076 -0.07469494155987208 -0.09352378342171062	0.02297333579280821 0.09352378342170879 -0.17471800547748587
-0.06691523364801776 -0.0012152467018846785 -0.021563704675076335	-0.0012152467018860446 -0.08010229355771692 -0.09465710986184547	0.021563704675074173 0.09465710986184214 -0.1769831770943046
-0.07443571389694172 0.0009015928166978076 -0.02089783829059772	0.0009015928166961657 -0.09053065946470673 -0.09537263117191834	0.020897838290594266 0.09537263117191001 -0.1877862548428632
-0.07536950351727459 0.00008248174410826169 -0.02185962536167388	0.0000824817441061488 -0.0894611148358958 -0.09315851565240099	0.02185962536167354 0.09315851565239797 -0.1958497560155969
-0.08276230977598986 -0.006098143810145955 -0.023089209915198795	-0.006098143810145859 -0.0956985434064177 -0.09372881004277504	0.02308920991519623 0.09372881004277071 -0.1868144075701973
-0.06358239145467201 -0.000787702554576596 -0.023236247712327546	-0.0007877025545796812 -0.08373837195868453 -0.09259781668816947	0.023236247712323764 0.09259781668816844 -0.17769480789855754
-0.06570773913254459 0.000911236431807157 -0.023211040807847104	0.0009112364318048295 -0.08273232287329103 -0.09269960313807654	0.023211040807844488 0.09269960313807472 -0.18141537538585986
-0.0715668827357198 -0.0016871163931659024 -0.02337581291681068	-0.0016871163931675508 -0.08582872662736953 -0.0925142428086352	0.023375812916806793 0.09251424280863275 -0.18205833334996863
-0.07186038215408239 0.0002435815352238935 -0.02358960162429551	0.00024358153521893307 -0.08487228116814408 -0.09261782773080753	0.023589601624294493 0.09261782773080318 -0.17899108466618696
-0.07384890895240466 0.0005369261310475362 -0.02189490776888349	0.0005369261310454324 -0.08704462646246303 -0.0937346348132557	0.02189490776887912 0.09373463481324865 -0.1836677879264323
-0.07531126698765615 -0.0008908619637355607 -0.022217186112761484	-0.0008908619637361869 -0.08845862559567605 -0.09305164598094877	0.022217186112756918 0.09305164598094769 -0.18482092957202664
-0.07109307526544577 -0.0013632705771835629 -0.02203721506325438	-0.0013632705771845096 -0.08529949876540278 -0.09303407336147829	0.02203721506324921 0.09303407336147934 -0.178769260431699
-0.07552693575529879 -0.0013136941359608374 -0.023841800344665383	-0.0013136941359589453 -0.08656330711780327 -0.09349237298319879	0.02384180034465755 0.09349237298319564 -0.17699836954741963
-0.07349496077481368 -0.001945160860067656 -0.023894859406379084	-0.0019451608600686444 -0.08611818283570685 -0.09289036821214039	0.023894859406376086 0.09289036821213519 -0.1783595831480148
-0.06861599882860339 -0.002139058251942909 -0.02441558180289461	-0.0021390582519426023 -0.08266002896127891 -0.09302154180083075	0.024415581802890544 0.09302154180083001 -0.1744745521503693
-0.07289958180504251 -0.0030711293879242627 -0.02504557409318161	-0.003071129387926602 -0.0834176845511628 -0.09203669509580899	0.02504557409318066 0.09203669509580671 -0.177546455568149
-0.06072247294265147 -0.00492139438597982 -0.022652827453869453	-0.004921394385980042 -0.07556314407434812 -0.09329100630821305	0.02265282745386698 0.09329100630820746 -0.17148427348697054
-0.06809964793794493 -0.0025424703557848285 -0.022154027083743144	-0.0025424703557855987 -0.08208421371807943 -0.09380588154539289	0.022154027083737197 0.09380588154538626 -0.1723219623005091
-0.0704880738063328 0.00001343301049785365 -0.02126538989748458	0.000013433010499806948 -0.0876874294528992 -0.09474849550185371	0.02126538989748316 0.09474849550185074 -0.18277793152364671
-0.07270713628908189 -0.0008287926736209399 -0.020831198883417792	-0.0008287926736235511 -0.08989738319595292 -0.09335125096552258	0.020831198883416023 0.09335125096552055 -0.18760450886096666
-0.058653795819550436 0.0022150195262417836 -0.021948005302903112	0.002215019526239723 -0.08281192834155265 -0.09479023749193745	0.02194800530290135 0.09479023749193806 -0.17631327490439577
-0.07410867327833001 -0.0007783193927006732 -0.022300185557353726	-0.0007783193927038638 -0.08525766234478319 -0.09388598404618269	0.022300185557349337 0.09388598404618179 -0.17794764525722218
-0.06885416005328131 -0.002049869952323859 -0.022552616310203527	-0.0020498699523258256 -0.08509053048471668 -0.09344408926116564	0.02255261631020017 0.09344408926116175 -0.17678445913166432
-0.06918018135324007 -0.0018097065372857171 -0.022951759211051095	-0.0018097065372854994 -0.08211758298875542 -0.09152465479013588	0.022951759211049527 0.09152465479012792 -0.17746663431091697
-0.0687713676850757 -0.002024808965020871 -0.023654830066035748	-0.0020248089650160344 -0.08527457892564796 -0.09261033378956886	0.02365483006602865 0.09261033378956539 -0.1783055684157258
-0.07472629515767631 -0.001381001446116908 -0.022509025100408378	-0.0013810014461165376 -0.08636068172706152 -0.09317821865118332	0.022509025100404846 0.09317821865118175 -0.1816573105839331
-0.07583010594678675 -0.003215627217606037 -0.023766106223248512	-0.0032156272176062876 -0.0870398922725117 -0.09197347950410276	0.02376610622324804 0.09197347950409912 -0.18266342261793145
-0.07925474835372819 -0.0010761195419227432 -0.02285642423107005	-0.0010761195419200773 -0.08981483687201239 -0.09344243041794151	0.022856424231064716 0.093442430417941 -0.18215195018455035
-0.07364607357981529 -0.0014365143434228195 -0.02278978756662984	-0.0014365143434242498 -0.0875072281759749 -0.09410551859988293	0.0227897875666259 0.09410551859988395 -0.1754374349349095
-0.07499532747671211 -0.0013465841078985643 -0.023293309545615447	-0.0013465841079013914 -0.0884254379437788 -0.0941069773988268	0.023293309545611693 0.09410697739882734 -0.17898870800479333
-0.07447931510553722 -0.0029425102958123765 -0.025270780644603398	-0.002942510295815602 -0.08443193540533617 -0.09222505940374373	0.025270780644599082 0.09222505940374259 -0.17911938450913417
-0.07099891943067857 -0.003351888817523698 -0.024388067627701945	-0.003351888817525091 -0.0857289545364311 -0.0926147438317262	0.024388067627699652 0.09261474383172438 -0.1787093116595928
-0.0776686530168691 -0.003965651492969498 -0.024522454504286098	-0.0039656514929699085 -0.08455421148844156 -0.09152088399243741	0.024522454504283895 0.09152088399243298 -0.18054684037238408
-0.07870818453604117 -0.002210274143979238 -0.022483696022065486	-0.0022102741439806303 -0.09050836898929596 -0.09283253273972222	0.022483696022066145 0.09283253273971884 -0.1892765786357513
-0.07723387257660624 -0.0006186721676925753 -0.021615089635812157	-0.0006186721676909421 -0.08852300000782701 -0.09067731001399748	0.021615089635809458 0.09067731001399794 -0.18902880712546388
-0.07463712746633319 0.0004305183717500439 -0.02230005978730719	0.0004305183717467527 -0.08739849005058481 -0.09317702254164273	0.02230005978730515 0.09317702254164092 -0.1856259826580708
-0.07127702110852857 0.0008809834665789154 -0.021744880357914755	0.0008809834665794119 -0.08459747117342366 -0.09266700388191927	0.021744880357909717 0.09266700388191804 -0.18093876069395615
-0.07099216912727879 -0.0018622064085400654 -0.02297732668499485	-0.0018622064085403638 -0.08810266769676804 -0.09249679780179948	0.022977326684989762 0.09249679780179833 -0.17676332096941688
-0.07359648039409407 -0.001837958489873671 -0.023103777593624947	-0.0018379584898749876 -0.08557625240726265 -0.09206236343781381	0.02310377759362406 0.09206236343781503 -0.1801607175338073
-0.07125064477700718 -0.004306127294577666 -0.024750764689885164	-0.004306127294577333 -0.0827717927633469 -0.09131695846604701	0.024750764689881334 0.09131695846604529 -0.17971444495650177
-0.08129666866842354 -0.0036998094751841365 -0.02370260689120273	-0.003699809475185227 -0.08899125878440015 -0.09149881144610732	0.02370260689120104 0.09149881144610607 -0.18597657575613868
-0.0770652549565225 -0.00397059850109938 -0.025165577298461396	-0.003970598501099725 -0.0877929113839242 -0.09042156187659883	0.025165577298459287 0.090421561876597 -0.18454617920060679
-0.0818573256717576 -0.0019931566568537106 -0.02351377265754459	-0.001993156656853496 -0.09045688771615296 -0.09180608801943996	0.02351377265754369 0.09180608801943398 -0.18876440660496177
-0.07323548166671529 -0.0018055468322055617 -0.022902798948970425	-0.0018055468322041323 -0.08976636068407348 -0.09360000441906491	0.022902798948972063 0.09360000441906324 -0.178692103254855
-0.07691985891446451 -0.0015561280812761051 -0.02318814400612888	-0.0015561280812773273 -0.0898389888156571 -0.09404674027859684	0.023188144006123148 0.09404674027859242 -0.1776905493537374
-0.07677248348521876 -0.0010831293666040851 -0.02359084687717128	-0.0010831293666023617 -0.0883142941607625 -0.09308422080655776	0.023590846877165624 0.09308422080655512 -0.17780882323574185
-0.07846569676259804 -0.0022368762215135038 -0.02407245190802955	-0.002236876221516021 -0.09112016219903955 -0.09328695055526226	0.0240724519080283 0.09328695055525707 -0.18395242304991458
-0.08368600805019832 -0.0035905505965361894 -0.025092583209271914	-0.0035905505965394885 -0.08943063204089235 -0.09101996262524063	0.025092583209269118 0.09101996262523346 -0.18921893038984935
-0.07944924406504283 -0.003031244801357317 -0.024392611617206048	-0.0030312448013573995 -0.08856882834486958 -0.09171063403060453	0.02439261161720696 0.091710634030599 -0.18043859220869907
-0.07846371752400796 -0.0023856996556043484 -0.023756539751930067	-0.0023856996556073425 -0.08543010579844997 -0.09034886873323415	0.0237565397519249 0.09034886873323254 -0.18161695379645804
-0.07927579628086678 -0.001244069107202152 -0.023851514109745394	-0.001244069107205596 -0.08779966759160307 -0.0925595770202577	0.023851514109745342 0.09255957702025705 -0.181176321046845
-0.07268467661485381 -0.0011476355010658947 -0.021910821815109643	-0.0011476355010665122 -0.08367697765947549 -0.09190066128234196	0.02191082181511084 0.09190066128234077 -0.18031875397234878
-0.07476418569690027 -0.0008894937439730289 -0.021605721431812518	-0.0008894937439724651 -0.08791101991235359 -0.09277004742669387	0.021605721431809652 0.09277004742669122 -0.18253387638698754
-0.08176794517378089 -0.0013266146643376073 -0.021919114545983873	-0.0013266146643322514 -0.09162526328271772 -0.0930042130736949	0.021919114545980802 0.09300421307368742 -0.18716321929631347
-0.07945571422943759 -0.0035011313573202448 -0.024524989806811327	-0.00350113135732048 -0.08807679791713063 -0.09120965775043043	0.02452498980681131 0.09120965775042346 -0.18504402218941451
-0.08641021602707441 -0.003544312648971003 -0.024060423389981753	-0.0035443126489723004 -0.09247784000826578 -0.09108771926348172	0.0240604233899802 0.09108771926347899 -0.19125648943038293
-0.072336354593204 -0.002281197055366957 -0.023983581369781584	-0.0022811970553621498 -0.08715222686652183 -0.0916400834871731	0.023983581369780058 0.09164008348716948 -0.182928481402468
-0.07633695596914394 -0.00204162204090484 -0.02341030120585186	-0.0020416220409023387 -0.08839173530542704 -0.0917859850635386	0.02341030120584979 0.09178598506353373 -0.18737395075932362
-0.0705099719071357 -0.002945647654063221 -0.02336946444416712	-0.002945647654057928 -0.08739393666852041 -0.09297035128333657	0.023369464444162574 0.09297035128333532 -0.1783460575557464
-0.07661382992076501 -0.0017078741306570996 -0.022968962022376405	-0.001707874130654925 -0.08968577359396541 -0.09370499655590767	0.022968962022370525 0.09370499655590639 -0.1810656073049956
-0.07571971401884395 -0.0011504456816110696 -0.022882310743800628	-0.0011504456816066877 -0.08721610548524981 -0.09357002271636505	0.02288231074379546 0.09357002271636056 -0.17782532223597017
-0.07773424308798448 -0.0013663510125553535 -0.022707057872794832	-0.0013663510125552598 -0.08926674938129184 -0.09326448219382909	0.022707057872793396 0.09326448219382812 -0.183732815017635
-0.0802013574487554 -0.0020714514542796484 -0.02245547625101238	-0.002071451454279482 -0.08938113382176513 -0.09226883839701565	0.022455476251010312 0.09226883839701538 -0.18838508135196808
-0.07824810296957763 -0.002139611798980154 -0.02309528790936604	-0.002139611798978672 -0.08916076793947669 -0.09170502064860954	0.023095287909363306 0.09170502064860903 -0.19087847973189653
-0.07557869842448457 -0.001160669847981295 -0.02366084626563026	-0.0011606698479786643 -0.08616028899683623 -0.09185454342306348	0.023660846265623647 0.09185454342305785 -0.18263412265718315
-0.07647204052223719 -0.0016779865813776147 -0.023911074857390996	-0.001677986581373938 -0.08663131781854091 -0.09224018689844626	0.023911074857388474 0.09224018689844461 -0.1834485017534819
-0.07076792357029513 -0.0017994661979179663 -0.022913359894370513	-0.0017994661979151287 -0.08676283099716356 -0.09256772669527716	0.02291335989436678 0.09256772669527474 -0.17997483680823367
-0.07613052953349382 -0.0017403283872194268 -0.02200908370053533	-0.0017403283872168343 -0.08740887552614862 -0.09275702521950552	0.022009083700528457 0.09275702521950371 -0.18377043431101625
-0.07955315880531638 -0.0005753041558892009 -0.021242269757868026	-0.0005753041558849282 -0.09097781222869461 -0.09334475463396356	0.021242269757865622 0.0933447546339633 -0.18740343685304678
-0.0777680522117368 -0.0013520367216268772 -0.02305894558731478	-0.0013520367216240882 -0.08790558319746068 -0.09343491374691743	0.023058945587310524 0.09343491374691489 -0.18452059188830838
-0.08177043376288952 -0.001840122706777202 -0.02255415867995886	-0.0018401227067726049 -0.09121412685042209 -0.09251222731362115	0.022554158679953723 0.09251222731362121 -0.18764810760109274
-0.06572969870528467 0.0005211004462694227 -0.02190254886448019	0.0005211004462666563 -0.08523339300860495 -0.09354569179509792	0.021902548864481237 0.09354569179509677 -0.1799604896726218
-0.07231806145941513 -0.0014263951025491883 -0.022487575612131508	-0.0014263951025457904 -0.08760830115507184 -0.09313089711686642	0.022487575612127293 0.09313089711685847 -0.18215871638028946
-0.0693134290538092 -0.0030228647580061332 -0.023082133162545277	-0.0030228647580047255 -0.08711889863920588 -0.09275450352940841	0.02308213316254528 0.0927545035294035 -0.17930071635465705
-0.07725854320753005 -0.0028343143173044567 -0.023469925629949602	-0.0028343143173064247 -0.089219725470167 -0.09306637961205799	0.023469925629942993 0.09306637961205542 -0.1831507278114744
-0.06921884766548339 -0.0015248999329319233 -0.022286837473700177	-0.0015248999329285579 -0.08638385730818826 -0.09425299625265268	0.022286837473695205 0.09425299625265134 -0.17594959417845218
-0.0739468188873244 -0.0004515355549942479 -0.021880268186386446	-0.0004515355549949869 -0.085964885895351 -0.09345386933571678	0.02188026818638513 0.0934538693357127 -0.18223378791735176
-0.07189128985905616 0.00015050944334542293 -0.022066440408946526	0.0001505094433440191 -0.08691302913230511 -0.09369798675301921	0.022066440408944225 0.09369798675301792 -0.17943938574218754
-0.07172423254652945 -0.00035980879136009343 -0.021463187488669454	-0.00035980879136085974 -0.08825619338110936 -0.09319334162230959	0.02146318748867054 0.09319334162230603 -0.1822238139868942
-0.07028148842746659 -0.000906800372340429 -0.021984802256041987	-0.0009068003723410024 -0.08495914441294428 -0.09296066076717802	0.02198480225603499 0.09296066076717695 -0.18094122090323278
-0.07273709458408797 -0.0013214517001896298 -0.022784419410425555	-0.0013214517001947706 -0.08640319290342763 -0.0929306550062924	0.02278441941042521 0.09293065500629269 -0.18394053478362793
-0.06746707288460525 -0.0019948163162270315 -0.02271281283592096	-0.001994816316224865 -0.08356595640144573 -0.09323188052592324	0.022712812835919055 0.09323188052592155 -0.1773477499342157
-0.07564995718292594 -0.0028486834678364253 -0.022931024534662923	-0.002848683467837394 -0.08732726214011592 -0.09255022543714878	0.02293102453465725 0.09255022543714647 -0.18221230214002712
-0.07327122050009638 -0.0014604527902373036 -0.021704406418067423	-0.0014604527902353772 -0.08916885938013748 -0.09302847446646197	0.02170440641806521 0.09302847446645839 -0.18321181548603996
-0.07223542681634525 -0.000749378986965199 -0.022020362226936693	-0.0007493789869654189 -0.08707985041615188 -0.0938923971725945	0.02202036222693307 0.09389239717258718 -0.18196574244623887
-0.0704024798720009 0.00007846393661558107 -0.020621588355115995	0.00007846393661662277 -0.08707817954581967 -0.09460415118667291	0.020621588355113324 0.09460415118667112 -0.18234030692982592
