0.07989041528721008 0.0005593177776404739 0.0950606521933734	0.000559317777639669 0.0746471759184905 -0.012104434226030848	-0.09506065219337119 0.01210443422602428 0.19771671629522503
0.08267968796179795 -0.002030028756067093 0.09556003665975346	-0.0020300287560632187 0.07711492860616538 -0.012276825016501958	-0.09556003665975289 0.01227682501650039 0.19903645666666586
0.08284063065899354 -0.0020298002322818886 0.09525366149442205	-0.0020298002322823275 0.0793541850116934 -0.011961458268207478	-0.0952536614944201 0.011961458268203579 0.2004858081182534
0.09036368049372115 -0.0027830395843931512 0.09551938151742922	-0.0027830395843907157 0.08200960727818504 -0.011768244406312908	-0.09551938151743118 0.01176824440631212 0.20533616209053365
0.08779757913534567 -0.001839368197064246 0.09750410804601546	-0.001839368197065748 0.07907905639862794 -0.012138295569298498	-0.0975041080460137 0.012138295569293214 0.20140835439939136
0.08669551990447293 -0.0028289724084035297 0.09572850914424985	-0.002828972408402567 0.07775615536170712 -0.012432216387397041	-0.0957285091442445 0.012432216387390869 0.2018209951455108
0.08732014034704838 -0.00197015938923393 0.09598740107662113	-0.0019701593892303706 0.07855731573582433 -0.011841886306784868	-0.09598740107662136 0.011841886306782037 0.2005252015087022
0.08793564873633619 -0.0005746415884866985 0.09620087408929989	-0.0005746415884856021 0.08135271717618689 -0.011280224002226391	-0.09620087408929731 0.011280224002222453 0.20448843660360924
0.083129050900768 -0.002188191410806532 0.09544068309162086	-0.002188191410805094 0.07772594050225157 -0.011676606096037406	-0.09544068309162104 0.011676606096032615 0.19990726897229744
0.08447210446398937 -0.0029144428753166427 0.09535064469897846	-0.0029144428753192673 0.07758213616673376 -0.011779917560253882	-0.09535064469897489 0.011779917560250333 0.19866202824688045
0.08506319102334693 -0.003010801447340119 0.09750515907195187	-0.003010801447341132 0.0769005491640424 -0.012017548937942019	-0.09750515907194965 0.012017548937938785 0.19574361903897597
0.09210252534674779 -0.0029092865016669116 0.09502678247448769	-0.0029092865016642514 0.08312309062001957 -0.01194997540720355	-0.09502678247448638 0.011949975407200442 0.20563054574354578
0.088781644021433 -0.0018546615811726886 0.09651730629627862	-0.0018546615811728534 0.08083154669384734 -0.012060433225204108	-0.09651730629627536 0.012060433225199708 0.20454796583360307
0.08712992612685319 -0.0020532927070901156 0.09516801420481556	-0.0020532927070889767 0.08132974024118123 -0.011487650737418913	-0.0951680142048156 0.01148765073741486 0.20452472199327315
0.08325876152356149 -0.0013271633615527753 0.09610886005145743	-0.001327163361550305 0.07790929373842706 -0.012477025695564442	-0.09610886005145378 0.01247702569555794 0.2007931895301054
0.08538544469279816 -0.0029390109183828404 0.09276407571623552	-0.002939010918378315 0.08009862600424941 -0.012189930756955916	-0.09276407571623471 0.012189930756953835 0.2033433975180543
0.08216857969054187 -0.004394791208264985 0.09349226795227736	-0.004394791208258171 0.07579950500971055 -0.013409459580814083	-0.09349226795227944 0.013409459580813871 0.19810107406342278
0.08149525781989535 -0.001681490878372535 0.09444526517659738	-0.001681490878369346 0.07745211288648403 -0.011983218311605526	-0.0944452651765965 0.011983218311600971 0.19624762000099816
0.08900201592792659 -0.0022722716015854396 0.09590499652296383	-0.0022722716015804827 0.08156835751735234 -0.012155678842088739	-0.09590499652296712 0.012155678842086848 0.20223066904881673
0.090490894324458 -0.0030077256691100574 0.09611974676965326	-0.003007725669107136 0.08153140056125677 -0.012216473932964208	-0.09611974676965258 0.012216473932958848 0.2047337023528088
0.09184953029835975 -0.00318289748327641 0.09497889609949653	-0.003182897483274949 0.08269509015553726 -0.012471033717140811	-0.09497889609949445 0.01247103371713635 0.20835987155626196
0.09175958022114211 -0.004133281773417383 0.09469077202275246	-0.0041332817734129465 0.08316706783081032 -0.012591395133331275	-0.09469077202275558 0.012591395133329693 0.20837475435033304
0.09299497720187261 -0.003945029123860315 0.09465905624058456	-0.003945029123855864 0.08341931650085697 -0.012262634788345505	-0.09465905624058553 0.012262634788342303 0.21193609498229066
0.08756087961157989 -0.004276086889832831 0.09360401433941634	-0.004276086889830349 0.07900639590898968 -0.012435890329147842	-0.09360401433942148 0.012435890329151024 0.20309567286513344
0.08792421714655342 -0.00395990955320251 0.09538806690581213	-0.003959909553200509 0.0787758610939536 -0.012150899266354015	-0.09538806690581178 0.01215089926635168 0.19963674104500356
0.08727423018185682 -0.00264611272064654 0.0963950715488782	-0.0026461127206449772 0.07880238120879397 -0.011520933961934928	-0.09639507154888062 0.011520933961930359 0.19639534180431445
0.08980148207453438 -0.00331041585320244 0.09525549489111974	-0.0033104158531970943 0.08255721310126955 -0.012092547434015	-0.0952554948911216 0.012092547434011246 0.20378789544946319
0.0933372034972562 -0.0027172097520207117 0.0974741173362827	-0.002717209752017632 0.08187396039355119 -0.012079237333417984	-0.09747411733628232 0.01207923733341213 0.2030066053201283
0.09119517261299968 -0.003354385450325445 0.09362335234810151	-0.003354385450319653 0.08423071716477723 -0.011459254949698877	-0.09362335234810253 0.01145925494969537 0.20694213142368836
0.09119851569239505 -0.0037816093746990643 0.0944901723537934	-0.0037816093746969475 0.08255746566531444 -0.012742594344854176	-0.09449017235379864 0.012742594344849745 0.2073792110886649
0.08990634693330099 -0.005525376385107269 0.09101613719471519	-0.005525376385110463 0.08397592203687679 -0.012561542568042556	-0.09101613719471457 0.012561542568039163 0.2075678422642739
0.0895914116476358 -0.005452230776418663 0.09359124641219017	-0.005452230776415479 0.07987589126663333 -0.014465258975859287	-0.09359124641218418 0.014465258975856331 0.20520511221088472
0.08760318276578845 -0.001308450568863685 0.09495146701168558	-0.0013084505688628033 0.08029662290497588 -0.0123075467348434	-0.09495146701167899 0.012307546734838054 0.20209967309651405
0.08798857733823823 -0.0021112024430800973 0.09617147704337982	-0.0021112024430783288 0.08001958400593834 -0.011846648289519021	-0.09617147704337808 0.011846648289513713 0.20068891779398831
0.0872935670722649 -0.002697370536637104 0.09471752513797177	-0.00269737053663849 0.07995319826093819 -0.012920954296472803	-0.09471752513796988 0.012920954296469153 0.2015940388843979
0.09185467603595329 -0.0027956673420449067 0.09483312774363932	-0.0027956673420489113 0.08267361572077854 -0.011720744408133817	-0.09483312774363556 0.011720744408130257 0.20502373818575326
0.09039395674562828 -0.006127297701020269 0.09282446166038669	-0.006127297701021054 0.08291970485040064 -0.013564008013463774	-0.09282446166038595 0.013564008013464381 0.20877422797580947
0.09183036318103482 -0.0045927801488874955 0.09427383502341828	-0.0045927801488907915 0.08276155453895771 -0.012484920794774805	-0.09427383502341449 0.01248492079476973 0.2030946162815831
0.08751300747084123 -0.006754933027438174 0.09270239366384471	-0.006754933027440336 0.07915780997476433 -0.01404958080691976	-0.09270239366384231 0.014049580806918548 0.2022945192204602
0.09248615587187956 -0.004367693769452223 0.0962604888035138	-0.00436769376945642 0.07808312379320369 -0.011504953347308548	-0.09626048880350922 0.01150495334730206 0.19575536791028803
0.08824869681638484 -0.004501790644844754 0.09639728998638765	-0.004501790644844289 0.07765456125627927 -0.013099303345756166	-0.09639728998638243 0.013099303345749703 0.1986981447539366
0.08936959819302885 -0.0028414048734043997 0.09674431659270818	-0.0028414048734042513 0.08027995420034836 -0.012063197584414712	-0.09674431659270957 0.012063197584408651 0.19805153185742438
0.09219508616796018 -0.0039172280288832795 0.09723737874843019	-0.003917228028882018 0.08109986536430766 -0.011860010147433007	-0.09723737874842667 0.011860010147431307 0.19759387026695682
0.0888417791308014 -0.005293329763782579 0.09232575388698726	-0.005293329763782154 0.08327767784316098 -0.01247607640962374	-0.09232575388698372 0.012476076409622033 0.20570953144167448
0.09494335982605187 -0.005313580168701859 0.09405094649165079	-0.005313580168701665 0.08463270010952892 -0.013194598083039619	-0.09405094649164973 0.013194598083035691 0.21052301443508376
0.09012986481176387 -0.004897885119668062 0.09286598432093196	-0.00489788511966645 0.08034395185371768 -0.012424760006485853	-0.09286598432093114 0.012424760006482662 0.20586950387795805
0.0936634839912521 -0.0039249028980755845 0.09571822676704177	-0.003924902898075443 0.07992666215521743 -0.013718378645988683	-0.09571822676704422 0.013718378645984151 0.20873953242723875
0.09059643024993567 -0.0024290348424714954 0.0949378247531003	-0.0024290348424699498 0.08206935081497042 -0.01209775474577911	-0.09493782475309819 0.012097754745776103 0.20555143365254405
0.08735937186705428 -0.0019030020000536168 0.0955553377099575	-0.0019030020000533636 0.08013296566575026 -0.012797628463184618	-0.09555533770995632 0.012797628463181884 0.20472095817044383
0.08265436637037962 -0.003296186986262534 0.09519001840746451	-0.0032961869862639034 0.0790121768333137 -0.012250040355239689	-0.09519001840746291 0.012250040355231643 0.1999839976856412
0.08055433149575773 -0.0033914177663194227 0.09539832299473067	-0.003391417766320926 0.07586967217669364 -0.011151278662965048	-0.09539832299472881 0.011151278662957953 0.1948505035093028
0.08346206605511548 -0.005022961104998114 0.09374680240852612	-0.005022961104996155 0.07766666404045636 -0.012790144093164563	-0.09374680240852856 0.012790144093159449 0.20087289976999806
0.09060969533980569 -0.00330995201030129 0.09528099852505452	-0.0033099520102997143 0.08349724532055527 -0.011613381484470955	-0.09528099852505294 0.011613381484466542 0.21271183775231645
0.09150841559006441 -0.0054160044457536 0.09456882574050096	-0.005416004445752787 0.07964003731927574 -0.014526727242689497	-0.09456882574050453 0.014526727242684834 0.21197263072028386
0.09265766700226677 -0.00354873783463905 0.09650274692811589	-0.0035487378346404715 0.07937243487163032 -0.01203884263523676	-0.0965027469281149 0.01203884263523363 0.20418773681371033
0.08995072316457364 -0.0031296149179159947 0.09619860880610713	-0.003129614917915886 0.07544908169215453 -0.013021575059350442	-0.09619860880610567 0.013021575059345522 0.201749383679728
0.09020630573132704 -0.0019320953086208893 0.09850585606180191	-0.0019320953086156521 0.07782454374203426 -0.011383452174896228	-0.09850585606180336 0.011383452174892464 0.1945489126585414
0.08747404295402322 -0.0027338824392873504 0.09745161647887966	-0.0027338824392895214 0.07729584032441657 -0.012485729445596547	-0.0974516164788797 0.01248572944558985 0.19538102582306166
0.08451124067870941 -0.003928758565580415 0.09360425683977151	-0.003928758565580861 0.07953000236743946 -0.012280888384515572	-0.09360425683977446 0.012280888384512224 0.20111238215315339
0.09242831918504398 -0.0042151912508545985 0.09506662126992615	-0.00421519125085887 0.08105976353303215 -0.012773841567040735	-0.09506662126992421 0.01277384156703357 0.20440672368607524
0.085167645461869 -0.0025053109903575774 0.09517444002570573	-0.002505310990357463 0.0765649535940339 -0.011996963717535124	-0.09517444002570853 0.011996963717532626 0.2002043911276915
0.09054328397170727 -0.0024638130289803307 0.0963347415923321	-0.002463813028976072 0.07859374735187664 -0.01182031223669025	-0.09633474159233395 0.011820312236690035 0.2036893107390142
0.0901108505327469 -0.0015928971968459582 0.09522098077423628	-0.0015928971968472488 0.08238184956507792 -0.012547220952073158	-0.09522098077423462 0.012547220952069726 0.20653479558344245
0.08651247815760221 -0.0016646311487045111 0.09672570331794626	-0.0016646311487039278 0.07731290069978027 -0.01261415511406027	-0.09672570331794889 0.012614155114057779 0.20086608181010163
0.08619356453032972 -0.003078127085559997 0.09579861244479572	-0.003078127085562405 0.0786080277052985 -0.011269796622286474	-0.09579861244479464 0.011269796622281746 0.1978797409998363
0.06999272371727516 -0.004936557408429603 0.09630234390927347	-0.004936557408430613 0.0688673568860223 -0.012048783935088975	-0.09630234390927356 0.012048783935087525 0.18963538513152048
0.08015930299481304 -0.0021766777771255394 0.09612573808464063	-0.0021766777771249904 0.07561938478447972 -0.010934070345919068	-0.0961257380846424 0.010934070345923256 0.19276610578471004
0.08400661029342701 -0.0006847736431781068 0.09705240179374276	-0.0006847736431795414 0.07792771534799676 -0.010979917992078182	-0.09705240179374147 0.010979917992078841 0.20206747129688538
0.08549483740318622 -0.0017742142336374988 0.09650550675037398	-0.0017742142336368838 0.07811514137983196 -0.012562693426699051	-0.09650550675037321 0.012562693426698048 0.20562478532749656
0.0862873019807158 0.0005947623199446537 0.09732918588496564	0.000594762319945881 0.07456122195814219 -0.01155977350246129	-0.09732918588496568 0.011559773502450299 0.20638037729000797
0.0927762270995618 -0.004024668876164619 0.09636588074372099	-0.004024668876164221 0.07969473276228888 -0.01276455085508648	-0.09636588074371977 0.01276455085508239 0.2045378705274303
0.08895079113954445 -0.00190643058305664 0.09808815051054284	-0.0019064305830572576 0.07649451009112926 -0.01180084118520024	-0.09808815051054115 0.011800841185196986 0.1974639757705991
0.0868324503252314 -0.0034741442618830384 0.09695790890192256	-0.003474144261883923 0.07463483252287845 -0.01305337242793695	-0.0969579089019202 0.013053372427937995 0.19720504157924645
0.08648761083350685 -0.001630893154465196 0.09621255311990533	-0.0016308931544605939 0.07694914458706381 -0.011549674034444991	-0.09621255311990655 0.011549674034443846 0.19641212801444577
0.08649399838241624 -0.0030784599875828354 0.09577666876344261	-0.003078459987582305 0.07559177672318337 -0.01219438232046105	-0.09577666876344278 0.012194382320460287 0.19683366096470228
0.08496092920767387 -0.002337719606799394 0.0954943859007684	-0.002337719606798399 0.0737090775874667 -0.012277578403990075	-0.09549438590076628 0.012277578403983087 0.19792226650531874
0.08423078757301006 -0.001217729034059263 0.09604356660583045	-0.001217729034054568 0.07753766002831532 -0.01164431310771824	-0.09604356660582589 0.011644313107711048 0.198608371728674
0.09006428571515529 -0.0014865803414619923 0.09594385135817125	-0.0014865803414654635 0.08269579594472622 -0.012116737031514124	-0.09594385135817089 0.012116737031512712 0.20513375858317187
0.08652826394346629 -0.002185532741825363 0.09648126920618584	-0.002185532741827011 0.07860604483211081 -0.012104190598947177	-0.09648126920618734 0.012104190598945859 0.20089059148211166
0.08156827395132266 -0.005810640218473108 0.09543035277451027	-0.00581064021847358 0.07638170260314314 -0.011934449268157968	-0.09543035277450745 0.011934449268157933 0.20116491361504607
0.08260797407014217 -0.004123875318827702 0.0974232368773986	-0.0041238753188305175 0.07362635887622883 -0.01244379480248169	-0.0974232368773955 0.01244379480248126 0.20424874439801272
0.10122634158752115 0.002082533711662132 0.09716836705970959	0.00208253371166023 0.08681806492159082 -0.010912587055220448	-0.09716836705971083 0.010912587055218366 0.21395548940062376
0.08804245539412196 -0.001747805477338021 0.09487381400852081	-0.0017478054773389646 0.07946107171708477 -0.012294070255395955	-0.09487381400851834 0.01229407025538825 0.21070654463392627
0.08224673768977837 -0.0010984934602364374 0.09574546700570952	-0.001098493460236224 0.079347409005141 -0.012089655319357344	-0.09574546700570827 0.01208965531935165 0.19754174073134362
0.08212765712140412 -0.0005546683197934507 0.09481020056986536	-0.000554668319793557 0.07508968608604269 -0.01246444433254748	-0.09481020056986328 0.01246444433254082 0.20346062836795376
0.08562636733593415 -0.000036441342354856174 0.09633316480622488	-0.00003644134235549542 0.07420766130142724 -0.012788191681503743	-0.09633316480622219 0.012788191681498771 0.2072964955384776
0.08717843278951369 -0.0025352907973931913 0.09672953684711087	-0.0025352907973927767 0.07765901279306135 -0.01219216469987236	-0.09672953684711064 0.012192164699871784 0.20187910627944383
0.08740286992309307 -0.0034646240937894687 0.09543088485926485	-0.0034646240937947284 0.0766569485940963 -0.011686171832353681	-0.09543088485926335 0.011686171832348328 0.19787710283219434
0.08939030342757276 -0.0019910520978611438 0.09729436717070693	-0.001991052097860717 0.07760683428583018 -0.011647390507730782	-0.09729436717070604 0.011647390507729897 0.19854746305872845
0.08643746624914614 -0.0028109966419648776 0.09482788903868201	-0.0028109966419675794 0.0777750877913779 -0.011867005586562753	-0.0948278890386813 0.011867005586559093 0.19993730742814958
0.08958089574610167 -0.004677168575118036 0.09354059693059	-0.004677168575117257 0.07874421030439421 -0.012957983371913947	-0.09354059693058919 0.01295798337190543 0.20285069796137625
0.08641214065648269 -0.003029161232235336 0.09424998541737027	-0.003029161232236337 0.07838861450922775 -0.012126042327110759	-0.09424998541737109 0.012126042327107095 0.19944195608472937
0.08479977268170433 -0.003396129715528962 0.0949774298783756	-0.0033961297155330993 0.07962289905506373 -0.012414575178326039	-0.0949774298783732 0.012414575178321688 0.19989187601156128
0.0842359376785981 -0.003361393387138394 0.09674511599501567	-0.003361393387138589 0.07710904919380934 -0.012475354401890466	-0.09674511599501971 0.012475354401885963 0.198606822650032
0.08633868676291533 -0.003987588263246597 0.09639224193797462	-0.003987588263247954 0.07842173702566616 -0.011788541859861688	-0.09639224193797699 0.011788541859855499 0.19984767580824034
0.09582302147491051 -0.004615800573563242 0.097281400119346	-0.004615800573565843 0.08186052307969503 -0.013610472392225435	-0.09728140011934212 0.013610472392220564 0.21705379142697895
0.13663379113778706 0.006944788363801533 0.09620348130344328	0.006944788363802361 0.10660233523610989 -0.010700778460885112	-0.09620348130344057 0.010700778460882382 0.240219896318486
0.10471482596021464 -0.004921799073104647 0.09179004607646786	-0.004921799073106581 0.09788554229706647 -0.013545258135316082	-0.09179004607646588 0.013545258135307645 0.2636886977346112
0.10300297335718106 -0.01169560797584602 0.09016675029006878	-0.011695607975845502 0.1116612881684137 -0.012860713502234798	-0.09016675029006978 0.012860713502228768 0.20959293330302303
0.08663457696079702 -0.0056319890489265395 0.09246103478094549	-0.005631989048925054 0.08676986986499959 -0.012741800191941158	-0.09246103478094433 0.01274180019193262 0.20259980368370054
0.08635401113055839 -0.003502512156954716 0.09551679870741944	-0.0035025121569557463 0.08169799225946997 -0.012779279962940593	-0.09551679870741991 0.01277927996293645 0.20467555707085866
0.08726126786073131 -0.0034439553995726075 0.0969875786774381	-0.0034439553995717536 0.08120812124721002 -0.012658857966275073	-0.09698757867744107 0.01265885796627109 0.20442410039408923
0.08909053794746552 -0.004821803688561166 0.09597099073974227	-0.004821803688563748 0.0805681401886082 -0.013102696087315117	-0.09597099073974219 0.013102696087309983 0.20356025564276725
0.09399684908026289 -0.0038941395311067085 0.09588593792707169	-0.003894139531107411 0.0811586090781722 -0.012436786077070106	-0.09588593792707138 0.012436786077067323 0.20712687797747992
0.09283343482508222 -0.005204291955339854 0.09364644874588035	-0.005204291955340592 0.0821498279091127 -0.012734805870488062	-0.09364644874587938 0.012734805870484436 0.2103835722384575
0.09738292177564925 -0.006575476820595903 0.09277637130098813	-0.006575476820595857 0.08496195160027022 -0.013997800034814767	-0.09277637130098687 0.0139978000348094 0.2167913906075765
0.09431066254428089 -0.004577232991169687 0.0945041305308172	-0.004577232991166528 0.08384089604323014 -0.012692470875412608	-0.09450413053082088 0.012692470875416022 0.21242365235171679
0.08894571004438107 -0.004594143325234987 0.09511387212735839	-0.0045941433252385325 0.08046756886821341 -0.01328336444342516	-0.09511387212735882 0.013283364443423422 0.20328695376546307
0.08853799732957277 -0.0037887214761837666 0.09660796401449606	-0.0037887214761816424 0.08181468730752528 -0.01158925526021818	-0.09660796401450064 0.011589255260216251 0.20874281922244453
0.08626360164008423 -0.0031243614644618223 0.09651801185146763	-0.003124361464464471 0.07983826017866455 -0.011290106723259561	-0.09651801185146984 0.01129010672325722 0.2038867068316133
0.08718627221032868 -0.004037809772021967 0.09205941749417895	-0.004037809772021634 0.08137007684974118 -0.014131668379909906	-0.09205941749418071 0.014131668379904667 0.21418262631725987
0.10689010790199219 -0.00265583504381163 0.0907830851329969	-0.00265583504381468 0.09679015985039613 -0.012920377826061036	-0.09078308513299681 0.012920377826060696 0.2569027047747419
0.09889492311056369 -0.005470159537847009 0.09009534956303031	-0.005470159537846405 0.09122258713289558 -0.03362679508964918	-0.09009534956302617 0.033626795089640865 0.21081894509981705
0.10689010790199233 -0.002655835043811377 0.0907830851329969	-0.0026558350438145306 0.09679015985039596 -0.012920377826060963	-0.0907830851329968 0.01292037782606073 0.2569027047747419
0.08718627221032871 -0.004037809772022011 0.09205941749417865	-0.004037809772021603 0.08137007684974133 -0.014131668379910013	-0.09205941749418071 0.014131668379904712 0.2141826263172599
0.08626360164008426 -0.003124361464461837 0.09651801185146772	-0.0031243614644643467 0.07983826017866441 -0.011290106723259415	-0.09651801185147002 0.011290106723257282 0.2038867068316137
0.08853799732957275 -0.003788721476183895 0.09660796401449599	-0.0037887214761817478 0.08181468730752514 -0.01158925526021819	-0.09660796401450075 0.011589255260216293 0.2087428192224445
0.08894571004438116 -0.00459414332523507 0.09511387212735828	-0.004594143325238583 0.08046756886821346 -0.01328336444342526	-0.09511387212735872 0.013283364443423484 0.20328695376546307
0.09431066254428087 -0.004577232991169732 0.09450413053081735	-0.004577232991166708 0.08384089604323011 -0.012692470875412705	-0.09450413053082074 0.012692470875416043 0.21242365235171684
0.09738292177564933 -0.006575476820596011 0.09277637130098812	-0.006575476820595867 0.08496195160027017 -0.013997800034814767	-0.09277637130098687 0.013997800034809493 0.21679139060757652
0.09283343482508202 -0.005204291955339872 0.09364644874588024	-0.005204291955340548 0.08214982790911289 -0.012734805870488072	-0.09364644874587937 0.012734805870484315 0.21038357223845766
0.0939968490802629 -0.0038941395311066253 0.09588593792707173	-0.003894139531107497 0.08115860907817185 -0.012436786077070144	-0.09588593792707142 0.012436786077067406 0.2071268779774798
0.08909053794746559 -0.0048218036885611885 0.09597099073974223	-0.004821803688563661 0.08056814018860799 -0.013102696087315173	-0.09597099073974201 0.013102696087310121 0.20356025564276742
0.0872612678607313 -0.003443955399572547 0.09698757867743799	-0.003443955399571802 0.08120812124721007 -0.012658857966275083	-0.09698757867744098 0.012658857966271093 0.20442410039408918
0.08635401113055852 -0.0035025121569546075 0.0955167987074194	-0.0035025121569556873 0.08169799225947007 -0.012779279962940468	-0.09551679870742 0.012779279962936377 0.20467555707085858
0.0866345769607971 -0.005631989048926582 0.0924610347809456	-0.005631989048924927 0.08676986986499954 -0.01274180019194103	-0.09246103478094432 0.012741800191932707 0.2025998036837005
0.10300297335718102 -0.011695607975846133 0.09016675029006882	-0.01169560797584561 0.11166128816841395 -0.01286071350223483	-0.09016675029006992 0.012860713502228664 0.2095929333030232
0.10471482596021471 -0.004921799073104802 0.09179004607646767	-0.004921799073106618 0.09788554229706661 -0.01354525813531602	-0.09179004607646592 0.013545258135307638 0.26368869773461145
0.13663379113778712 0.006944788363801518 0.09620348130344333	0.006944788363802345 0.1066023352361099 -0.010700778460885074	-0.09620348130344068 0.01070077846088257 0.24021989631848595
0.09582302147491051 -0.004615800573563228 0.09728140011934591	-0.004615800573565826 0.08186052307969514 -0.013610472392225473	-0.09728140011934201 0.013610472392220546 0.21705379142697898
0.0863386867629154 -0.0039875882632465125 0.09639224193797481	-0.003987588263247868 0.07842173702566607 -0.011788541859861862	-0.09639224193797702 0.011788541859855575 0.1998476758082402
0.08423593767859827 -0.0033613933871384314 0.09674511599501562	-0.0033613933871384644 0.07710904919380925 -0.012475354401890508	-0.09674511599501986 0.012475354401885904 0.19860682265003188
0.08479977268170448 -0.0033961297155287807 0.09497742987837575	-0.0033961297155331964 0.07962289905506396 -0.012414575178325959	-0.0949774298783732 0.012414575178321618 0.1998918760115611
0.08641214065648255 -0.0030291612322354035 0.09424998541737016	-0.0030291612322364825 0.0783886145092279 -0.012126042327110613	-0.09424998541737097 0.012126042327107105 0.1994419560847293
0.08958089574610144 -0.004677168575118116 0.09354059693058994	-0.00467716857511733 0.07874421030439403 -0.01295798337191393	-0.09354059693058914 0.012957983371905405 0.20285069796137628
0.0864374662491459 -0.0028109966419649227 0.09482788903868214	-0.002810996641967442 0.07777508779137793 -0.011867005586562708	-0.0948278890386813 0.011867005586559079 0.1999373074281495
0.0893903034275727 -0.0019910520978611602 0.09729436717070691	-0.001991052097860762 0.07760683428583007 -0.011647390507730782	-0.09729436717070603 0.011647390507729942 0.19854746305872836
0.08740286992309297 -0.0034646240937895563 0.09543088485926485	-0.00346462409379475 0.07665694859409626 -0.011686171832353619	-0.09543088485926311 0.011686171832348345 0.19787710283219417
0.08717843278951376 -0.0025352907973930352 0.09672953684711091	-0.0025352907973926315 0.07765901279306135 -0.012192164699872391	-0.09672953684711044 0.012192164699871815 0.20187910627944378
0.08562636733593415 -0.00003644134235494378 0.09633316480622485	-0.00003644134235553358 0.07420766130142714 -0.012788191681503674	-0.09633316480622228 0.012788191681498744 0.20729649553847757
0.08212765712140416 -0.000554668319793351 0.09481020056986547	-0.0005546683197935167 0.07508968608604275 -0.012464444332547599	-0.09481020056986324 0.012464444332540896 0.20346062836795345
0.08224673768977839 -0.0010984934602365527 0.0957454670057097	-0.0010984934602361945 0.07934740900514109 -0.012089655319357288	-0.09574546700570834 0.012089655319351668 0.19754174073134367
0.08804245539412194 -0.0017478054773378848 0.09487381400852071	-0.0017478054773389616 0.07946107171708502 -0.012294070255395913	-0.09487381400851834 0.01229407025538827 0.2107065446339263
0.10122634158752111 0.0020825337116622046 0.09716836705970963	0.002082533711660433 0.08681806492159069 -0.010912587055220305	-0.09716836705971081 0.010912587055218317 0.21395548940062364
0.08260797407014209 -0.004123875318827809 0.09742323687739861	-0.004123875318830671 0.07362635887622873 -0.012443794802481721	-0.09742323687739543 0.012443794802480986 0.20424874439801283
0.08156827395132274 -0.005810640218473294 0.09543035277451017	-0.005810640218473578 0.07638170260314313 -0.011934449268158023	-0.09543035277450743 0.01193444926815794 0.20116491361504601
0.08652826394346638 -0.0021855327418252675 0.0964812692061859	-0.0021855327418269354 0.07860604483211092 -0.012104190598947184	-0.09648126920618741 0.012104190598946005 0.2008905914821119
0.09006428571515518 -0.0014865803414620612 0.0959438513581714	-0.0014865803414655003 0.08269579594472642 -0.012116737031514252	-0.09594385135817096 0.012116737031512722 0.20513375858317173
0.08423078757301002 -0.0012177290340593997 0.0960435666058307	-0.0012177290340547571 0.07753766002831548 -0.011644313107718251	-0.09604356660582582 0.011644313107711066 0.19860837172867396
0.08496092920767377 -0.002337719606799368 0.09549438590076849	-0.0023377196067985995 0.07370907758746681 -0.012277578403989936	-0.09549438590076612 0.012277578403983115 0.19792226650531858
0.08649399838241614 -0.0030784599875827794 0.09577666876344261	-0.0030784599875822703 0.07559177672318355 -0.01219438232046111	-0.09577666876344287 0.012194382320460294 0.1968336609647023
0.08648761083350696 -0.0016308931544652971 0.09621255311990534	-0.001630893154460676 0.07694914458706378 -0.01154967403444496	-0.09621255311990666 0.01154967403444404 0.1964121280144459
0.08683245032523143 -0.0034741442618828992 0.09695790890192257	-0.0034741442618840125 0.07463483252287847 -0.01305337242793702	-0.09695790890192024 0.013053372427937936 0.19720504157924662
0.08895079113954477 -0.0019064305830565871 0.09808815051054265	-0.0019064305830572394 0.0764945100911294 -0.01180084118520022	-0.09808815051054116 0.011800841185197017 0.19746397577059938
0.09277622709956197 -0.004024668876164684 0.09636588074372103	-0.004024668876164231 0.07969473276228871 -0.012764550855086335	-0.09636588074371974 0.012764550855082442 0.20453787052743042
0.08628730198071577 0.0005947623199446823 0.09732918588496567	0.0005947623199458645 0.0745612219581422 -0.011559773502461453	-0.09732918588496546 0.011559773502450153 0.2063803772900082
0.08549483740318635 -0.001774214233637569 0.096505506750374	-0.0017742142336369827 0.07811514137983218 -0.01256269342669918	-0.09650550675037332 0.01256269342669799 0.20562478532749653
0.08400661029342679 -0.0006847736431782698 0.0970524017937427	-0.0006847736431794251 0.07792771534799693 -0.010979917992078196	-0.09705240179374143 0.010979917992078949 0.2020674712968854
0.08015930299481303 -0.0021766777771254874 0.09612573808464064	-0.002176677777124791 0.07561938478447972 -0.010934070345919027	-0.09612573808464259 0.010934070345923096 0.19276610578471004
0.06999272371727513 -0.0049365574084297235 0.09630234390927342	-0.004936557408430683 0.06886735688602233 -0.012048783935088962	-0.09630234390927375 0.012048783935087563 0.18963538513152062
0.08619356453032957 -0.003078127085559948 0.09579861244479565	-0.003078127085562279 0.07860802770529834 -0.01126979662228645	-0.09579861244479462 0.011269796622281704 0.19787974099983624
0.08651247815760206 -0.0016646311487042648 0.09672570331794618	-0.0016646311487038242 0.07731290069978007 -0.012614155114060485	-0.09672570331794902 0.012614155114057918 0.20086608181010174
0.09011085053274691 -0.0015928971968459556 0.09522098077423627	-0.0015928971968473251 0.08238184956507807 -0.012547220952073085	-0.09522098077423462 0.012547220952069664 0.2065347955834425
0.0905432839717075 -0.0024638130289803364 0.09633474159233213	-0.002463813028976177 0.07859374735187669 -0.011820312236690285	-0.09633474159233393 0.011820312236689914 0.20368931073901414
0.08516764546186903 -0.0025053109903574716 0.09517444002570553	-0.002505310990357515 0.07656495359403409 -0.011996963717535086	-0.0951744400257084 0.011996963717532727 0.20020439112769156
0.09242831918504416 -0.0042151912508543625 0.09506662126992613	-0.0042151912508589465 0.08105976353303207 -0.012773841567040787	-0.09506662126992428 0.012773841567033657 0.2044067236860751
0.08451124067870935 -0.0039287585655805 0.09360425683977161	-0.003928758565580986 0.07953000236743943 -0.012280888384515663	-0.09360425683977444 0.012280888384512141 0.2011123821531532
0.08747404295402311 -0.002733882439287363 0.09745161647887979	-0.002733882439289529 0.07729584032441657 -0.012485729445596502	-0.09745161647887973 0.012485729445589969 0.19538102582306144
0.09020630573132707 -0.001932095308620858 0.09850585606180189	-0.0019320953086156677 0.07782454374203418 -0.011383452174896301	-0.09850585606180336 0.011383452174892363 0.1945489126585413
0.08995072316457353 -0.003129614917915848 0.09619860880610705	-0.0031296149179159136 0.07544908169215457 -0.013021575059350421	-0.09619860880610578 0.013021575059345415 0.2017493836797279
0.09265766700226702 -0.00354873783463907 0.096502746928116	-0.0035487378346403826 0.07937243487163054 -0.01203884263523684	-0.09650274692811496 0.012038842635233703 0.2041877368137105
0.09150841559006447 -0.005416004445753687 0.09456882574050095	-0.005416004445752809 0.07964003731927566 -0.014526727242689521	-0.09456882574050454 0.014526727242684875 0.21197263072028383
0.09060969533980578 -0.003309952010301331 0.09528099852505464	-0.0033099520102997117 0.08349724532055527 -0.01161338148447097	-0.0952809985250529 0.011613381484466528 0.21271183775231667
0.08346206605511551 -0.005022961104998217 0.09374680240852601	-0.005022961104996166 0.0776666640404565 -0.01279014409316449	-0.0937468024085286 0.012790144093159456 0.20087289976999814
0.08055433149575766 -0.0033914177663194175 0.09539832299473035	-0.0033914177663208747 0.07586967217669366 -0.011151278662965117	-0.09539832299472882 0.01115127866295813 0.19485050350930297
0.08265436637037951 -0.0032961869862627273 0.0951900184074643	-0.0032961869862640158 0.07901217683331375 -0.012250040355239682	-0.09519001840746272 0.012250040355231796 0.19998399768564118
0.08735937186705421 -0.0019030020000535453 0.0955553377099573	-0.001903002000053308 0.08013296566575044 -0.012797628463184607	-0.0955553377099565 0.012797628463181818 0.2047209581704438
0.0905964302499357 -0.0024290348424714035 0.09493782475310024	-0.0024290348424699376 0.08206935081497037 -0.012097754745779149	-0.09493782475309828 0.012097754745776297 0.20555143365254377
0.09366348399125199 -0.0039249028980756625 0.0957182267670417	-0.003924902898075549 0.07992666215521743 -0.013718378645988773	-0.09571822676704421 0.01371837864598412 0.2087395324272386
0.09012986481176402 -0.004897885119668122 0.0928659843209319	-0.0048978851196665035 0.08034395185371784 -0.012424760006485677	-0.09286598432093128 0.012424760006482724 0.20586950387795802
0.09494335982605201 -0.005313580168701869 0.09405094649165081	-0.005313580168701585 0.084632700109529 -0.01319459808303964	-0.09405094649164977 0.013194598083035698 0.2105230144350837
0.08884177913080146 -0.005293329763782547 0.09232575388698736	-0.00529332976378224 0.08327767784316084 -0.012476076409623699	-0.09232575388698368 0.012476076409622085 0.2057095314416742
0.09219508616796007 -0.003917228028883154 0.09723737874843008	-0.003917228028881805 0.08109986536430744 -0.011860010147433046	-0.09723737874842667 0.011860010147431307 0.19759387026695652
0.08936959819302863 -0.002841404873404221 0.0967443165927081	-0.0028414048734041355 0.08027995420034838 -0.012063197584414775	-0.09674431659270975 0.012063197584408589 0.1980515318574244
0.08824869681638467 -0.004501790644844761 0.09639728998638766	-0.004501790644844341 0.07765456125627923 -0.013099303345756097	-0.09639728998638235 0.013099303345749727 0.1986981447539365
0.09248615587187958 -0.0043676937694522005 0.09626048880351382	-0.0043676937694565 0.07808312379320385 -0.011504953347308413	-0.09626048880350921 0.011504953347302067 0.19575536791028827
0.08751300747084118 -0.006754933027438155 0.09270239366384472	-0.006754933027440346 0.07915780997476439 -0.01404958080691971	-0.09270239366384234 0.01404958080691859 0.20229451922046024
0.09183036318103498 -0.004592780148887504 0.09427383502341838	-0.004592780148890846 0.08276155453895774 -0.0124849207947751	-0.09427383502341449 0.012484920794769712 0.2030946162815832
0.09039395674562836 -0.0061272977010202075 0.0928244616603868	-0.006127297701021116 0.08291970485040097 -0.013564008013463691	-0.09282446166038578 0.013564008013464166 0.20877422797580936
0.0918546760359534 -0.0027956673420449288 0.09483312774363922	-0.0027956673420490067 0.08267361572077866 -0.011720744408133789	-0.09483312774363552 0.011720744408130375 0.20502373818575334
0.08729356707226488 -0.002697370536637222 0.09471752513797192	-0.0026973705366385367 0.07995319826093845 -0.012920954296472976	-0.09471752513796976 0.012920954296469098 0.20159403888439786
0.08798857733823795 -0.002111202443080211 0.09617147704337965	-0.0021112024430784623 0.08001958400593831 -0.011846648289519111	-0.09617147704337788 0.011846648289513654 0.2006889177939884
0.08760318276578864 -0.0013084505688636281 0.09495146701168561	-0.0013084505688627358 0.08029662290497616 -0.012307546734843432	-0.094951467011679 0.012307546734837981 0.2020996730965141
0.08959141164763598 -0.005452230776418744 0.09359124641219026	-0.005452230776415486 0.07987589126663339 -0.014465258975859298	-0.09359124641218425 0.014465258975856425 0.20520511221088444
0.08990634693330088 -0.005525376385107318 0.09101613719471531	-0.005525376385110401 0.08397592203687675 -0.012561542568042556	-0.09101613719471452 0.012561542568039229 0.2075678422642738
0.09119851569239487 -0.003781609374699243 0.09449017235379327	-0.0037816093746969193 0.08255746566531444 -0.012742594344854308	-0.09449017235379856 0.012742594344849617 0.2073792110886649
0.09119517261299964 -0.003354385450325558 0.0936233523481016	-0.0033543854503195057 0.0842307171647771 -0.011459254949698957	-0.09362335234810247 0.011459254949695456 0.20694213142368834
0.09333720349725624 -0.0027172097520206046 0.09747411733628271	-0.0027172097520176785 0.08187396039355112 -0.012079237333417911	-0.09747411733628242 0.012079237333412221 0.20300660532012813
0.08980148207453462 -0.003310415853202329 0.09525549489111972	-0.0033104158531971736 0.08255721310126947 -0.012092547434014968	-0.09525549489112144 0.012092547434011145 0.2037878954494634
0.08727423018185673 -0.002646112720646696 0.09639507154887833	-0.0026461127206448003 0.07880238120879414 -0.011520933961934817	-0.09639507154888069 0.01152093396193049 0.1963953418043143
0.08792421714655331 -0.003959909553202582 0.09538806690581217	-0.0039599095532005775 0.07877586109395371 -0.01215089926635416	-0.0953880669058116 0.012150899266351621 0.19963674104500337
0.08756087961157999 -0.004276086889832805 0.09360401433941626	-0.004276086889830156 0.07900639590898956 -0.012435890329147822	-0.09360401433942148 0.01243589032915109 0.20309567286513347
0.09299497720187253 -0.003945029123860476 0.09465905624058449	-0.003945029123855817 0.08341931650085695 -0.012262634788345463	-0.09465905624058558 0.012262634788342337 0.21193609498229055
0.09175958022114233 -0.004133281773417354 0.09469077202275243	-0.004133281773412922 0.08316706783081042 -0.012591395133331462	-0.09469077202275561 0.012591395133329592 0.20837475435033306
0.09184953029835985 -0.003182897483276512 0.09497889609949636	-0.003182897483274741 0.08269509015553718 -0.012471033717140888	-0.09497889609949449 0.012471033717136343 0.20835987155626168
0.09049089432445788 -0.0030077256691100965 0.0961197467696532	-0.0030077256691071483 0.08153140056125664 -0.012216473932964246	-0.09611974676965254 0.01221647393295874 0.20473370235280863
0.0890020159279265 -0.0022722716015854162 0.0959049965229636	-0.002272271601580618 0.08156835751735236 -0.012155678842088975	-0.09590499652296715 0.012155678842086737 0.2022306690488167
0.08149525781989539 -0.0016814908783726289 0.09444526517659745	-0.001681490878369397 0.07745211288648397 -0.011983218311605502	-0.09444526517659642 0.01198321831160096 0.19624762000099835
0.0821685796905417 -0.004394791208264901 0.09349226795227732	-0.004394791208258177 0.07579950500971042 -0.013409459580814027	-0.09349226795227934 0.01340945958081386 0.19810107406342248
0.08538544469279821 -0.002939010918382951 0.09276407571623523	-0.002939010918378353 0.08009862600424945 -0.012189930756955847	-0.09276407571623459 0.012189930756953779 0.20334339751805414
0.08325876152356171 -0.0013271633615527787 0.09610886005145731	-0.0013271633615503315 0.07790929373842709 -0.01247702569556454	-0.09610886005145389 0.012477025695557788 0.2007931895301056
0.08712992612685352 -0.00205329270709016 0.09516801420481537	-0.0020532927070889724 0.08132974024118135 -0.011487650737418816	-0.09516801420481591 0.011487650737414808 0.20452472199327332
0.08878164402143321 -0.001854661581172735 0.09651730629627885	-0.0018546615811726717 0.08083154669384748 -0.012060433225204052	-0.0965173062962754 0.012060433225199577 0.20454796583360274
0.0921025253467481 -0.0029092865016668726 0.09502678247448766	-0.002909286501664201 0.08312309062001981 -0.011949975407203356	-0.09502678247448651 0.011949975407200442 0.20563054574354586
0.08506319102334706 -0.0030108014473401103 0.09750515907195195	-0.003010801447340997 0.0769005491640423 -0.012017548937942001	-0.09750515907194962 0.01201754893793872 0.19574361903897564
0.08447210446398916 -0.002914442875316406 0.09535064469897853	-0.002914442875319288 0.07758213616673376 -0.011779917560253955	-0.09535064469897493 0.011779917560250298 0.1986620282468804
0.08312905090076811 -0.0021881914108067765 0.09544068309162088	-0.0021881914108050644 0.07772594050225157 -0.011676606096037483	-0.09544068309162088 0.011676606096032618 0.19990726897229727
0.08793564873633593 -0.0005746415884867158 0.09620087408929998	-0.0005746415884856073 0.08135271717618688 -0.011280224002226405	-0.09620087408929712 0.011280224002222495 0.2044884366036092
0.08732014034704842 -0.001970159389233897 0.0959874010766212	-0.0019701593892304265 0.0785573157358242 -0.011841886306784982	-0.09598740107662126 0.011841886306781978 0.20052520150870196
0.08669551990447302 -0.0028289724084036606 0.09572850914424977	-0.0028289724084024593 0.07775615536170725 -0.012432216387397221	-0.09572850914424452 0.012432216387390817 0.20182099514551077
0.08779757913534578 -0.0018393681970638965 0.09750410804601548	-0.0018393681970658498 0.07907905639862814 -0.012138295569298567	-0.0975041080460136 0.01213829556929314 0.20140835439939161
0.09036368049372095 -0.0027830395843931647 0.09551938151742909	-0.002783039584390591 0.0820096072781851 -0.01176824440631296	-0.09551938151743115 0.011768244406312148 0.20533616209053396
0.08284063065899347 -0.0020298002322818617 0.09525366149442174	-0.0020298002322823297 0.07935418501169333 -0.01196145826820745	-0.0952536614944201 0.01196145826820372 0.2004858081182534
0.08267968796179778 -0.0020300287560670845 0.0955600366597533	-0.0020300287560632464 0.07711492860616531 -0.012276825016502048	-0.09556003665975302 0.01227682501650039 0.19903645666666542
0.07989041528721016 0.000559317777640447 0.09506065219337356	0.0005593177776394929 0.07464717591849046 -0.012104434226030907	-0.09506065219337123 0.012104434226024249 0.19771671629522497
