0.6722564504078568
0.6713490241948386
0.673589955364028
0.6722564504078911
0.6713490241943838
0.6735899553638302
0.6722564504081205
0.671349024193431
0.6735899553634774
0.6722564504083886
0.6713490241925896
0.6735899553632101
0.6722564504084115
0.6713490241923591
0.6735899553630915
0.672256450408211
0.6713490241929405
0.6735899553632898
0.6722564504080117
0.6713490241939624
0.673589955363688
0.6722564504078972
0.6713490241947142
0.6735899553639584
0.6722564504078553
0.671349024194684
0.6735899553639261
0.6722564504079861
0.6713490241939188
0.6735899553636486
0.6722564504082797
0.671349024192939
0.6735899553633208
0.672256450408447
0.6713490241923632
0.6735899553631022
0.6722564504083315
0.6713490241925637
0.6735899553631595
0.6722564504081037
0.6713490241934339
0.6735899553634678
0.6722564504079496
0.671349024194446
0.6735899553638871
0.6722564504079569
0.6713490241944109
0.673589955363863
0.6722564504078039
0.6713490241948172
0.6735899553640012
0.6722564504078943
0.6713490241943981
0.6735899553638511
0.672256450408169
0.671349024193441
0.6735899553635001
0.6722564504083646
0.6713490241925759
0.673589955363182
0.6722564504083526
0.6713490241923533
0.6735899553630822
0.6722564504082309
0.6713490241929646
0.6735899553633213
0.6722564504080504
0.6713490241939843
0.6735899553637116
0.6722564504078528
0.6713490241947049
0.6735899553639436
0.6722564504078106
0.6713490241946848
0.6735899553639382
0.6722564504080248
0.6713490241939473
0.6735899553636829
0.6722564504083024
0.6713490241929376
0.6735899553633219
0.6722564504083872
0.6713490241923297
0.6735899553630675
0.6722564504083072
0.6713490241925752
0.6735899553631697
0.6722564504081542
0.6713490241934472
0.673589955363493
0.6722564504081849
0.671349024193459
0.6735899553635027
0.6722564504079166
0.6713490241944029
0.6735899553638505
0.6722564504077929
0.6713490241948122
0.6735899553639926
0.6722564504079438
0.6713490241943998
0.6735899553638474
0.6722564504081783
0.671349024193427
0.6735899553634959
0.6722564504083199
0.6713490241925545
0.6735899553631555
0.6722564504083649
0.6713490241923509
0.6735899553630806
0.6722564504082817
0.6713490241929727
0.6735899553633328
0.672256450408035
0.6713490241939795
0.673589955363717
0.672256450407807
0.6713490241947002
0.6735899553639306
0.6722564504078337
0.6713490241946964
0.6735899553639452
0.6722564504080564
0.671349024193959
0.6735899553637013
0.6722564504082624
0.6713490241929508
0.6735899553633267
0.6722564504083517
0.6713490241923338
0.6735899553630615
0.6722564504083512
0.6713490241925782
0.6735899553631776
0.6722564504083839
0.671349024192601
0.6735899553632082
0.6722564504081394
0.671349024193441
0.6735899553634827
0.6722564504078867
0.6713490241944065
0.6735899553638318
0.6722564504078402
0.6713490241948392
0.6735899553640226
0.6722564504079616
0.6713490241943982
0.6735899553638507
0.6722564504081352
0.6713490241934028
0.6735899553634582
0.6722564504083268
0.6713490241925508
0.6735899553631485
0.6722564504084267
0.6713490241923656
0.6735899553631144
0.6722564504082864
0.671349024192956
0.6735899553633122
0.6722564504079994
0.6713490241939398
0.6735899553636683
0.6722564504078323
0.6713490241947027
0.6735899553639353
0.6722564504078854
0.6713490241947282
0.673589955363978
0.6722564504080348
0.6713490241939386
0.673589955363677
0.6722564504082272
0.6713490241929256
0.6735899553632921
0.6722564504083922
0.6713490241923701
0.6735899553630954
0.6722564504084156
0.6713490241923589
0.6735899553630973
0.6722564504083418
0.671349024192576
0.6735899553631701
0.6722564504081112
0.671349024193453
0.6735899553634919
0.6722564504079188
0.6713490241944364
0.6735899553638688
0.6722564504078474
0.6713490241948384
0.6735899553640257
0.6722564504079189
0.6713490241943886
0.673589955363832
0.6722564504081291
0.6713490241934307
0.6735899553634909
0.6722564504083657
0.6713490241925812
0.6735899553631781
0.6722564504084239
0.6713490241923412
0.673589955363087
0.6722564504082438
0.6713490241929296
0.6735899553632889
0.6722564504080075
0.6713490241939754
0.6735899553637028
0.6722564504078701
0.6713490241947018
0.673589955363944
0.6722564504078679
0.671349024194672
0.6735899553639308
0.6722564504080033
0.6713490241939324
0.6735899553636657
0.6722564504082533
0.671349024192949
0.6735899553633276
0.672256450408272
0.6713490241929321
0.6735899553633079
0.6722564504084032
0.6713490241923387
0.673589955363081
0.6722564504083246
0.6713490241925746
0.6735899553631685
0.6722564504081272
0.6713490241934594
0.6735899553635006
0.6722564504079349
0.6713490241944243
0.6735899553638631
0.6722564504078272
0.6713490241948286
0.6735899553640343
0.6722564504078982
0.6713490241944073
0.6735899553638457
0.6722564504081419
0.6713490241934414
0.673589955363501
0.6722564504083594
0.6713490241925699
0.6735899553631761
0.6722564504083863
0.6713490241923634
0.6735899553631026
0.6722564504082307
0.6713490241929558
0.6735899553633091
0.6722564504080251
0.6713490241939667
0.673589955363698
0.672256450407863
0.6713490241946924
0.6735899553639391
0.6722564504078433
0.6713490241946798
0.6735899553639438
0.6722564504080113
0.6713490241939379
0.673589955363677
0.6722564504080282
0.6713490241939477
0.6735899553636925
0.6722564504082704
0.6713490241929229
0.6735899553632995
0.6722564504083886
0.671349024192333
0.6735899553630684
0.6722564504083384
0.6713490241925776
0.6735899553631695
0.672256450408159
0.6713490241934525
0.6735899553635105
0.6722564504079322
0.6713490241944009
0.6735899553638393
0.6722564504078169
0.6713490241948128
0.6735899553640079
0.6722564504079155
0.6713490241944071
0.6735899553638487
0.67225645040816
0.6713490241934481
0.6735899553635121
0.6722564504083473
0.6713490241925575
0.6735899553631605
0.6722564504083801
0.6713490241923614
0.6735899553630931
0.6722564504082522
0.6713490241929824
0.6735899553633289
0.672256450408033
0.6713490241939724
0.6735899553637081
0.6722564504078457
0.671349024194697
0.6735899553639338
0.6722564504078381
0.6713490241947
0.6735899553639384
0.6722564504078444
0.6713490241947138
0.6735899553639533
0.6722564504080282
0.6713490241939399
0.6735899553636735
0.6722564504082629
0.6713490241929312
0.6735899553632962
0.6722564504083992
0.6713490241923651
0.6735899553631078
0.6722564504083524
0.6713490241925852
0.6735899553631735
0.6722564504081576
0.6713490241934228
0.6735899553634754
0.6722564504079287
0.6713490241943993
0.6735899553638347
0.6722564504078326
0.6713490241948491
0.6735899553640334
0.6722564504079317
0.6713490241943811
0.6735899553638283
0.6722564504081616
0.6713490241934004
0.6735899553634679
0.6722564504083539
0.6713490241925735
0.6735899553631708
0.6722564504083963
0.6713490241923716
0.6735899553631113
0.6722564504082582
0.6713490241929536
0.673589955363306
0.6722564504080204
0.6713490241939636
0.6735899553636822
0.6722564504078408
0.6713490241947236
0.6735899553639569
0.6722564504078351
0.6713490241947114
0.6735899553639437
0.672256450407847
0.6713490241946891
0.673589955363932
0.6722564504080384
0.6713490241939519
0.6735899553637019
0.6722564504082571
0.6713490241929632
0.6735899553633224
0.6722564504083812
0.671349024192356
0.6735899553630909
0.6722564504083454
0.6713490241925708
0.6735899553631657
0.6722564504081554
0.6713490241934712
0.6735899553635197
0.672256450407912
0.6713490241944233
0.673589955363854
0.6722564504078176
0.6713490241948106
0.6735899553640051
0.6722564504079367
0.6713490241943816
0.6735899553638318
0.6722564504081627
0.671349024193427
0.6735899553635007
0.6722564504083413
0.6713490241925628
0.6735899553631646
0.6722564504083879
0.6713490241923381
0.6735899553630709
0.6722564504082646
0.6713490241929443
0.6735899553633077
0.6722564504080213
0.6713490241939724
0.6735899553637013
0.6722564504080057
0.671349024193961
0.6735899553636852
0.6722564504078408
0.6713490241946904
0.6735899553639485
0.6722564504078659
0.6713490241946858
0.6735899553639375
0.6722564504080294
0.6713490241939468
0.6735899553636917
0.6722564504082351
0.6713490241929377
0.6735899553633033
0.6722564504083874
0.6713490241923603
0.6735899553631023
0.6722564504083555
0.6713490241925854
0.6735899553631832
0.6722564504081351
0.6713490241934652
0.67358995536351
0.6722564504078945
0.6713490241944247
0.6735899553638518
0.672256450407827
0.6713490241948269
0.6735899553640322
0.6722564504079385
0.6713490241944036
0.673589955363854
0.6722564504081336
0.6713490241934329
0.6735899553634896
0.6722564504083289
0.6713490241925573
0.6735899553631615
0.6722564504084033
0.6713490241923422
0.6735899553630822
0.6722564504082674
0.6713490241929523
0.6735899553633148
0.672256450408249
0.671349024192968
0.673589955363334
0.6722564504080009
0.6713490241939537
0.6735899553636727
0.6722564504078675
0.6713490241946805
0.6735899553639337
0.672256450407873
0.6713490241946916
0.6735899553639402
0.6722564504080135
0.6713490241939523
0.673589955363694
0.6722564504082489
0.67134902419291
0.6735899553632818
0.6722564504084241
0.6713490241923371
0.6735899553630856
0.6722564504083605
0.6713490241925963
0.6735899553631847
0.6722564504081225
0.6713490241934554
0.673589955363501
0.6722564504079132
0.6713490241944072
0.6735899553638396
0.6722564504078465
0.6713490241948397
0.6735899553640261
0.6722564504079216
0.6713490241944196
0.673589955363862
0.672256450408117
0.6713490241934296
0.6735899553634827
0.6722564504083467
0.6713490241925619
0.6735899553631647
0.6722564504084163
0.6713490241923633
0.6735899553630984
0.6722564504083904
0.671349024192375
0.6735899553630968
0.6722564504082233
0.6713490241929456
0.6735899553632982
0.67225645040803
0.67134902419396
0.6735899553636843
0.6722564504078836
0.671349024194736
0.6735899553639801
0.6722564504078349
0.67134902419469
0.6735899553639306
0.6722564504080051
0.6713490241939141
0.6735899553636582
0.6722564504082913
0.6713490241929332
0.6735899553633036
0.6722564504084276
0.6713490241923596
0.6735899553631115
0.672256450408322
0.6713490241925644
0.6735899553631534
0.6722564504081301
0.6713490241934277
0.6735899553634683
0.6722564504079565
0.6713490241944179
0.6735899553638585
0.672256450407839
0.6713490241948414
0.6735899553640232
0.6722564504078904
0.6713490241943911
0.6735899553638269
0.6722564504081463
0.6713490241934206
0.6735899553634758
0.6722564504083861
0.6713490241925882
0.6735899553632048
0.672256450408353
0.6713490241925668
0.6735899553631732
0.6722564504083486
0.6713490241923402
0.6735899553630655
0.6722564504082564
0.6713490241929736
0.6735899553633349
0.6722564504080503
0.6713490241939839
0.673589955363711
0.6722564504078312
0.6713490241947073
0.6735899553639488
0.6722564504078097
0.6713490241946907
0.6735899553639275
0.6722564504080417
0.6713490241939563
0.6735899553637084
0.6722564504082862
0.6713490241929503
0.6735899553633236
0.6722564504083663
0.671349024192344
0.6735899553630768
0.672256450408319
0.6713490241925668
0.6735899553631597
0.6722564504081743
0.6713490241934489
0.6735899553635035
0.6722564504079385
0.6713490241944156
0.6735899553638518
0.6722564504077922
0.6713490241948109
0.6735899553639917
0.6722564504079213
0.6713490241943856
0.6735899553638447
0.6722564504081894
0.6713490241934362
0.6735899553634966
0.6722564504081598
0.6713490241934236
0.6735899553634842
0.6722564504083106
0.6713490241925617
0.6735899553631652
0.672256450408387
0.6713490241923358
0.6735899553630709
0.672256450408298
0.6713490241929613
0.6735899553633307
0.6722564504080177
0.6713490241939719
0.673589955363692
0.6722564504078076
0.6713490241946984
0.6735899553639437
0.6722564504078556
0.6713490241946978
0.6735899553639412
0.6722564504080543
0.6713490241939624
0.6735899553637037
0.6722564504082342
0.6713490241929441
0.6735899553633129
0.6722564504083546
0.6713490241923474
0.6735899553630808
0.6722564504083623
0.6713490241925879
0.6735899553631857
0.6722564504081628
0.6713490241934617
0.6735899553635072
0.6722564504078904
0.6713490241944131
0.6735899553638549
0.6722564504078049
0.6713490241948141
0.6735899553639997
0.6722564504079629
0.6713490241943918
0.673589955363856
0.6722564504079549
0.6713490241944262
0.6735899553638791
0.6722564504081101
0.6713490241934081
0.6735899553634572
0.672256450408337
0.6713490241925486
0.6735899553631532
0.6722564504084467
0.6713490241923659
0.6735899553631021
0.6722564504082732
0.6713490241929572
0.6735899553633276
0.6722564504079804
0.6713490241939413
0.6735899553636571
0.6722564504078526
0.6713490241946941
0.6735899553639305
0.672256450407898
0.6713490241947055
0.6735899553639557
0.6722564504080146
0.6713490241939414
0.6735899553636805
0.672256450408216
0.6713490241929223
0.673589955363284
0.6722564504084123
0.6713490241923563
0.6735899553630922
0.6722564504083854
0.6713490241926057
0.6735899553632162
0.6722564504081141
0.6713490241934553
0.6735899553634861
0.6722564504078881
0.6713490241944013
0.6735899553638359
0.6722564504078588
0.6713490241948383
0.6735899553640271