0.6649177003743993
0.6607991798055347
0.6833449739010097
0.6649177003756656
0.6607991798056845
0.6833449739153334
0.6649177003776979
0.660799179805694
0.6833449739376412
0.6649177003801792
0.6607991798054522
0.6833449739641897
0.6649177003826368
0.6607991798053
0.6833449739904707
0.6649177003845652
0.6607991798053479
0.683344974011902
0.6649177003856983
0.6607991798055463
0.6833449740240369
0.6649177003858582
0.660799179805757
0.6833449740246073
0.6649177003849525
0.6607991798059063
0.6833449740146552
0.664917700383205
0.6607991798059762
0.6833449739957809
0.6649177003809418
0.6607991798058614
0.6833449739712258
0.6649177003785185
0.6607991798058288
0.6833449739454449
0.6649177003762967
0.6607991798059443
0.6833449739227565
0.6649177003747003
0.6607991798059314
0.6833449739063902
0.664917700374058
0.6607991798056828
0.6833449738981594
0.6649177003753046
0.6607991798060879
0.6833449739151862
0.6649177003774623
0.6607991798059965
0.6833449739378141
0.664917700380041
0.6607991798058733
0.683344973964876
0.664917700382674
0.6607991798055248
0.6833449739909541
0.6649177003848343
0.6607991798051073
0.6833449740114098
0.66491770038605
0.6607991798049138
0.6833449740231541
0.6649177003862166
0.6607991798048976
0.6833449740237925
0.6649177003853612
0.6607991798050257
0.6833449740132829
0.6649177003835476
0.6607991798053465
0.683344973994752
0.6649177003810939
0.6607991798056652
0.6833449739711108
0.6649177003785154
0.6607991798058162
0.6833449739457234
0.6649177003762115
0.6607991798059276
0.6833449739226546
0.6649177003744559
0.6607991798062464
0.683344973906335
0.6649177003735913
0.6607991798065603
0.6833449738995121
0.6649177003739026
0.6607991798063866
0.6833449739021048
0.6649177003775928
0.6607991798059756
0.6833449739372517
0.6649177003801987
0.6607991798058556
0.6833449739643022
0.6649177003827172
0.6607991798059061
0.6833449739912558
0.6649177003848534
0.6607991798057652
0.6833449740122568
0.6649177003861448
0.6607991798055681
0.6833449740235953
0.6649177003862243
0.6607991798054393
0.6833449740243236
0.6649177003852327
0.660799179805311
0.6833449740140771
0.6649177003834668
0.6607991798052115
0.6833449739945837
0.664917700381067
0.6607991798052972
0.683344973970499
0.664917700378391
0.6607991798055753
0.6833449739455848
0.6649177003760515
0.6607991798056443
0.6833449739229434
0.6649177003744695
0.6607991798055786
0.6833449739058461
0.6649177003737201
0.6607991798058201
0.6833449738983054
0.6649177003739392
0.6607991798062214
0.6833449739023454
0.6649177003753138
0.660799179806262
0.6833449739158262
0.6649177003805757
0.6607991798052877
0.6833449739636815
0.6649177003830565
0.6607991798051391
0.6833449739901201
0.6649177003848998
0.6607991798052588
0.683344974011709
0.6649177003859834
0.6607991798054463
0.6833449740237322
0.664917700386076
0.6607991798056412
0.683344974024267
0.6649177003849607
0.6607991798059034
0.6833449740146125
0.664917700382982
0.6607991798060793
0.6833449739961216
0.6649177003806455
0.6607991798059731
0.6833449739713937
0.6649177003782032
0.660799179805974
0.6833449739457147
0.6649177003758966
0.660799179806156
0.6833449739232962
0.6649177003743172
0.660799179806108
0.6833449739068337
0.66491770037386
0.6607991798057471
0.6833449738984165
0.6649177003743512
0.6607991798055001
0.6833449739009612
0.6649177003756916
0.6607991798056411
0.6833449739154047
0.6649177003778981
0.6607991798056164
0.6833449739376193
0.6649177003828686
0.6607991798054234
0.6833449739906683
0.664917700384854
0.6607991798050947
0.6833449740115447
0.6649177003858733
0.6607991798050336
0.6833449740235453
0.6649177003859295
0.6607991798050676
0.6833449740241226
0.6649177003850291
0.6607991798051782
0.6833449740135726
0.6649177003831825
0.6607991798055283
0.6833449739951987
0.6649177003807354
0.6607991798058408
0.683344973971636
0.6649177003782881
0.6607991798058808
0.6833449739457613
0.6649177003761533
0.6607991798059247
0.6833449739226142
0.6649177003745177
0.6607991798062357
0.6833449739064121
0.6649177003737996
0.6607991798064908
0.6833449738993282
0.6649177003742757
0.6607991798062554
0.6833449739017907
0.6649177003757236
0.6607991798059016
0.6833449739147561
0.6649177003777952
0.6607991798058235
0.6833449739376039
0.6649177003803015
0.6607991798057369
0.6833449739647398
0.6649177003844753
0.6607991798058914
0.6833449740123405
0.664917700385713
0.6607991798057165
0.6833449740239935
0.6649177003858759
0.6607991798055859
0.6833449740246945
0.6649177003850314
0.6607991798054131
0.6833449740141866
0.6649177003833782
0.660799179805259
0.6833449739945596
0.664917700381119
0.6607991798052977
0.6833449739704953
0.6649177003786464
0.6607991798055072
0.6833449739455439
0.6649177003764238
0.6607991798054733
0.6833449739224149
0.6649177003748448
0.6607991798053864
0.683344973905402
0.6649177003740573
0.6607991798056568
0.6833449738981232
0.6649177003742253
0.660799179806072
0.6833449739019929
0.6649177003754867
0.6607991798061937
0.6833449739156142
0.6649177003775615
0.6607991798060011
0.6833449739372223
0.6649177003799966
0.6607991798059353
0.6833449739645092
0.6649177003824398
0.6607991798060087
0.6833449739914713
0.6649177003859248
0.6607991798054599
0.6833449740236541
0.6649177003860802
0.6607991798056063
0.6833449740242649
0.6649177003851765
0.6607991798057842
0.6833449740143335
0.664917700383403
0.6607991798058976
0.683344973995616
0.6649177003810232
0.6607991798058048
0.6833449739709068
0.6649177003784922
0.6607991798058466
0.6833449739453534
0.6649177003761985
0.6607991798060462
0.683344973923077
0.6649177003745336
0.6607991798060135
0.683344973906421
0.6649177003738318
0.6607991798057558
0.6833449738983615
0.6649177003741484
0.6607991798055941
0.6833449739012734
0.6649177003754501
0.6607991798057365
0.6833449739155364
0.6649177003775757
0.6607991798057549
0.6833449739379314
0.6649177003801303
0.6607991798054855
0.683344973964136
0.6649177003826816
0.6607991798053103
0.68334497399055
0.6649177003847337
0.6607991798053283
0.6833449740118844
0.6649177003863533
0.6607991798048756
0.6833449740237868
0.6649177003853355
0.6607991798050336
0.683344974013474
0.6649177003834352
0.6607991798053938
0.6833449739949197
0.6649177003809674
0.6607991798057339
0.6833449739714454
0.6649177003783175
0.6607991798058879
0.6833449739458726
0.664917700375944
0.6607991798060382
0.6833449739228643
0.6649177003742441
0.6607991798063916
0.6833449739067676
0.6649177003734927
0.6607991798066364
0.6833449738995092
0.6649177003738675
0.6607991798064448
0.6833449739022186
0.6649177003753259
0.6607991798060879
0.6833449739152455
0.6649177003776116
0.6607991798059125
0.6833449739376272
0.6649177003802932
0.6607991798057535
0.6833449739647958
0.6649177003829165
0.6607991798054076
0.683344973990734
0.664917700385042
0.6607991798050232
0.6833449740114133
0.6649177003862665
0.6607991798048652
0.6833449740231992
0.6649177003850446
0.6607991798054087
0.6833449740141864
0.6649177003831913
0.6607991798053414
0.683344973994927
0.6649177003808036
0.6607991798054113
0.6833449739706561
0.6649177003782787
0.6607991798056249
0.6833449739458074
0.6649177003760297
0.6607991798056303
0.6833449739229538
0.6649177003744973
0.6607991798055457
0.683344973905835
0.664917700373855
0.6607991798057772
0.6833449738984166
0.6649177003741894
0.6607991798061188
0.6833449739020101
0.6649177003755711
0.6607991798061819
0.6833449739157293
0.6649177003777664
0.6607991798059187
0.6833449739372286
0.6649177003803425
0.6607991798057726
0.6833449739640014
0.6649177003828504
0.6607991798058166
0.6833449739910963
0.6649177003848336
0.6607991798057287
0.6833449740121371
0.6649177003859855
0.6607991798056054
0.6833449740237052
0.6649177003860491
0.6607991798055155
0.6833449740243853
0.6649177003829629
0.660799179806083
0.6833449739959704
0.6649177003806828
0.6607991798059645
0.683344973971387
0.6649177003783053
0.6607991798059257
0.6833449739453517
0.6649177003760985
0.6607991798060542
0.6833449739229602
0.6649177003745539
0.6607991798059645
0.6833449739063855
0.6649177003740515
0.6607991798056276
0.6833449738980472
0.6649177003745076
0.6607991798054296
0.6833449739008415
0.6649177003758197
0.6607991798055819
0.6833449739149999
0.6649177003779264
0.6607991798056366
0.6833449739376555
0.6649177003804618
0.6607991798053703
0.6833449739639774
0.6649177003828681
0.6607991798052331
0.6833449739901793
0.6649177003846894
0.6607991798053332
0.6833449740118744
0.6649177003857384
0.6607991798055273
0.6833449740239435
0.6649177003858191
0.660799179805717
0.6833449740245262
0.6649177003848087
0.6607991798059463
0.683344974014532
0.6649177003809674
0.6607991798057156
0.683344973971403
0.6649177003785219
0.6607991798057968
0.6833449739458384
0.664917700376368
0.6607991798058566
0.6833449739224118
0.6649177003746485
0.6607991798062072
0.6833449739063808
0.664917700373793
0.6607991798064936
0.6833449738993287
0.6649177003741595
0.6607991798062919
0.6833449739018606
0.6649177003755455
0.6607991798059814
0.6833449739150433
0.6649177003775637
0.6607991798059141
0.6833449739375539
0.6649177003800576
0.6607991798058623
0.6833449739649806
0.6649177003826876
0.6607991798055415
0.6833449739910322
0.6649177003847424
0.6607991798051744
0.6833449740115515
0.6649177003858281
0.660799179805062
0.6833449740235574
0.664917700385968
0.6607991798050388
0.6833449740241269
0.6649177003851788
0.6607991798051047
0.6833449740136088
0.6649177003833953
0.6607991798054155
0.6833449739948979
0.6649177003785901
0.6607991798054877
0.6833449739455093
0.6649177003762826
0.6607991798055329
0.6833449739228094
0.6649177003747129
0.6607991798054599
0.6833449739055698
0.664917700373872
0.6607991798057757
0.683344973898528
0.6649177003739615
0.6607991798062111
0.683344973902425
0.6649177003752824
0.6607991798062933
0.6833449739159433
0.664917700377484
0.6607991798060515
0.6833449739376363
0.6649177003799541
0.6607991798059436
0.6833449739645157
0.6649177003824378
0.6607991798059969
0.6833449739915702
0.6649177003846403
0.6607991798058467
0.6833449740124173
0.6649177003859867
0.6607991798056441
0.6833449740237395
0.6649177003861014
0.6607991798055048
0.6833449740244624
0.6649177003852226
0.6607991798053328
0.6833449740139796
0.6649177003835872
0.660799179805168
0.6833449739944959
0.6649177003812456
0.6607991798052222
0.6833449739702507
0.6649177003759126
0.6607991798061211
0.6833449739231441
0.6649177003742699
0.6607991798061077
0.6833449739066911
0.6649177003737095
0.6607991798057968
0.6833449738982366
0.6649177003741155
0.6607991798056265
0.6833449739012863
0.6649177003754411
0.6607991798057424
0.6833449739154769
0.6649177003776813
0.6607991798056988
0.6833449739376488
0.6649177003804082
0.6607991798053707
0.6833449739639909
0.6649177003829436
0.6607991798051793
0.6833449739901953
0.6649177003848903
0.6607991798052223
0.6833449740117081
0.6649177003860924
0.6607991798053791
0.6833449740235656
0.6649177003862398
0.6607991798055695
0.683344974024148
0.6649177003851696
0.6607991798058166
0.6833449740144224
0.6649177003832407
0.6607991798059758
0.6833449739957134
0.6649177003808802
0.6607991798058837
0.6833449739711749
0.6649177003783135
0.6607991798059063
0.6833449739454016
0.6649177003742786
0.660799179806333
0.6833449739066586
0.664917700373595
0.6607991798065544
0.6833449738994868
0.6649177003740951
0.6607991798063041
0.6833449739018043
0.6649177003755935
0.660799179805984
0.6833449739150694
0.6649177003777957
0.6607991798058368
0.683344973937467
0.6649177003804263
0.6607991798056829
0.6833449739644344
0.6649177003830422
0.6607991798053664
0.6833449739906141
0.6649177003850599
0.6607991798050187
0.6833449740112569
0.6649177003861164
0.6607991798048848
0.6833449740231807
0.6649177003861468
0.6607991798049261
0.6833449740237515
0.6649177003851412
0.6607991798051213
0.6833449740135019
0.6649177003831879
0.660799179805512
0.6833449739951525
0.6649177003807147
0.6607991798058519
0.6833449739715185
0.6649177003781874
0.660799179805974
0.683344973946072
0.664917700375937
0.6607991798060463
0.6833449739228603
0.6649177003740803
0.6607991798057069
0.6833449738982362
0.6649177003743642
0.6607991798060342
0.6833449739019946
0.6649177003756849
0.6607991798060882
0.6833449739154579
0.6649177003777952
0.6607991798059091
0.6833449739373647
0.664917700380262
0.660799179805828
0.6833449739643327
0.6649177003826707
0.6607991798058996
0.6833449739912711
0.6649177003846263
0.6607991798058661
0.6833449740125296
0.6649177003857656
0.6607991798057613
0.6833449740240856
0.6649177003858298
0.6607991798055977
0.6833449740247433
0.6649177003849016
0.6607991798054323
0.6833449740142281
0.6649177003831618
0.6607991798053359
0.6833449739948899
0.66491770038085
0.6607991798053775
0.6833449739707245
0.6649177003784131
0.6607991798055627
0.6833449739455288
0.6649177003762693
0.660799179805582
0.6833449739227921
0.664917700374759
0.6607991798054944
0.683344973905638