0.6680935471032998
0.6695041945681623
0.6624068856131802
0.6680935471033398
0.6695041945681548
0.6624068856132053
0.6680935471033483
0.6695041945681215
0.6624068856131626
0.6680935471033095
0.6695041945681965
0.6624068856132391
0.6680935471033652
0.669504194568176
0.662406885613222
0.6680935471033587
0.669504194568163
0.6624068856131955
0.668093547103374
0.6695041945681377
0.6624068856132288
0.6680935471033603
0.6695041945681692
0.6624068856131688
0.6680935471033098
0.6695041945681786
0.6624068856131946
0.6680935471033553
0.6695041945681516
0.6624068856132092
0.6680935471033533
0.6695041945681552
0.6624068856131908
0.6680935471033039
0.6695041945681665
0.6624068856132148
0.6680935471033602
0.6695041945681848
0.6624068856132527
0.6680935471033637
0.669504194568112
0.6624068856131526
0.668093547103355
0.6695041945682034
0.6624068856132375
0.6680935471033431
0.6695041945681521
0.6624068856131997
0.6680935471033351
0.669504194568134
0.6624068856131772
0.6680935471033085
0.6695041945682091
0.6624068856132186
0.6680935471033751
0.6695041945681468
0.66240688561317
0.6680935471033543
0.6695041945681417
0.6624068856132223
0.6680935471033536
0.669504194568129
0.6624068856132261
0.6680935471033784
0.669504194568198
0.6624068856131855
0.668093547103332
0.6695041945681857
0.6624068856132379
0.6680935471033382
0.6695041945681353
0.662406885613156
0.6680935471033425
0.6695041945681184
0.6624068856131698
0.6680935471033298
0.6695041945681663
0.6624068856132054
0.66809354710337
0.6695041945681988
0.662406885613223
0.6680935471033574
0.669504194568129
0.6624068856131969
0.668093547103359
0.6695041945681846
0.6624068856132495
0.668093547103318
0.6695041945681381
0.6624068856131632
0.6680935471033429
0.6695041945681232
0.6624068856131622
0.6680935471033111
0.6695041945682105
0.662406885613225
0.6680935471033582
0.6695041945681668
0.662406885613188
0.6680935471033504
0.6695041945681628
0.6624068856132104
0.6680935471033578
0.669504194568113
0.6624068856131817
0.6680935471033641
0.6695041945681888
0.6624068856132141
0.6680935471033109
0.6695041945681834
0.6624068856132466
0.6680935471033493
0.6695041945681708
0.6624068856131748
0.6680935471033645
0.6695041945681335
0.6624068856132239
0.6680935471033007
0.6695041945681652
0.6624068856131621
0.6680935471033558
0.6695041945681711
0.6624068856132075
0.6680935471033738
0.6695041945681381
0.6624068856131979
0.6680935471033729
0.6695041945682001
0.6624068856132237
0.6680935471033028
0.669504194568168
0.662406885613215
0.6680935471033443
0.6695041945681419
0.6624068856132184
0.668093547103314
0.6695041945681921
0.6624068856132389
0.6680935471033755
0.669504194568147
0.6624068856131701
0.6680935471033485
0.6695041945681609
0.662406885613205
0.6680935471033489
0.6695041945681252
0.662406885613199
0.6680935471033627
0.6695041945681985
0.6624068856131935
0.6680935471033251
0.6695041945681552
0.6624068856131964
0.6680935471033362
0.669504194568155
0.6624068856132012
0.6680935471033463
0.6695041945681247
0.6624068856132225
0.6680935471033134
0.6695041945681922
0.662406885613177
0.6680935471033844
0.6695041945681743
0.6624068856132523
0.6680935471033531
0.6695041945681233
0.6624068856131445
0.6680935471033597
0.6695041945681657
0.6624068856132049
0.6680935471033241
0.6695041945681697
0.662406885613205
0.6680935471033578
0.6695041945681525
0.6624068856131917
0.6680935471033393
0.6695041945681397
0.6624068856132057
0.6680935471033658
0.6695041945681753
0.6624068856132217
0.6680935471033491
0.6695041945681475
0.6624068856132226
0.6680935471033631
0.6695041945681097
0.6624068856131826
0.6680935471033598
0.6695041945682014
0.6624068856131984
0.6680935471033072
0.6695041945681762
0.6624068856132126
0.6680935471033318
0.6695041945681736
0.6624068856131887
0.668093547103354
0.669504194568104
0.6624068856131757
0.6680935471033053
0.6695041945681783
0.6624068856132068
0.6680935471033592
0.6695041945681715
0.6624068856132577
0.6680935471033651
0.6695041945681599
0.6624068856131644
0.6680935471033778
0.6695041945681797
0.6624068856132566
0.6680935471033042
0.6695041945681632
0.6624068856131616
0.6680935471033407
0.6695041945681213
0.6624068856131731
0.6680935471033603
0.6695041945681477
0.6624068856132075
0.66809354710332
0.6695041945682106
0.6624068856132096
0.6680935471033647
0.6695041945681578
0.6624068856131966
0.6680935471033529
0.6695041945681323
0.6624068856132264
0.6680935471033662
0.6695041945681852
0.6624068856132146
0.6680935471033203
0.6695041945681608
0.6624068856131944
0.668093547103338
0.6695041945681698
0.6624068856131862
0.6680935471033398
0.6695041945681175
0.6624068856131929
0.6680935471033047
0.6695041945681912
0.6624068856131876
0.6680935471033661
0.6695041945681498
0.6624068856132102
0.6680935471033571
0.6695041945681452
0.6624068856131907
0.6680935471033592
0.6695041945681708
0.6624068856132556
0.6680935471033185
0.669504194568191
0.6624068856131785
0.6680935471033638
0.6695041945681297
0.6624068856132183
0.6680935471033362
0.6695041945681398
0.6624068856131577
0.6680935471033094
0.6695041945681774
0.6624068856131919
0.6680935471033871
0.6695041945681772
0.6624068856132149
0.6680935471033715
0.6695041945681403
0.6624068856132261
0.6680935471033764
0.6695041945682007
0.662406885613184
0.6680935471033131
0.6695041945681814
0.6624068856132463
0.6680935471033393
0.6695041945681539
0.6624068856132022
0.6680935471033533
0.6695041945681036
0.6624068856131777
0.6680935471033003
0.6695041945681952
0.6624068856131884
0.6680935471033551
0.6695041945681655
0.6624068856132257
0.6680935471033512
0.6695041945681588
0.6624068856131785
0.66809354710337
0.6695041945681467
0.6624068856132082
0.6680935471033036
0.6695041945681788
0.6624068856132065
0.6680935471033446
0.6695041945681262
0.6624068856132242
0.6680935471033469
0.6695041945681723
0.662406885613174
0.6680935471033351
0.6695041945681841
0.6624068856132428
0.6680935471033618
0.6695041945681679
0.6624068856131663
0.6680935471033509
0.6695041945681277
0.6624068856131786
0.6680935471033618
0.6695041945681686
0.6624068856131669
0.6680935471033354
0.669504194568185
0.6624068856132426
0.6680935471033469
0.669504194568172
0.6624068856131746
0.6680935471033451
0.6695041945681268
0.6624068856132235
0.6680935471033034
0.6695041945681783
0.662406885613207
0.6680935471033703
0.6695041945681471
0.6624068856132088
0.6680935471033509
0.6695041945681581
0.6624068856131777
0.6680935471033552
0.6695041945681662
0.662406885613227
0.6680935471033005
0.6695041945681957
0.6624068856131878
0.6680935471033529
0.6695041945681038
0.6624068856131784
0.6680935471033391
0.6695041945681545
0.662406885613202
0.6680935471033125
0.6695041945681814
0.6624068856132446
0.6680935471033764
0.6695041945682008
0.6624068856131855
0.6680935471033709
0.6695041945681399
0.6624068856132249
0.6680935471033509
0.6695041945681282
0.6624068856131797
0.668093547103309
0.6695041945681771
0.6624068856131906
0.668093547103336
0.6695041945681397
0.6624068856131577
0.6680935471033642
0.6695041945681297
0.6624068856132197
0.6680935471033189
0.6695041945681912
0.6624068856131774
0.6680935471033593
0.6695041945681708
0.6624068856132571
0.6680935471033569
0.6695041945681446
0.6624068856131897
0.6680935471033662
0.6695041945681501
0.6624068856132102
0.6680935471033048
0.6695041945681915
0.6624068856131882
0.6680935471033397
0.6695041945681177
0.6624068856131919
0.6680935471033379
0.6695041945681697
0.6624068856131873
0.6680935471033198
0.6695041945681605
0.662406885613194
0.6680935471033661
0.669504194568185
0.662406885613214
0.6680935471033529
0.669504194568132
0.6624068856132271
0.6680935471033647
0.6695041945681577
0.662406885613195
0.668093547103387
0.6695041945681768
0.662406885613216
0.668093547103361
0.6695041945681484
0.662406885613207
0.6680935471033407
0.6695041945681212
0.6624068856131735
0.6680935471033045
0.6695041945681633
0.6624068856131617
0.6680935471033774
0.669504194568179
0.6624068856132552
0.6680935471033647
0.6695041945681601
0.6624068856131655
0.6680935471033592
0.669504194568171
0.6624068856132557
0.6680935471033052
0.6695041945681786
0.6624068856132082
0.6680935471033533
0.6695041945681038
0.6624068856131756
0.6680935471033319
0.6695041945681732
0.6624068856131886
0.6680935471033072
0.6695041945681763
0.6624068856132137
0.66809354710336
0.6695041945682014
0.6624068856131969
0.6680935471033638
0.66950419456811
0.662406885613184
0.6680935471033493
0.6695041945681466
0.6624068856132219
0.668093547103366
0.669504194568175
0.6624068856132209
0.6680935471033197
0.6695041945682101
0.6624068856132108
0.6680935471033569
0.6695041945681519
0.6624068856131904
0.6680935471033238
0.6695041945681697
0.6624068856132064
0.6680935471033596
0.6695041945681659
0.6624068856132044
0.6680935471033533
0.6695041945681237
0.6624068856131456
0.6680935471033844
0.669504194568174
0.6624068856132523
0.668093547103313
0.6695041945681919
0.6624068856131764
0.668093547103346
0.6695041945681242
0.6624068856132235
0.6680935471033362
0.6695041945681547
0.6624068856132
0.6680935471033254
0.6695041945681556
0.6624068856131964
0.6680935471033627
0.6695041945681985
0.6624068856131938
0.6680935471033491
0.6695041945681255
0.6624068856131983
0.6680935471033487
0.6695041945681605
0.6624068856132066
0.668093547103376
0.6695041945681472
0.6624068856131687
0.6680935471033138
0.6695041945681921
0.6624068856132396
0.6680935471033393
0.6695041945681401
0.6624068856132057
0.6680935471033029
0.669504194568168
0.662406885613215
0.6680935471033727
0.6695041945681999
0.6624068856132246
0.6680935471033739
0.6695041945681379
0.6624068856131964
0.6680935471033553
0.6695041945681711
0.6624068856132088
0.6680935471033005
0.6695041945681655
0.6624068856131605
0.6680935471033649
0.669504194568133
0.6624068856132238
0.6680935471033491
0.669504194568171
0.6624068856131756
0.6680935471033107
0.6695041945681831
0.6624068856132457
0.668093547103364
0.669504194568189
0.6624068856132155
0.6680935471033573
0.6695041945681128
0.662406885613181
0.6680935471033509
0.6695041945681633
0.6624068856132108
0.6680935471033584
0.6695041945681668
0.6624068856131891
0.6680935471033116
0.6695041945682106
0.6624068856132237
0.6680935471033423
0.6695041945681228
0.6624068856131629
0.6680935471033447
0.6695041945681423
0.662406885613218
0.6680935471033593
0.6695041945681843
0.66240688561325
0.6680935471033576
0.6695041945681286
0.6624068856131964
0.6680935471033702
0.6695041945681985
0.6624068856132219
0.6680935471033296
0.6695041945681667
0.6624068856132068
0.6680935471033422
0.6695041945681184
0.6624068856131691
0.6680935471033382
0.6695041945681357
0.6624068856131573
0.6680935471033324
0.6695041945681856
0.6624068856132376
0.6680935471033779
0.6695041945681974
0.662406885613184
0.6680935471033533
0.6695041945681286
0.6624068856132271
0.6680935471033544
0.6695041945681415
0.6624068856132206
0.6680935471033748
0.6695041945681461
0.6624068856131711
0.6680935471033091
0.669504194568209
0.6624068856132184
0.6680935471033345
0.6695041945681335
0.662406885613177
0.6680935471033433
0.6695041945681519
0.6624068856132009
0.6680935471033178
0.6695041945681379
0.6624068856131614
0.6680935471033631
0.6695041945681113
0.662406885613154
0.6680935471033594
0.6695041945681853
0.6624068856132515
0.6680935471033033
0.6695041945681665
0.6624068856132154
0.6680935471033542
0.6695041945681557
0.6624068856131908
0.668093547103355
0.6695041945681512
0.6624068856132082
0.6680935471033098
0.6695041945681787
0.6624068856131955
0.6680935471033602
0.669504194568169
0.6624068856131681
0.6680935471033738
0.6695041945681383
0.66240688561323
0.6680935471033587
0.6695041945681628
0.6624068856131955
0.668093547103365
0.6695041945681758
0.6624068856132211
0.6680935471033091
0.6695041945681963
0.6624068856132405
0.668093547103348
0.6695041945681212
0.6624068856131617
0.66809354710334
0.6695041945681559
0.6624068856132058
0.6680935471032999
0.6695041945681628
0.6624068856131803
0.6680935471033553
0.6695041945682043
0.662406885613237
0.6680935471033602
0.6695041945681977
0.6624068856132337
0.6680935471033134
0.6695041945681419
0.6624068856131609
0.6680935471033468
0.6695041945681371
0.6624068856132175
0.6680935471033386
0.6695041945681404
0.662406885613204
0.6680935471033258
0.6695041945682049
0.6624068856132108
0.6680935471033873
0.6695041945681754
0.6624068856132134
0.6680935471033507
0.6695041945681277
0.6624068856131753
0.6680935471033503
0.6695041945681275
0.6624068856131767
0.6680935471033866
0.6695041945681746
0.6624068856132117
0.6680935471033255
0.6695041945682051
0.6624068856132106
0.6680935471033385
0.6695041945681399
0.6624068856132044
0.668093547103347
0.6695041945681374
0.6624068856132165
0.6680935471033131
0.6695041945681419
0.6624068856131622
0.66809354710336
0.6695041945681972
0.6624068856132327
0.6680935471033521
0.6695041945681213
0.6624068856131665