0.6722564504078326
0.6713490241947968
0.6735899553640958
0.672256450407868
0.6713490241943443
0.6735899553638988
0.6722564504080961
0.6713490241933906
0.6735899553635469
0.672256450408365
0.6713490241925487
0.673589955363277
0.6722564504083877
0.6713490241923192
0.6735899553631598
0.6722564504081864
0.6713490241928994
0.6735899553633575
0.6722564504079884
0.6713490241939217
0.673589955363753
0.6722564504078725
0.6713490241946729
0.6735899553640301
0.6722564504078301
0.6713490241946436
0.6735899553639941
0.6722564504079619
0.6713490241938771
0.6735899553637168
0.6722564504082567
0.671349024192899
0.6735899553633892
0.6722564504084219
0.671349024192323
0.6735899553631697
0.6722564504083094
0.6713490241925241
0.6735899553632287
0.6722564504080801
0.6713490241933939
0.6735899553635363
0.6722564504079257
0.6713490241944079
0.673589955363954
0.672256450407934
0.6713490241943705
0.6735899553639324
0.6722564504077809
0.6713490241947784
0.6735899553640678
0.6722564504078692
0.671349024194357
0.673589955363922
0.6722564504081454
0.6713490241934008
0.6735899553635701
0.6722564504083386
0.6713490241925324
0.6735899553632502
0.6722564504083286
0.6713490241923128
0.6735899553631514
0.6722564504082065
0.6713490241929253
0.6735899553633904
0.6722564504080262
0.6713490241939417
0.6735899553637802
0.6722564504078288
0.6713490241946652
0.6735899553640128
0.672256450407787
0.6713490241946455
0.6735899553640055
0.6722564504079995
0.6713490241939057
0.6735899553637521
0.6722564504082786
0.6713490241928972
0.6735899553633908
0.6722564504083649
0.6713490241922906
0.6735899553631373
0.6722564504082842
0.6713490241925345
0.6735899553632405
0.6722564504081296
0.6713490241934066
0.6735899553635609
0.67225645040816
0.6713490241934179
0.6735899553635725
0.6722564504078923
0.6713490241943614
0.6735899553639213
0.6722564504077702
0.6713490241947697
0.673589955364062
0.6722564504079183
0.6713490241943572
0.6735899553639167
0.6722564504081523
0.671349024193387
0.6735899553635627
0.6722564504082965
0.6713490241925134
0.6735899553632257
0.6722564504083401
0.6713490241923107
0.6735899553631498
0.6722564504082568
0.6713490241929319
0.6735899553634033
0.6722564504080105
0.6713490241939348
0.6735899553637901
0.6722564504077827
0.6713490241946598
0.6735899553639992
0.6722564504078097
0.6713490241946563
0.6735899553640146
0.672256450408034
0.6713490241939184
0.6735899553637695
0.6722564504082394
0.6713490241929108
0.6735899553633974
0.6722564504083282
0.6713490241922921
0.6735899553631328
0.6722564504083267
0.6713490241925373
0.673589955363247
0.6722564504083589
0.6713490241925604
0.6735899553632759
0.6722564504081138
0.6713490241933999
0.673589955363551
0.6722564504078625
0.6713490241943645
0.6735899553639018
0.6722564504078148
0.6713490241947959
0.673589955364094
0.6722564504079362
0.6713490241943585
0.6735899553639182
0.67225645040811
0.6713490241933612
0.6735899553635272
0.6722564504083034
0.6713490241925109
0.6735899553632165
0.6722564504084029
0.6713490241923243
0.6735899553631817
0.6722564504082634
0.6713490241929156
0.673589955363382
0.6722564504079759
0.6713490241939005
0.6735899553637361
0.6722564504078076
0.6713490241946602
0.6735899553640026
0.6722564504078612
0.6713490241946868
0.6735899553640486
0.6722564504080109
0.671349024193898
0.6735899553637463
0.6722564504082038
0.6713490241928851
0.6735899553633611
0.6722564504083677
0.6713490241923294
0.673589955363163
0.6722564504083899
0.6713490241923172
0.6735899553631641
0.6722564504083187
0.6713490241925337
0.6735899553632376
0.6722564504080873
0.6713490241934157
0.6735899553635597
0.6722564504078946
0.671349024194396
0.6735899553639362
0.672256450407823
0.6713490241947976
0.6735899553640923
0.672256450407894
0.6713490241943495
0.6735899553638997
0.6722564504081052
0.6713490241933898
0.6735899553635617
0.6722564504083428
0.6713490241925428
0.6735899553632465
0.6722564504084013
0.6713490241923022
0.6735899553631544
0.6722564504082198
0.671349024192889
0.6735899553633556
0.672256450407985
0.6713490241939362
0.6735899553637668
0.6722564504078454
0.6713490241946609
0.6735899553640132
0.6722564504078457
0.6713490241946316
0.6735899553640001
0.6722564504079799
0.6713490241938902
0.6735899553637352
0.6722564504082291
0.6713490241929094
0.6735899553633945
0.6722564504082469
0.6713490241928916
0.6735899553633762
0.6722564504083801
0.6713490241922997
0.673589955363151
0.6722564504083021
0.6713490241925328
0.6735899553632383
0.6722564504081036
0.6713490241934179
0.6735899553635694
0.6722564504079096
0.6713490241943851
0.6735899553639311
0.6722564504078042
0.6713490241947918
0.6735899553640992
0.6722564504078745
0.6713490241943675
0.6735899553639149
0.672256450408119
0.6713490241934026
0.6735899553635696
0.6722564504083361
0.6713490241925275
0.6735899553632432
0.6722564504083635
0.6713490241923208
0.6735899553631721
0.6722564504082065
0.6713490241929163
0.6735899553633778
0.6722564504080024
0.6713490241939251
0.6735899553637659
0.6722564504078405
0.6713490241946534
0.6735899553640076
0.6722564504078195
0.6713490241946405
0.6735899553640097
0.6722564504079871
0.6713490241938981
0.6735899553637432
0.6722564504080045
0.6713490241939093
0.6735899553637581
0.672256450408246
0.6713490241928826
0.6735899553633685
0.6722564504083648
0.6713490241922908
0.6735899553631377
0.672256450408314
0.6713490241925364
0.6735899553632383
0.6722564504081348
0.6713490241934106
0.6735899553635819
0.6722564504079065
0.6713490241943596
0.6735899553639084
0.6722564504077944
0.6713490241947723
0.6735899553640768
0.672256450407892
0.6713490241943656
0.6735899553639189
0.6722564504081363
0.6713490241934077
0.6735899553635791
0.6722564504083226
0.6713490241925161
0.6735899553632296
0.6722564504083555
0.6713490241923212
0.6735899553631614
0.672256450408228
0.6713490241929412
0.6735899553633982
0.672256450408009
0.6713490241939295
0.6735899553637797
0.6722564504078214
0.6713490241946585
0.673589955364003
0.6722564504078121
0.6713490241946586
0.673589955364007
0.6722564504078186
0.6713490241946727
0.6735899553640244
0.6722564504080026
0.671349024193896
0.6735899553637439
0.6722564504082396
0.6713490241928908
0.6735899553633667
0.6722564504083747
0.6713490241923249
0.6735899553631755
0.6722564504083264
0.6713490241925434
0.673589955363241
0.6722564504081332
0.6713490241933822
0.6735899553635446
0.6722564504079042
0.671349024194358
0.6735899553639052
0.6722564504078072
0.6713490241948035
0.6735899553641055
0.6722564504079072
0.6713490241943398
0.6735899553638988
0.672256450408137
0.6713490241933598
0.6735899553635368
0.6722564504083277
0.6713490241925314
0.6735899553632385
0.6722564504083715
0.6713490241923311
0.6735899553631791
0.6722564504082348
0.6713490241929132
0.673589955363376
0.6722564504079958
0.6713490241939197
0.6735899553637521
0.6722564504078148
0.6713490241946825
0.6735899553640281
0.6722564504078096
0.6713490241946702
0.6735899553640126
0.6722564504078234
0.6713490241946505
0.673589955364001
0.6722564504080145
0.671349024193909
0.6735899553637729
0.6722564504082327
0.6713490241929221
0.6735899553633917
0.6722564504083564
0.6713490241923165
0.6735899553631592
0.6722564504083206
0.6713490241925297
0.6735899553632346
0.6722564504081316
0.671349024193431
0.6735899553635873
0.6722564504078883
0.671349024194382
0.673589955363924
0.6722564504077949
0.6713490241947704
0.6735899553640742
0.6722564504079116
0.6713490241943407
0.6735899553639011
0.6722564504081384
0.6713490241933853
0.6735899553635719
0.6722564504083169
0.6713490241925217
0.673589955363233
0.6722564504083635
0.6713490241922964
0.6735899553631399
0.6722564504082406
0.6713490241929035
0.6735899553633767
0.6722564504079971
0.6713490241939333
0.6735899553637672
0.6722564504079818
0.6713490241939208
0.6735899553637512
0.6722564504078176
0.6713490241946513
0.6735899553640139
0.6722564504078439
0.671349024194646
0.673589955364006
0.6722564504080066
0.6713490241939052
0.6735899553637598
0.6722564504082108
0.6713490241928979
0.6735899553633713
0.6722564504083648
0.6713490241923181
0.6735899553631717
0.6722564504083326
0.6713490241925433
0.6735899553632505
0.6722564504081123
0.6713490241934262
0.6735899553635781
0.6722564504078707
0.671349024194384
0.6735899553639209
0.6722564504078042
0.6713490241947901
0.673589955364097
0.6722564504079134
0.6713490241943643
0.6735899553639217
0.6722564504081099
0.6713490241933912
0.6735899553635583
0.6722564504083063
0.6713490241925162
0.6735899553632317
0.6722564504083799
0.6713490241923024
0.6735899553631519
0.6722564504082421
0.6713490241929116
0.6735899553633832
0.6722564504082249
0.6713490241929285
0.6735899553634006
0.6722564504079771
0.6713490241939114
0.6735899553637423
0.6722564504078457
0.6713490241946407
0.6735899553640029
0.6722564504078485
0.6713490241946503
0.6735899553640092
0.6722564504079906
0.6713490241939131
0.6735899553637578
0.6722564504082249
0.6713490241928692
0.6735899553633486
0.6722564504084013
0.6713490241922981
0.6735899553631528
0.672256450408338
0.6713490241925578
0.673589955363253
0.6722564504080982
0.6713490241934147
0.6735899553635716
0.6722564504078884
0.671349024194368
0.6735899553639073
0.6722564504078219
0.6713490241947986
0.6735899553640928
0.6722564504078969
0.6713490241943783
0.6735899553639295
0.6722564504080932
0.6713490241933917
0.6735899553635506
0.6722564504083238
0.6713490241925195
0.673589955363233
0.672256450408391
0.6713490241923221
0.6735899553631648
0.6722564504083662
0.6713490241923347
0.673589955363165
0.6722564504082
0.6713490241929052
0.6735899553633677
0.6722564504080066
0.671349024193919
0.6735899553637541
0.6722564504078592
0.6713490241946944
0.6735899553640508
0.6722564504078098
0.6713490241946478
0.6735899553639979
0.6722564504079813
0.6713490241938751
0.6735899553637261
0.6722564504082681
0.6713490241928928
0.6735899553633732
0.6722564504084039
0.6713490241923185
0.6735899553631786
0.6722564504082991
0.6713490241925242
0.6735899553632219
0.6722564504081047
0.6713490241933864
0.673589955363537
0.6722564504079317
0.6713490241943779
0.673589955363926
0.6722564504078137
0.6713490241947979
0.6735899553640945
0.6722564504078659
0.6713490241943493
0.673589955363897
0.672256450408121
0.6713490241933794
0.6735899553635449
0.6722564504083615
0.6713490241925479
0.6735899553632718
0.672256450408329
0.6713490241925254
0.6735899553632432
0.6722564504083253
0.6713490241922986
0.6735899553631368
0.6722564504082333
0.6713490241929337
0.673589955363406
0.672256450408028
0.6713490241939427
0.6735899553637795
0.672256450407807
0.6713490241946671
0.6735899553640186
0.6722564504077855
0.6713490241946506
0.6735899553639959
0.6722564504080182
0.6713490241939122
0.6735899553637813
0.6722564504082619
0.6713490241929098
0.6735899553633937
0.6722564504083423
0.6713490241923036
0.6735899553631463
0.672256450408296
0.671349024192526
0.6735899553632295
0.6722564504081485
0.6713490241934088
0.6735899553635702
0.6722564504079127
0.6713490241943731
0.6735899553639206
0.6722564504077697
0.6713490241947683
0.6735899553640612
0.6722564504078964
0.6713490241943442
0.6735899553639154
0.6722564504081647
0.6713490241933951
0.6735899553635663
0.6722564504081359
0.6713490241933826
0.6735899553635523
0.6722564504082877
0.671349024192521
0.6735899553632356
0.6722564504083645
0.6713490241922968
0.6735899553631399
0.6722564504082735
0.6713490241929203
0.6735899553633995
0.6722564504079929
0.6713490241939305
0.6735899553637614
0.6722564504077844
0.6713490241946579
0.673589955364011
0.6722564504078314
0.671349024194658
0.6735899553640106
0.6722564504080297
0.6713490241939197
0.6735899553637722
0.6722564504082097
0.6713490241929045
0.6735899553633823
0.6722564504083302
0.6713490241923069
0.6735899553631495
0.6722564504083361
0.6713490241925439
0.6735899553632545
0.6722564504081396
0.6713490241934211
0.6735899553635764
0.6722564504078655
0.6713490241943715
0.673589955363926
0.6722564504077817
0.6713490241947755
0.6735899553640665
0.6722564504079396
0.6713490241943514
0.6735899553639249
0.6722564504079305
0.6713490241943882
0.6735899553639463
0.672256450408086
0.6713490241933678
0.6735899553635253
0.672256450408315
0.6713490241925086
0.6735899553632221
0.6722564504084215
0.6713490241923259
0.6735899553631697
0.6722564504082501
0.671349024192918
0.6735899553633958
0.6722564504079565
0.6713490241938995
0.6735899553637255
0.6722564504078277
0.6713490241946534
0.6735899553639986
0.672256450407873
0.6713490241946647
0.673589955364027
0.6722564504079914
0.6713490241939009
0.6735899553637458
0.6722564504081909
0.6713490241928808
0.6735899553633516
0.6722564504083891
0.6713490241923159
0.6735899553631601
0.6722564504083617
0.671349024192565
0.673589955363283
0.6722564504080895
0.671349024193415
0.6735899553635558
0.672256450407865
0.6713490241943618
0.6735899553639046
0.6722564504078343
0.6713490241947964
0.6735899553640948