0.66551781469044
0.6625336695865819
0.6856270340518367
0.6655178146904416
0.6625336695865865
0.6856270340518473
0.665517814690439
0.6625336695865877
0.6856270340518404
0.665517814690443
0.6625336695865904
0.6856270340518426
0.6655178146904441
0.6625336695865859
0.6856270340518389
0.6655178146904421
0.6625336695865877
0.685627034051842
0.6655178146904428
0.6625336695865827
0.6856270340518342
0.6655178146904462
0.6625336695865836
0.6856270340518258
0.6655178146904417
0.6625336695865794
0.6856270340518195
0.6655178146904417
0.6625336695865827
0.6856270340518174
0.6655178146904432
0.6625336695865809
0.6856270340518338
0.6655178146904431
0.6625336695865807
0.6856270340518248
0.6655178146904416
0.6625336695865853
0.6856270340518427
0.6655178146904417
0.6625336695865862
0.6856270340518473
0.6655178146904424
0.6625336695865849
0.6856270340518402
0.6655178146904444
0.6625336695865807
0.6856270340518247
0.6655178146904448
0.6625336695865787
0.6856270340518215
0.6655178146904428
0.6625336695865851
0.6856270340518336
0.6655178146904422
0.6625336695865875
0.6856270340518311
0.6655178146904405
0.6625336695865882
0.6856270340518579
0.6655178146904399
0.6625336695865891
0.685627034051848
0.6655178146904419
0.6625336695865884
0.6856270340518711
0.6655178146904428
0.6625336695865879
0.6856270340518603
0.6655178146904404
0.6625336695865853
0.6856270340518442
0.6655178146904391
0.6625336695865833
0.6856270340518228
0.6655178146904421
0.6625336695865807
0.6856270340518308
0.6655178146904381
0.6625336695865799
0.6856270340518231
0.6655178146904397
0.6625336695865812
0.6856270340518299
0.6655178146904447
0.6625336695865838
0.6856270340518243
0.6655178146904437
0.6625336695865838
0.6856270340518298
0.665517814690442
0.6625336695865829
0.6856270340518373
0.6655178146904455
0.6625336695865801
0.6856270340518275
0.6655178146904455
0.6625336695865777
0.6856270340518262
0.6655178146904437
0.6625336695865819
0.685627034051826
0.6655178146904408
0.6625336695865816
0.6856270340518364
0.6655178146904392
0.6625336695865849
0.6856270340518267
0.6655178146904416
0.6625336695865843
0.6856270340518404
0.6655178146904459
0.662533669586589
0.6856270340518451
0.6655178146904411
0.6625336695865863
0.6856270340518464
0.665517814690443
0.6625336695865865
0.6856270340518373
0.665517814690442
0.6625336695865833
0.6856270340518376
0.6655178146904406
0.6625336695865855
0.6856270340518487
0.6655178146904378
0.662533669586584
0.6856270340518369
0.6655178146904399
0.662533669586584
0.6856270340518458
0.6655178146904408
0.6625336695865842
0.6856270340518295
0.6655178146904394
0.6625336695865881
0.6856270340518427
0.6655178146904432
0.6625336695865892
0.6856270340518474
0.665517814690445
0.6625336695865852
0.6856270340518397
0.6655178146904457
0.6625336695865839
0.6856270340518357
0.665517814690444
0.6625336695865818
0.6856270340518297
0.6655178146904412
0.6625336695865813
0.6856270340518187
0.6655178146904421
0.6625336695865793
0.6856270340518068
0.665517814690445
0.6625336695865818
0.6856270340518174
0.6655178146904414
0.6625336695865802
0.6856270340518296
0.6655178146904421
0.6625336695865836
0.6856270340518369
0.6655178146904434
0.6625336695865824
0.6856270340518484
0.6655178146904426
0.662533669586582
0.6856270340518418
0.6655178146904396
0.6625336695865827
0.6856270340518513
0.66551781469044
0.6625336695865862
0.6856270340518453
0.6655178146904395
0.6625336695865887
0.6856270340518423
0.6655178146904402
0.6625336695865873
0.6856270340518402
0.6655178146904406
0.6625336695865881
0.6856270340518453
0.6655178146904405
0.6625336695865893
0.6856270340518549
0.6655178146904452
0.6625336695865889
0.685627034051852
0.6655178146904439
0.6625336695865847
0.6856270340518649
0.6655178146904432
0.6625336695865857
0.6856270340518311
0.6655178146904416
0.6625336695865826
0.6856270340518338
0.6655178146904435
0.6625336695865826
0.6856270340518179
0.6655178146904396
0.6625336695865807
0.6856270340518256
0.6655178146904408
0.6625336695865829
0.6856270340518249
0.6655178146904455
0.6625336695865842
0.6856270340518328
0.6655178146904452
0.6625336695865816
0.6856270340518279
0.6655178146904426
0.6625336695865796
0.6856270340518261
0.6655178146904449
0.6625336695865802
0.6856270340518273
0.6655178146904415
0.6625336695865849
0.6856270340518332
0.6655178146904424
0.6625336695865813
0.6856270340518391
0.6655178146904416
0.6625336695865822
0.6856270340518218
0.6655178146904417
0.6625336695865838
0.6856270340518267
0.6655178146904425
0.6625336695865873
0.6856270340518378
0.6655178146904428
0.6625336695865873
0.6856270340518492
0.6655178146904405
0.6625336695865864
0.6856270340518434
0.6655178146904411
0.6625336695865868
0.6856270340518411
0.6655178146904418
0.6625336695865884
0.6856270340518511
0.6655178146904391
0.6625336695865838
0.6856270340518436
0.6655178146904396
0.662533669586585
0.6856270340518358
0.6655178146904408
0.6625336695865872
0.6856270340518453
0.6655178146904405
0.662533669586586
0.6856270340518451
0.6655178146904439
0.6625336695865816
0.6856270340518297
0.6655178146904477
0.6625336695865804
0.6856270340518371
0.6655178146904446
0.6625336695865776
0.6856270340518227
0.6655178146904415
0.6625336695865816
0.6856270340518351
0.6655178146904438
0.6625336695865846
0.685627034051831
0.665517814690441
0.6625336695865804
0.6856270340518127
0.6655178146904419
0.6625336695865811
0.6856270340518178
0.6655178146904408
0.6625336695865822
0.6856270340518281
0.6655178146904425
0.662533669586584
0.6856270340518302
0.6655178146904402
0.662533669586581
0.6856270340518329
0.6655178146904419
0.6625336695865852
0.6856270340518518
0.6655178146904404
0.6625336695865838
0.6856270340518447
0.6655178146904447
0.6625336695865865
0.6856270340518387
0.6655178146904411
0.6625336695865847
0.6856270340518461
0.6655178146904399
0.6625336695865877
0.6856270340518468
0.6655178146904405
0.6625336695865887
0.6856270340518561
0.665517814690447
0.6625336695865887
0.6856270340518447
0.6655178146904434
0.6625336695865858
0.6856270340518423
0.6655178146904406
0.6625336695865871
0.6856270340518573
0.665517814690443
0.6625336695865898
0.6856270340518598
0.6655178146904416
0.6625336695865879
0.6856270340518436
0.6655178146904392
0.6625336695865811
0.6856270340518298
0.6655178146904421
0.6625336695865817
0.6856270340518269
0.665517814690444
0.6625336695865833
0.6856270340518186
0.6655178146904422
0.6625336695865814
0.685627034051832
0.6655178146904418
0.662533669586582
0.6856270340518209
0.6655178146904416
0.6625336695865814
0.6856270340518313
0.6655178146904444
0.6625336695865839
0.6856270340518156
0.665517814690443
0.6625336695865813
0.6856270340518269
0.6655178146904405
0.6625336695865811
0.6856270340518282
0.665517814690443
0.6625336695865878
0.685627034051844
0.6655178146904436
0.6625336695865898
0.6856270340518612
0.6655178146904398
0.6625336695865871
0.6856270340518567
0.6655178146904424
0.6625336695865847
0.6856270340518393
0.665517814690447
0.6625336695865882
0.6856270340518431
0.6655178146904404
0.6625336695865893
0.6856270340518537
0.6655178146904408
0.662533669586588
0.6856270340518476
0.6655178146904417
0.6625336695865853
0.6856270340518433
0.6655178146904446
0.6625336695865875
0.6856270340518382
0.6655178146904402
0.6625336695865844
0.6856270340518434
0.6655178146904417
0.6625336695865862
0.685627034051851
0.6655178146904407
0.6625336695865817
0.6856270340518325
0.6655178146904421
0.662533669586584
0.6856270340518298
0.6655178146904398
0.6625336695865821
0.6856270340518307
0.6655178146904412
0.6625336695865809
0.6856270340518213
0.6655178146904408
0.6625336695865791
0.6856270340518156
0.6655178146904436
0.662533669586584
0.685627034051834
0.6655178146904411
0.6625336695865814
0.6856270340518336
0.6655178146904451
0.6625336695865786
0.6856270340518176
0.6655178146904475
0.6625336695865804
0.685627034051836
0.6655178146904431
0.6625336695865807
0.6856270340518307
0.6655178146904408
0.6625336695865867
0.6856270340518478
0.6655178146904421
0.6625336695865869
0.6856270340518495
0.6655178146904399
0.6625336695865849
0.685627034051838
0.6655178146904399
0.662533669586584
0.6856270340518479
0.6655178146904416
0.6625336695865875
0.6856270340518538
0.6655178146904407
0.6625336695865864
0.6856270340518416
0.6655178146904407
0.6625336695865869
0.6856270340518424
0.6655178146904424
0.6625336695865879
0.6856270340518493
0.6655178146904415
0.6625336695865869
0.6856270340518369
0.6655178146904409
0.6625336695865839
0.6856270340518257
0.6655178146904404
0.6625336695865829
0.685627034051819
0.6655178146904424
0.6625336695865813
0.685627034051835
0.6655178146904401
0.6625336695865851
0.6856270340518362
0.6655178146904446
0.6625336695865804
0.6856270340518307
0.6655178146904426
0.6625336695865798
0.6856270340518315
0.6655178146904449
0.6625336695865813
0.6856270340518283
0.6655178146904455
0.6625336695865842
0.6856270340518338
0.6655178146904408
0.6625336695865833
0.685627034051823
0.6655178146904404
0.6625336695865809
0.685627034051824
0.6655178146904448
0.6625336695865828
0.6856270340518179
0.6655178146904426
0.662533669586583
0.6856270340518293
0.6655178146904437
0.6625336695865859
0.6856270340518296
0.6655178146904437
0.6625336695865857
0.6856270340518631
0.6655178146904457
0.6625336695865897
0.6856270340518511
0.6655178146904407
0.6625336695865895
0.6856270340518579
0.6655178146904406
0.6625336695865882
0.6856270340518466
0.6655178146904397
0.662533669586587
0.6856270340518438
0.6655178146904404
0.6625336695865894
0.6856270340518427
0.6655178146904399
0.6625336695865869
0.6856270340518422
0.6655178146904398
0.6625336695865831
0.6856270340518507
0.6655178146904432
0.6625336695865824
0.6856270340518389
0.6655178146904441
0.6625336695865834
0.6856270340518471
0.6655178146904424
0.662533669586584
0.685627034051838
0.665517814690441
0.6625336695865804
0.6856270340518297
0.6655178146904447
0.6625336695865818
0.6856270340518222
0.6655178146904422
0.6625336695865791
0.6856270340518071
0.6655178146904426
0.6625336695865811
0.6856270340518228
0.6655178146904448
0.6625336695865819
0.685627034051834
0.6655178146904457
0.6625336695865838
0.6856270340518374
0.6655178146904452
0.6625336695865853
0.6856270340518427
0.6655178146904446
0.6625336695865892
0.6856270340518473
0.6655178146904405
0.6625336695865889
0.6856270340518428
0.6655178146904424
0.6625336695865841
0.6856270340518309
0.6655178146904409
0.662533669586584
0.6856270340518462
0.6655178146904382
0.6625336695865833
0.6856270340518397
0.6655178146904405
0.6625336695865855
0.6856270340518524
0.6655178146904416
0.6625336695865836
0.685627034051842
0.6655178146904432
0.662533669586586
0.6856270340518412
0.6655178146904411
0.6625336695865864
0.6856270340518479
0.665517814690445
0.6625336695865904
0.6856270340518442
0.6655178146904411
0.6625336695865848
0.6856270340518389
0.6655178146904386
0.6625336695865848
0.6856270340518251
0.6655178146904417
0.6625336695865831
0.6856270340518356
0.665517814690444
0.6625336695865829
0.6856270340518229
0.6655178146904456
0.6625336695865782
0.6856270340518231
0.6655178146904456
0.6625336695865798
0.6856270340518238
0.6655178146904424
0.662533669586583
0.6856270340518353
0.6655178146904437
0.6625336695865843
0.6856270340518325
0.6655178146904444
0.6625336695865834
0.6856270340518259
0.6655178146904399
0.6625336695865814
0.6856270340518296
0.66551781469044
0.6625336695865816
0.6856270340518245
0.6655178146904424
0.6625336695865811
0.6856270340518303
0.6655178146904392
0.6625336695865829
0.6856270340518194
0.6655178146904405
0.6625336695865859
0.6856270340518396
0.6655178146904427
0.662533669586588
0.6856270340518539
0.6655178146904414
0.6625336695865889
0.6856270340518685
0.6655178146904392
0.6625336695865889
0.6856270340518493
0.6655178146904399
0.6625336695865879
0.6856270340518598
0.6655178146904409
0.6625336695865881
0.6856270340518344
0.6655178146904417
0.6625336695865849
0.6856270340518349
0.6655178146904444
0.6625336695865782
0.6856270340518231
0.6655178146904441
0.6625336695865813
0.6856270340518258
0.6655178146904425
0.662533669586586
0.6856270340518386
0.6655178146904414
0.6625336695865867
0.6856270340518484
0.6655178146904401
0.6625336695865851
0.6856270340518409
0.6655178146904421
0.6625336695865816
0.6856270340518261
0.6655178146904424
0.6625336695865811
0.6856270340518351
0.6655178146904412
0.662533669586582
0.6856270340518167
0.6655178146904417
0.6625336695865787
0.6856270340518198
0.6655178146904448
0.6625336695865833
0.685627034051826
0.6655178146904416
0.6625336695865819
0.6856270340518353
0.6655178146904428
0.6625336695865869
0.6856270340518458
0.665517814690445
0.662533669586586
0.6856270340518384
0.6655178146904434
0.6625336695865903
0.685627034051844
0.6655178146904384
0.6625336695865875
0.685627034051839
0.6655178146904412
0.6625336695865869
0.6856270340518444
0.6655178146904402
0.662533669586582
0.6856270340518344