0.6695691602150786
0.674300358182241
0.6694499659298554
0.6695691611006103
0.6743003591884706
0.6694499642438274
0.6695691606686083
0.674300358219609
0.6694499649516292
0.669569158176794
0.6743003551562738
0.6694499697130907
0.6695691560292477
0.6743003526070861
0.6694499738819777
0.6695691562873223
0.6743003527042444
0.669449973286695
0.6695691582770731
0.6743003550267236
0.6694499694838413
0.6695691597750886
0.6743003573727961
0.6694499667296274
0.6695691606609206
0.6743003588102081
0.6694499650885943
0.6695691612280048
0.6743003590661816
0.6694499639728781
0.6695691595336879
0.674300356797942
0.6694499670693386
0.6695691568743074
0.6743003536310185
0.6694499722511709
0.6695691558787531
0.6743003523149883
0.6694499741539561
0.6695691571546634
0.6743003536801759
0.6694499715729472
0.6695691591987323
0.674300356334103
0.6694499677905649
0.6695691601820931
0.674300358148588
0.6694499661787557
0.6695691587618731
0.674300355893761
0.6694499687246536
0.6695691573791055
0.6743003539103829
0.6694499713163061
0.6695691564399093
0.6743003531092528
0.6694499732073504
0.6695691579016801
0.6743003550524016
0.6694499704417862
0.6695691606547188
0.6743003583199536
0.6694499651360899
0.6695691619464583
0.6743003600664732
0.6694499627015069
0.6695691609646917
0.6743003591681946
0.6694499646724972
0.6695691594102586
0.6743003570014573
0.6694499675712633
0.6695691581022609
0.67430035484663
0.669449969928397
0.6695691567517732
0.6743003532575915
0.6694499725822446
0.6695691567915638
0.6743003537113184
0.6694499725357428
0.6695691593278434
0.6743003567263002
0.6694499677061563
0.669569161632172
0.674300359533055
0.6694499632834403
0.669569161612791
0.6743003598721024
0.669449963364912
0.6695691566681506
0.6743003533869212
0.6694499727235217
0.6695691573019721
0.6743003537628094
0.6694499714846995
0.669569158355589
0.674300355399748
0.6694499695233282
0.6695691597639069
0.6743003576674592
0.669449966933339
0.6695691617616943
0.6743003599384152
0.6694499631289521
0.6695691618295007
0.6743003598206272
0.6694499628771519
0.6695691595374472
0.6743003571090863
0.6694499673249781
0.6695691572189498
0.674300354196238
0.6694499717728135
0.6695691567761408
0.6743003532862324
0.6694499724753187
0.669569157850293
0.6743003545116604
0.6694499704484949
0.6695691589326329
0.6743003564376827
0.6694499684731775
0.6695691608517432
0.6743003589670629
0.6694499649022181
0.6695691621104871
0.6743003602496143
0.6694499623657981
0.6695691608941305
0.6743003586874011
0.6694499646960839
0.6695691582341146
0.6743003555152631
0.6694499698608523
0.6695691579610799
0.6743003547886179
0.6694499701218831
0.6695691602366753
0.6743003577085682
0.6694499657484674
0.6695691609556522
0.6743003590228842
0.6694499645444291
0.6695691604993752
0.6743003585157676
0.6694499653920234
0.6695691595643762
0.6743003568207504
0.6694499670344549
0.6695691574584549
0.6743003540530939
0.6694499710759831
0.6695691556998872
0.6743003521775444
0.6694499744556097
0.669569156703709
0.674300353342891
0.6694499725465053
0.6695691592791817
0.674300356378807
0.6694499675921928
0.669569160788404
0.6743003586122773
0.6694499647603624
0.669569160783072
0.6743003589416083
0.669449964894592
0.6695691601479133
0.674300357821755
0.6694499659894078
0.6695691586656872
0.6743003555240632
0.6694499687515432
0.6695691562755318
0.6743003527762406
0.6694499733251971
0.6695691558992571
0.6743003524101916
0.669449974110069
0.6695691624008255
0.6743003605935276
0.6694499618979818
0.6695691617654415
0.674300359960101
0.6694499631759079
0.6695691594635658
0.674300357240885
0.6694499675972927
0.669569157876825
0.6743003548607885
0.6694499705317609
0.6695691574761033
0.6743003540009749
0.6694499712260631
0.6695691574524432
0.6743003543940693
0.669449971320623
0.6695691591582841
0.674300356788528
0.6694499682149143
0.669569161653234
0.6743003597536936
0.6694499633407982
0.6695691623939904
0.6743003606361835
0.6694499619170291
0.6695691607271905
0.6743003587533811
0.6694499652210774
0.669569158424419
0.6743003558398619
0.6694499695159812
0.6695691576273997
0.6743003542814574
0.6694499709660627
0.6695691573704073
0.674300354001386
0.66944997143968
0.6695691580463748
0.6743003553515753
0.6694499702728892
0.6695691604530469
0.6743003583668309
0.6694499656971064
0.6695691596005868
0.674300356842239
0.669449966990322
0.6695691568573277
0.6743003536161792
0.6694499722632101
0.6695691558357012
0.6743003522882439
0.6694499742190805
0.6695691572229687
0.6743003537284034
0.6694499714780751
0.6695691591417063
0.6743003562895475
0.6694499678675958
0.6695691602620941
0.6743003582218773
0.6694499658672884
0.6695691610405223
0.6743003591408709
0.6694499643244656
0.6695691607397328
0.6743003582702695
0.6694499648537837
0.669569158132048
0.6743003551289743
0.6694499697794696
0.6695691560148114
0.6743003525933893
0.6694499738916474
0.6695691563526796
0.6743003527475108
0.6694499732091472
0.6695691582038032
0.6743003549824926
0.6694499695749255
0.6695691598110008
0.6743003573942776
0.6694499666841479
0.6695691606841756
0.6743003588224945
0.6694499650598551
0.669569161159741
0.674300359025295
0.6694499640569886
0.6695691566613541
0.6743003531991373
0.669449972697021
0.6695691568783944
0.674300353769024
0.6694499724270806
0.6695691593056421
0.6743003567100279
0.6694499677299198
0.6695691615751203
0.6743003594957857
0.6694499633625253
0.6695691617055639
0.6743003599352159
0.6694499632407409
0.6695691601061572
0.6743003580937688
0.6694499662792615
0.6695691588078423
0.6743003559322003
0.6694499686637159
0.6695691573441879
0.6743003538782913
0.6694499713648391
0.6695691564746364
0.6743003531364786
0.6694499731547698
0.6695691578798479
0.6743003550410875
0.6694499704817565
0.6695691606475974
0.6743003583101395
0.6694499651328307
0.6695691619811032
0.6743003600891386
0.669449962666445
0.6695691609243555
0.6743003591474133
0.669449964719329
0.6695691594228201
0.674300357004574
0.6694499675566763
0.6695691581445711
0.6743003548751875
0.6694499698741934
0.6695691589864894
0.6743003564775404
0.6694499684029365
0.6695691607551209
0.6743003589014647
0.6694499650277985
0.6695691622023905
0.6743003603107631
0.6694499622462604
0.6695691608699892
0.6743003586721119
0.6694499647275038
0.6695691581731071
0.6743003554740838
0.6694499699401697
0.6695691567698585
0.6743003534543548
0.669449972591442
0.6695691572197442
0.6743003537068537
0.6694499715914143
0.6695691583923858
0.6743003554301757
0.6694499694746274
0.6695691597607578
0.6743003576568231
0.6694499669413225
0.6695691617538662
0.6743003599374813
0.6694499631307409
0.669569161834038
0.674300359826933
0.6694499628837915
0.6695691595390654
0.674300357104887
0.6694499673093001
0.6695691572169187
0.6743003541945402
0.6694499717862443
0.6695691567757143
0.6743003532924916
0.6694499724697793
0.6695691578373126
0.6743003544957233
0.669449970467403
0.669569160747107
0.6743003589096882
0.6694499649436618
0.6695691602041591
0.6743003578660376
0.6694499659152453
0.6695691585790094
0.6743003554622675
0.6694499688662563
0.6695691563567925
0.6743003528304257
0.66944997321537
0.6695691558778596
0.674300352398882
0.6694499741436399
0.6695691579061542
0.6743003547502959
0.6694499701877948
0.669569160329555
0.6743003577684943
0.6694499656313699
0.6695691608819128
0.6743003589758642
0.6694499646388716
0.6695691605204828
0.6743003585329076
0.6694499653639904
0.6695691595932204
0.6743003568330916
0.6694499670005575
0.6695691574096188
0.6743003540241953
0.6694499711317936
0.6695691557300331
0.674300352200534
0.6694499744277379
0.6695691567137871
0.6743003533450349
0.6694499725211229
0.6695691592407953
0.6743003563528795
0.6694499676518405
0.6695691608277695
0.6743003586444641
0.6694499647034715
0.669569158496922
0.6743003558924263
0.6694499694175854
0.6695691575741101
0.6743003542386752
0.6694499710368665
0.6695691574194963
0.6743003540426051
0.6694499713743699
0.6695691579851404
0.6743003553046139
0.6694499703567971
0.6695691605091045
0.6743003584043379
0.6694499656160678
0.6695691623856943
0.674300360587982
0.6694499619279567
0.6695691617266537
0.67430035993166
0.6694499632169679
0.6695691595314041
0.6743003572829285
0.6694499675154544
0.6695691578240035
0.6743003548305219
0.6694499705976059
0.669569157478065
0.6743003540018956
0.6694499712234961
0.6695691575083187
0.6743003544274055
0.669449971250642
0.669569159076882
0.6743003567366594
0.669449968315069
0.6695691617037529
0.6743003597892424
0.6694499632832975
0.6695691624105933
0.6743003606442638
0.6694499618863845
0.6695691606594092
0.6743003587080268
0.6694499653166079
0.6695691562666638
0.6743003526901785
0.6694499733240826
0.6695691582970871
0.6743003550465118
0.6694499694519267
0.6695691597501159
0.674300357348383
0.6694499667643734
0.6695691607171068
0.6743003588531709
0.6694499650147674
0.6695691611343582
0.6743003590011243
0.6694499640956745
0.6695691596223101
0.6743003568569773
0.6694499669520679
0.6695691568509246
0.67430035361734
0.6694499722844204
0.6695691558194399
0.6743003522742875
0.669449974228232
0.6695691572542275
0.674300353745325
0.6694499714455852
0.6695691591189608
0.6743003562814147
0.6694499678934043
0.6695691602445704
0.6743003582064195
0.6694499658906263
0.6695691611137428
0.6743003591892874
0.6694499642305467
0.6695691606396501
0.6743003582043705
0.6694499649810436
0.6695691581945218
0.6743003551712486
0.6694499697022294
0.6695691560352226
0.6743003526060243
0.6694499738610195
0.6695691606684658
0.6743003583253168
0.6694499651074581
0.6695691618922341
0.6743003600300852
0.6694499627808217
0.6695691610217793
0.6743003592114707
0.669449964593109
0.6695691593646864
0.6743003569633335
0.669449967632493
0.6695691581562091
0.6743003548904173
0.6694499698570712
0.6695691566760587
0.6743003532019174
0.6694499726837979
0.6695691568617044
0.6743003537581264
0.6694499724382139
0.6695691593092679
0.6743003567177311
0.6694499677386572
0.6695691615842196
0.6743003594988778
0.6694499633381275
0.6695691616948389
0.6743003599240904
0.6694499632632152
0.6695691601173961
0.6743003581090266
0.6694499662606572
0.6695691587736707
0.6743003559030051
0.6694499687089798
0.669569157422412
0.6743003539337311
0.6694499712632092
0.6695691563733306
0.6743003530679565
0.6694499732871058
0.6695691579429166
0.6743003550823798
0.6694499703981858
0.6695691618873083
0.6743003598604579
0.6694499628082708
0.6695691595562714
0.6743003571196272
0.6694499672936407
0.6695691571403868
0.6743003541438111
0.6694499718803584
0.6695691568609923
0.6743003533459075
0.6694499723621251
0.6695691577918259
0.6743003544662498
0.669449970525728
0.6695691589745066
0.6743003564743726
0.6694499684167885
0.6695691608075638
0.6743003589307482
0.6694499649648993
0.6695691621502
0.674300360276272
0.6694499623048251
0.6695691608830144
0.6743003586850225
0.6694499647222381
0.6695691582059728
0.6743003554935364
0.6694499698864846
0.6695691567188115
0.6743003534170735
0.6694499726650494
0.669569157263344
0.6743003537431813
0.6694499715315447
0.6695691583476292
0.6743003553923043
0.6694499695339805
0.6695691598299003
0.6743003577093055
0.6694499668495937
0.6695691616690312
0.6743003598783505
0.6694499632452046
0.6695691573554147
0.674300353984335
0.669449971208671
0.6695691557641132
0.6743003522203221
0.6694499743733684
0.6695691567249152
0.6743003533571894
0.6694499725178507
0.6695691591896795
0.6743003563192324
0.6694499677094407
0.6695691608858366
0.6743003586776855
0.6694499646330022
0.6695691607223279
0.6743003588971138
0.669449964974369
0.6695691601706497
0.6743003578451712
0.6694499659576121
0.6695691586601193
0.6743003555129923
0.6694499687645539
0.6695691562781032
0.6743003527781494
0.669449973311305
0.6695691558978409
0.6743003524147342
0.669449974125347
0.6695691579574192
0.6743003547830648
0.6694499701140934
0.6695691602471648
0.6743003577115192
0.6694499657433808
0.6695691609497729
0.6743003590265815
0.6694499645481468
0.6695691604730571
0.6743003584930785
0.6694499654270918
0.6695691596418352
0.6743003568738895
0.6694499669344823
0.6695691575278244
0.6743003544492976
0.6694499712217524
0.6695691590632423
0.6743003567233564
0.6694499683410404
0.669569161712595
0.6743003597918571
0.6694499632595021
0.6695691624134013
0.6743003606514162
0.669449961896097
0.6695691606427386
0.6743003586973093
0.6694499653276607
0.6695691585177642
0.674300355899861
0.6694499693964427
0.6695691575743227
0.6743003542451734
0.6694499710346249
0.66956915737023
0.6743003540074975
0.6694499714379754
0.669569158080704
0.6743003553679756
0.6694499702339463
0.6695691604178373
0.6743003583436298
0.6694499657327271
0.6695691624093313
0.6743003606040539
0.6694499618997876
0.6695691617868939
0.6743003599716813
0.6694499631360267
0.6695691594320995
0.674300357216276
0.6694499676464097
0.6695691579049041
0.6743003548872092
0.6694499704916494
0.6695691574356608
0.674300353966647
0.6694499712795281