0.6723638905246123
0.6718096461990932
0.6690337938623214
0.672363890524623
0.6718096461991083
0.6690337938623416
0.6723638905245966
0.6718096461991433
0.6690337938623484
0.6723638905246363
0.6718096461990608
0.6690337938621985
0.6723638905246206
0.6718096461990769
0.6690337938623331
0.6723638905246019
0.6718096461991208
0.6690337938624038
0.6723638905246154
0.6718096461990353
0.6690337938622792
0.6723638905245801
0.6718096461990901
0.6690337938623638
0.6723638905246001
0.6718096461990333
0.6690337938623028
0.672363890524587
0.6718096461990628
0.669033793862305
0.6723638905246082
0.6718096461991461
0.6690337938624071
0.6723638905246673
0.6718096461990405
0.6690337938622416
0.6723638905246535
0.6718096461991141
0.6690337938623102
0.6723638905246629
0.6718096461990821
0.6690337938622466
0.6723638905246555
0.671809646199075
0.6690337938623694
0.6723638905245962
0.6718096461991607
0.6690337938624096
0.6723638905245846
0.6718096461990662
0.6690337938623094
0.6723638905246221
0.6718096461990628
0.6690337938623344
0.6723638905246293
0.6718096461991229
0.6690337938623685
0.6723638905246541
0.6718096461990579
0.6690337938621981
0.6723638905245954
0.671809646199133
0.6690337938623929
0.6723638905246023
0.6718096461991042
0.6690337938623457
0.6723638905245919
0.6718096461990452
0.6690337938622808
0.6723638905245679
0.671809646199087
0.6690337938623575
0.6723638905246292
0.6718096461990435
0.6690337938623141
0.672363890524624
0.6718096461990717
0.6690337938623132
0.6723638905246626
0.671809646199063
0.6690337938623597
0.6723638905246514
0.6718096461990577
0.6690337938622686
0.6723638905246433
0.6718096461991241
0.6690337938623061
0.672363890524666
0.6718096461990786
0.669033793862211
0.672363890524629
0.6718096461990744
0.6690337938622436
0.672363890524592
0.6718096461991165
0.6690337938624068
0.6723638905246232
0.6718096461990245
0.6690337938622913
0.6723638905246132
0.6718096461991044
0.6690337938623792
0.6723638905246212
0.6718096461991323
0.6690337938623421
0.6723638905246292
0.6718096461990863
0.6690337938621916
0.672363890524583
0.6718096461991302
0.6690337938623887
0.6723638905246232
0.6718096461990462
0.6690337938622825
0.6723638905246058
0.6718096461990894
0.6690337938623606
0.6723638905246273
0.6718096461990539
0.6690337938623099
0.672363890524657
0.6718096461990071
0.6690337938623115
0.6723638905246017
0.6718096461990941
0.6690337938623223
0.6723638905246612
0.6718096461990584
0.6690337938623389
0.6723638905246296
0.671809646199109
0.6690337938623261
0.6723638905246181
0.6718096461991485
0.6690337938622725
0.6723638905246396
0.6718096461990491
0.6690337938621941
0.6723638905246352
0.6718096461990928
0.6690337938623085
0.6723638905245884
0.6718096461991361
0.6690337938624061
0.6723638905245973
0.6718096461990553
0.6690337938622728
0.6723638905245779
0.6718096461991522
0.6690337938623921
0.672363890524627
0.6718096461990973
0.6690337938622958
0.6723638905246305
0.6718096461990741
0.669033793862219
0.6723638905246357
0.6718096461991141
0.6690337938624067
0.6723638905246792
0.6718096461990299
0.6690337938622566
0.6723638905246132
0.671809646199094
0.669033793862394
0.6723638905246176
0.6718096461990448
0.6690337938622541
0.6723638905246299
0.6718096461990473
0.6690337938623364
0.6723638905246069
0.6718096461990921
0.6690337938623183
0.6723638905246384
0.671809646199087
0.6690337938623416
0.6723638905245924
0.6718096461991085
0.6690337938623707
0.6723638905246091
0.6718096461991029
0.6690337938623818
0.6723638905246412
0.6718096461990674
0.6690337938621921
0.6723638905245923
0.6718096461991697
0.6690337938623687
0.6723638905245798
0.6718096461991303
0.669033793862343
0.6723638905245879
0.6718096461990519
0.66903379386228
0.6723638905245943
0.671809646199115
0.6690337938623958
0.6723638905246779
0.6718096461990821
0.6690337938623154
0.6723638905246678
0.6718096461990922
0.6690337938622335
0.6723638905246583
0.6718096461990724
0.6690337938623561
0.6723638905246294
0.6718096461990868
0.6690337938622712
0.6723638905245998
0.6718096461991085
0.669033793862392
0.6723638905246422
0.6718096461990102
0.6690337938622211
0.6723638905245978
0.6718096461990948
0.6690337938623756
0.672363890524597
0.6718096461990439
0.6690337938623053
0.6723638905246347
0.6718096461990419
0.6690337938623268
0.6723638905246102
0.6718096461991043
0.6690337938623752
0.6723638905245972
0.6718096461991201
0.6690337938623614
0.6723638905246254
0.6718096461990873
0.6690337938621926
0.6723638905245954
0.6718096461991472
0.6690337938623638
0.6723638905246221
0.6718096461990466
0.6690337938622832
0.6723638905246168
0.6718096461990803
0.6690337938623625
0.6723638905246417
0.6718096461990963
0.6690337938623425
0.6723638905246726
0.6718096461990847
0.6690337938622986
0.6723638905246183
0.6718096461991491
0.6690337938622333
0.6723638905246575
0.6718096461990641
0.6690337938623292
0.6723638905246379
0.6718096461990992
0.6690337938623346
0.672363890524607
0.6718096461990911
0.6690337938623666
0.6723638905246155
0.6718096461989951
0.6690337938622545
0.6723638905245795
0.6718096461990728
0.6690337938623725
0.672363890524613
0.6718096461990326
0.6690337938622878
0.6723638905245994
0.6718096461990481
0.6690337938622759
0.6723638905245901
0.6718096461991292
0.6690337938623877
0.6723638905246231
0.6718096461990564
0.6690337938623141
0.6723638905246405
0.6718096461990613
0.6690337938622187
0.6723638905246462
0.6718096461991335
0.6690337938623774
0.6723638905246627
0.6718096461990464
0.6690337938622519
0.6723638905245994
0.6718096461991165
0.6690337938623931
0.6723638905246109
0.6718096461991148
0.6690337938622788
0.672363890524655
0.671809646199114
0.6690337938623268
0.6723638905246578
0.671809646199108
0.6690337938622398
0.6723638905246616
0.671809646199061
0.6690337938623372
0.6723638905246031
0.6718096461990968
0.6690337938623871
0.6723638905246053
0.671809646199027
0.6690337938622872
0.6723638905245904
0.6718096461990566
0.6690337938623145
0.6723638905245657
0.6718096461991029
0.669033793862372
0.672363890524587
0.6718096461990604
0.6690337938623169
0.6723638905246057
0.671809646199026
0.6690337938622836
0.6723638905246032
0.6718096461990966
0.6690337938623884
0.6723638905246626
0.6718096461990593
0.6690337938623387
0.6723638905246586
0.6718096461991026
0.669033793862235
0.672363890524655
0.671809646199115
0.6690337938623274
0.6723638905246117
0.6718096461991132
0.6690337938622761
0.6723638905245991
0.6718096461991181
0.6690337938623941
0.6723638905246633
0.6718096461990478
0.6690337938622517
0.6723638905246468
0.6718096461991341
0.6690337938623755
0.6723638905246394
0.6718096461990656
0.6690337938622237
0.6723638905246256
0.671809646199054
0.6690337938623111
0.6723638905245909
0.6718096461991285
0.6690337938623894
0.6723638905245994
0.6718096461990497
0.6690337938622789
0.6723638905245655
0.6718096461991048
0.669033793862371
0.6723638905245781
0.6718096461990748
0.6690337938623738
0.6723638905246148
0.6718096461989953
0.6690337938622566
0.6723638905246079
0.6718096461990872
0.6690337938623647
0.6723638905246365
0.6718096461991003
0.6690337938623385
0.6723638905246578
0.6718096461990637
0.6690337938623283
0.6723638905246161
0.6718096461991487
0.6690337938622324
0.6723638905246714
0.6718096461990866
0.6690337938622998
0.6723638905246432
0.6718096461990941
0.6690337938623392
0.6723638905246172
0.6718096461990835
0.6690337938623658
0.6723638905246244
0.6718096461990456
0.6690337938622799
0.6723638905245983
0.6718096461991471
0.6690337938623625
0.6723638905246272
0.6718096461990886
0.6690337938621949
0.6723638905245992
0.6718096461991176
0.6690337938623596
0.6723638905246079
0.6718096461991081
0.6690337938623777
0.6723638905246117
0.6718096461990336
0.6690337938622863
0.6723638905245992
0.6718096461990389
0.6690337938623004
0.6723638905245988
0.6718096461990947
0.6690337938623774
0.6723638905246426
0.6718096461990098
0.6690337938622224
0.6723638905245988
0.6718096461991099
0.6690337938623909
0.6723638905246263
0.67180964619909
0.669033793862273
0.6723638905246578
0.6718096461990726
0.6690337938623543
0.6723638905246658
0.671809646199095
0.669033793862238
0.6723638905246783
0.6718096461990816
0.669033793862316
0.6723638905245958
0.6718096461991141
0.6690337938623943
0.672363890524589
0.6718096461990554
0.669033793862284
0.6723638905245823
0.6718096461991294
0.6690337938623416
0.672363890524593
0.6718096461991704
0.6690337938623692
0.6723638905246423
0.6718096461990677
0.6690337938621901
0.6723638905246103
0.6718096461991041
0.6690337938623813
0.6723638905246341
0.6718096461990446
0.6690337938623284
0.6723638905246407
0.6718096461990856
0.669033793862343
0.6723638905246092
0.6718096461990875
0.6690337938623135
0.6723638905246281
0.6718096461990499
0.6690337938623383
0.6723638905246169
0.6718096461990444
0.669033793862251
0.6723638905246121
0.6718096461990947
0.6690337938623944
0.672363890524679
0.6718096461990275
0.6690337938622559
0.6723638905246372
0.6718096461991115
0.6690337938624054
0.6723638905246307
0.6718096461990763
0.6690337938622244
0.6723638905246284
0.6718096461990966
0.6690337938622946
0.6723638905245768
0.671809646199155
0.669033793862394
0.6723638905245978
0.6718096461990588
0.669033793862275
0.6723638905245897
0.6718096461991374
0.6690337938624062
0.6723638905246341
0.6718096461990964
0.6690337938623112
0.6723638905246414
0.671809646199048
0.6690337938621909
0.6723638905245941
0.671809646199109
0.6690337938623734
0.6723638905246283
0.6718096461991098
0.6690337938623294
0.6723638905246603
0.671809646199059
0.6690337938623381
0.6723638905245997
0.6718096461990954
0.6690337938623219
0.6723638905246546
0.6718096461990086
0.6690337938623121
0.6723638905246297
0.6718096461990499
0.6690337938623067
0.6723638905246072
0.6718096461990899
0.669033793862363
0.6723638905246258
0.6718096461990426
0.6690337938622791
0.6723638905245828
0.6718096461991299
0.6690337938623871
0.672363890524629
0.6718096461990887
0.6690337938621935
0.6723638905246228
0.6718096461991329
0.6690337938623394
0.6723638905246131
0.6718096461991079
0.669033793862383
0.6723638905246239
0.6718096461990244
0.6690337938622898
0.6723638905245934
0.6718096461991179
0.6690337938624091
0.6723638905246289
0.6718096461990768
0.6690337938622475
0.6723638905246188
0.6718096461991456
0.66903379386227
0.672363890524642
0.6718096461991246
0.669033793862305
0.672363890524648
0.6718096461990601
0.6690337938622699
0.6723638905246622
0.6718096461990631
0.6690337938623585
0.6723638905246235
0.6718096461990728
0.6690337938623176
0.6723638905246296
0.6718096461990413
0.6690337938623138
0.6723638905245685
0.6718096461990839
0.6690337938623551
0.67236389052459
0.6718096461990488
0.6690337938622843
0.6723638905246024
0.6718096461991041
0.669033793862343
0.6723638905245947
0.6718096461991354
0.6690337938623935
0.6723638905246561
0.6718096461990561
0.6690337938621966
0.6723638905246316
0.6718096461991224
0.6690337938623674
0.6723638905246233
0.6718096461990649
0.6690337938623374
0.672363890524587
0.6718096461990637
0.6690337938623048
0.6723638905245963
0.6718096461991625
0.6690337938624121
0.6723638905246667
0.6718096461990793
0.6690337938622115
0.6723638905246632
0.6718096461990797
0.6690337938622433
0.6723638905246524
0.6718096461991144
0.669033793862311
0.672363890524668
0.6718096461990377
0.6690337938622404
0.6723638905246095
0.6718096461991419
0.6690337938624051
0.6723638905245859
0.6718096461990636
0.6690337938623097
0.6723638905245994
0.671809646199033
0.6690337938623003
0.672363890524577
0.6718096461990924
0.669033793862364
0.6723638905246138
0.6718096461990385
0.6690337938622812
0.6723638905246039
0.6718096461991196
0.6690337938624036
0.6723638905246214
0.6718096461990783
0.6690337938623365
0.6723638905246392
0.6718096461990576
0.6690337938621952
0.6723638905245974
0.6718096461991452
0.6690337938623505
0.6723638905246246
0.6718096461991095
0.669033793862343
0.6723638905246145
0.671809646199092
0.6690337938623172
0.6723638905246538
0.6718096461990775
0.6690337938623709
0.6723638905246674
0.6718096461990543
0.669033793862349
0.6723638905246495
0.6718096461991236
0.6690337938623007
0.6723638905246232
0.6718096461991445
0.6690337938622771
0.6723638905246141
0.6718096461990555
0.6690337938622671
0.6723638905245874
0.6718096461991222
0.6690337938623974
0.6723638905246139
0.6718096461990354
0.6690337938622837
0.6723638905245997
0.6718096461990617
0.6690337938623412
0.6723638905245996
0.6718096461990625
0.6690337938623437
0.6723638905246151
0.6718096461990324
0.6690337938622835
0.6723638905245883
0.6718096461991218
0.6690337938623987
0.6723638905246122
0.6718096461990586
0.6690337938622695
0.6723638905246239
0.6718096461991445
0.669033793862274
0.6723638905246476
0.6718096461991289
0.669033793862305
0.6723638905246686
0.6718096461990549
0.6690337938623487
0.6723638905246136
0.6718096461990846
0.6690337938623385