0.6727139463416563
0.6715152172002721
0.6741309620498896
0.6727139463417344
0.6715152171998597
0.6741309620497485
0.6727139463420677
0.6715152171987693
0.674130962049333
0.6727139463423482
0.6715152171977852
0.6741309620489334
0.6727139463423513
0.6715152171976011
0.674130962048896
0.6727139463421604
0.6715152171982937
0.6741309620491738
0.6727139463419278
0.6715152171993437
0.6741309620495322
0.6727139463417215
0.6715152172001251
0.674130962049789
0.6727139463416675
0.6715152172001706
0.6741309620498427
0.6727139463418951
0.6715152171993657
0.6741309620495854
0.6727139463422511
0.6715152171982087
0.6741309620491023
0.672713946342407
0.6715152171975611
0.6741309620488661
0.6727139463422758
0.6715152171978688
0.6741309620490115
0.6727139463420496
0.671515217198823
0.6741309620493625
0.6727139463418166
0.6715152171998011
0.6741309620496783
0.6727139463417913
0.671515217199822
0.6741309620497071
0.6727139463416274
0.6715152172003291
0.6741309620499467
0.6727139463417847
0.6715152171998358
0.6741309620497137
0.6727139463420972
0.6715152171987275
0.6741309620492805
0.6727139463423043
0.6715152171978203
0.6741309620489784
0.6727139463423317
0.6715152171976337
0.6741309620489273
0.6727139463422023
0.6715152171982492
0.6741309620491217
0.6727139463419284
0.671515217199315
0.6741309620495044
0.6727139463416624
0.6715152172001733
0.6741309620498502
0.6727139463416549
0.671515217200185
0.6741309620498471
0.6727139463419356
0.6715152171993025
0.6741309620495106
0.6727139463422271
0.671515217198192
0.6741309620490923
0.6727139463423452
0.6715152171976291
0.6741309620489337
0.672713946342298
0.6715152171978627
0.6741309620489964
0.6727139463420991
0.6715152171987535
0.6741309620492977
0.6727139463420788
0.6715152171987698
0.674130962049331
0.6727139463417522
0.6715152171998668
0.674130962049745
0.6727139463416585
0.6715152172003174
0.6741309620499127
0.6727139463418266
0.6715152171998016
0.674130962049691
0.6727139463420737
0.6715152171987508
0.674130962049317
0.6727139463422869
0.6715152171978538
0.6741309620490068
0.6727139463423848
0.6715152171976071
0.6741309620488893
0.6727139463422409
0.6715152171982263
0.6741309620491215
0.6727139463418883
0.6715152171993499
0.6741309620495508
0.6727139463416528
0.6715152172001836
0.6741309620498515
0.6727139463417069
0.6715152172001402
0.6741309620498013
0.6727139463419333
0.6715152171993121
0.6741309620495267
0.67271394634217
0.6715152171982366
0.6741309620491385
0.6727139463423564
0.6715152171976184
0.6741309620489078
0.6727139463423486
0.6715152171978304
0.6741309620489611
0.6727139463423222
0.6715152171978087
0.6741309620489573
0.6727139463420252
0.6715152171988021
0.674130962049345
0.6727139463417664
0.6715152171998787
0.674130962049746
0.6727139463416896
0.6715152172002812
0.6741309620498871
0.6727139463417916
0.6715152171997972
0.6741309620496969
0.6727139463420414
0.6715152171987862
0.674130962049345
0.6727139463423343
0.6715152171978573
0.6741309620490064
0.6727139463424188
0.6715152171975778
0.6741309620488674
0.6727139463422012
0.6715152171982283
0.6741309620491344
0.6727139463418841
0.6715152171993771
0.6741309620495708
0.6727139463417138
0.6715152172001865
0.6741309620498461
0.6727139463417156
0.6715152172001135
0.674130962049792
0.6727139463418914
0.6715152171993168
0.6741309620495444
0.6727139463421881
0.6715152171982677
0.6741309620491527
0.6727139463424023
0.6715152171975955
0.6741309620488938
0.6727139463423877
0.6715152171975594
0.6741309620488631
0.6727139463422891
0.6715152171978392
0.6741309620489917
0.6727139463420397
0.6715152171988265
0.674130962049353
0.6727139463417899
0.6715152171998401
0.6741309620497046
0.6727139463416563
0.6715152172002591
0.6741309620498763
0.672713946341756
0.6715152171998369
0.6741309620497422
0.6727139463420577
0.6715152171987975
0.6741309620493323
0.6727139463423357
0.6715152171978032
0.6741309620489562
0.6727139463423678
0.6715152171975642
0.6741309620488742
0.6727139463421836
0.6715152171982858
0.6741309620491756
0.6727139463419161
0.6715152171993675
0.6741309620495459
0.6727139463417146
0.6715152172001265
0.6741309620498028
0.6727139463416857
0.6715152172001347
0.6741309620498193
0.6727139463419043
0.671515217199357
0.6741309620495792
0.6727139463422241
0.6715152171982383
0.6741309620491225
0.6727139463422227
0.6715152171982125
0.674130962049116
0.6727139463423704
0.671515217197576
0.674130962048889
0.6727139463423069
0.6715152171978622
0.6741309620489944
0.6727139463420702
0.6715152171987956
0.6741309620493258
0.672713946341783
0.671515217199816
0.6741309620497223
0.6727139463416372
0.6715152172002876
0.6741309620498988
0.6727139463417708
0.67151521719984
0.67413096204972
0.6727139463420648
0.6715152171987548
0.674130962049303
0.6727139463423062
0.671515217197811
0.6741309620489826
0.6727139463423484
0.6715152171975962
0.6741309620488908
0.6727139463421976
0.6715152171982725
0.6741309620491416
0.6727139463419156
0.6715152171993459
0.6741309620495322
0.6727139463416872
0.6715152172001415
0.674130962049834
0.672713946341684
0.6715152172001637
0.6741309620498315
0.6727139463419248
0.6715152171993493
0.6741309620495407
0.6727139463419151
0.6715152171993259
0.674130962049535
0.6727139463422006
0.6715152171982058
0.6741309620491167
0.6727139463423815
0.6715152171976039
0.6741309620488927
0.6727139463423344
0.6715152171978682
0.6741309620490095
0.6727139463420663
0.6715152171987733
0.674130962049325
0.6727139463417773
0.6715152171998157
0.6741309620497165
0.6727139463416659
0.6715152172003082
0.6741309620499054
0.6727139463417988
0.6715152171998504
0.6741309620497369
0.6727139463420577
0.671515217198732
0.6741309620493061
0.6727139463423089
0.6715152171978125
0.6741309620489759
0.6727139463423814
0.6715152171976305
0.6741309620488993
0.6727139463422066
0.6715152171982632
0.67413096204915
0.6727139463418935
0.6715152171993267
0.6741309620495315
0.6727139463416794
0.6715152172001655
0.6741309620498255
0.6727139463416985
0.671515217200181
0.6741309620498361
0.6727139463416814
0.6715152172001544
0.674130962049822
0.6727139463419007
0.6715152171993028
0.6741309620495223
0.6727139463422123
0.6715152171982411
0.6741309620491425
0.6727139463423829
0.6715152171976253
0.6741309620488972
0.6727139463423076
0.6715152171978271
0.67413096204898
0.6727139463420516
0.671515217198758
0.6741309620493168
0.6727139463417935
0.6715152171998695
0.6741309620497453
0.6727139463416678
0.671515217200308
0.6741309620499044
0.6727139463417822
0.6715152171997953
0.6741309620497096
0.6727139463420726
0.6715152171987473
0.674130962049316
0.6727139463423389
0.6715152171978538
0.6741309620490044
0.6727139463423788
0.6715152171976082
0.6741309620488944
0.6727139463421924
0.6715152171982275
0.6741309620491246
0.6727139463419081
0.6715152171993527
0.6741309620495438
0.6727139463416938
0.6715152172001915
0.6741309620498408
0.67271394634168
0.6715152172001733
0.6741309620498336
0.672713946341688
0.67151521720013
0.6741309620498287
0.6727139463419187
0.6715152171993202
0.6741309620495236
0.6727139463422032
0.6715152171982494
0.6741309620491314
0.6727139463423488
0.6715152171975889
0.674130962048887
0.6727139463423
0.6715152171978244
0.6741309620489885
0.6727139463420589
0.6715152171987823
0.6741309620493124
0.6727139463417671
0.6715152171998596
0.6741309620497281
0.6727139463416391
0.671515217200287
0.674130962049899
0.6727139463417923
0.6715152171997992
0.6741309620497161
0.6727139463420797
0.6715152171987725
0.6741309620493178
0.6727139463423115
0.6715152171978467
0.674130962048991
0.6727139463423707
0.6715152171975824
0.6741309620488909
0.6727139463422165
0.6715152171982368
0.674130962049125
0.6727139463419153
0.671515217199374
0.6741309620495504
0.672713946341899
0.6715152171993806
0.6741309620495863
0.672713946341682
0.6715152172001433
0.6741309620498228
0.6727139463417158
0.6715152172001155
0.6741309620497997
0.6727139463419215
0.6715152171993435
0.6741309620495362
0.6727139463421867
0.6715152171982617
0.6741309620491676
0.6727139463423687
0.671515217197559
0.6741309620488709
0.6727139463423316
0.6715152171978207
0.674130962048962
0.6727139463420484
0.6715152171988238
0.6741309620493429
0.6727139463417511
0.671515217199856
0.6741309620497499
0.6727139463416583
0.6715152172002608
0.6741309620498755
0.672713946341795
0.6715152171998215
0.6741309620496994
0.6727139463420484
0.6715152171988007
0.6741309620493441
0.6727139463422969
0.6715152171978231
0.6741309620489855
0.6727139463423868
0.6715152171975638
0.6741309620488655
0.6727139463422191
0.6715152171982601
0.6741309620491303
0.6727139463421821
0.6715152171982899
0.6741309620491611
0.6727139463418854
0.6715152171993402
0.6741309620495538
0.6727139463417164
0.671515217200126
0.674130962049796
0.6727139463417174
0.6715152172001766
0.6741309620498445
0.6727139463418905
0.6715152171993515
0.6741309620495626
0.6727139463422096
0.6715152171982062
0.6741309620491254
0.6727139463424203
0.6715152171975731
0.6741309620488654
0.6727139463423281
0.671515217197872
0.6741309620490133
0.672713946342034
0.6715152171988124
0.6741309620493533
0.6727139463417853
0.6715152171998159
0.6741309620497029
0.6727139463416866
0.6715152172002807
0.6741309620498868
0.6727139463417712
0.6715152171998597
0.6741309620497373
0.6727139463420317
0.6715152171987755
0.6741309620493348
0.6727139463423255
0.6715152171977927
0.6741309620489524
0.6727139463424021
0.671515217197602
0.6741309620488956
0.672713946342351
0.6715152171976237
0.6741309620489109
0.6727139463421636
0.6715152171982588
0.6741309620491454
0.6727139463419269
0.6715152171993366
0.6741309620495353
0.6727139463417021
0.6715152172001504
0.6741309620498065
0.6727139463416574
0.6715152172001726
0.6741309620498483
0.6727139463418987
0.6715152171993247
0.6741309620495405
0.6727139463422477
0.6715152171982028
0.6741309620491134
0.6727139463423875
0.6715152171976018
0.6741309620488876
0.6727139463422847
0.6715152171978688
0.6741309620490119
0.6727139463420659
0.6715152171987748
0.6741309620493274
0.6727139463418218
0.6715152171998219
0.6741309620496979
0.6727139463416578
0.6715152172003187
0.6741309620499121
0.6727139463417541
0.6715152171998466
0.6741309620497378
0.6727139463420848
0.6715152171987433
0.674130962049321
0.6727139463423517
0.6715152171978166
0.6741309620489557
0.6727139463422992
0.6715152171978473
0.6741309620489908
0.6727139463423432
0.6715152171976341
0.6741309620489334
0.6727139463422187
0.6715152171982135
0.6741309620490996
0.6727139463419263
0.6715152171993283
0.6741309620495203
0.6727139463416516
0.6715152172001977
0.6741309620498513
0.6727139463416645
0.6715152172001616
0.6741309620498461
0.672713946341935
0.6715152171992902
0.6741309620494949
0.6727139463422104
0.6715152171982295
0.6741309620491135
0.6727139463423342
0.6715152171976286
0.6741309620489262
0.6727139463423024
0.6715152171978342
0.6741309620489848
0.6727139463420937
0.6715152171987545
0.6741309620492903
0.6727139463417793
0.6715152171998564
0.6741309620497223
0.6727139463416285
0.671515217200328
0.6741309620499472
0.6727139463417989
0.6715152171998018
0.6741309620496984
0.6727139463421048
0.6715152171987271
0.6741309620492887
0.6727139463420576
0.6715152171987977
0.6741309620493547
0.6727139463422813
0.6715152171978525
0.6741309620490048
0.6727139463424054
0.671515217197565
0.6741309620488674
0.6727139463422455
0.6715152171982329
0.6741309620491103
0.6727139463418876
0.6715152171993922
0.674130962049595
0.6727139463416633
0.6715152172001801
0.6741309620498469
0.6727139463417239
0.6715152172001152
0.6741309620497828
0.6727139463419329
0.671515217199321
0.6741309620495235
0.6727139463421637
0.6715152171982703
0.6741309620491664
0.6727139463423539
0.671515217197595
0.6741309620488931
0.672713946342345
0.6715152171978009
0.6741309620489393
0.6727139463420599
0.671515217198795
0.6741309620493445
0.6727139463417303
0.6715152171998784
0.6741309620497545
0.6727139463416592
0.6715152172002707
0.6741309620498895
0.6727139463418224
0.6715152171997816
0.6741309620496727
0.6727139463417717
0.671515217199823
0.6741309620497131
0.67271394634202
0.6715152171987919
0.6741309620493574
0.6727139463423362
0.6715152171978205
0.6741309620489673
0.6727139463424272
0.6715152171975706
0.6741309620488751
0.6727139463421843
0.6715152171982729
0.6741309620491587
0.6727139463418779
0.6715152171993852
0.6741309620495785
0.6727139463417319
0.6715152172001395
0.6741309620498064
0.6727139463417324
0.6715152172001293
0.674130962049803
0.6727139463418834
0.6715152171993612
0.6741309620495699
0.6727139463421903
0.6715152171982501
0.6741309620491478
0.6727139463424261
0.6715152171975642
0.6741309620488736
0.672713946342329
0.6715152171978364
0.6741309620489735
0.6727139463420119
0.6715152171988186
0.6741309620493656
0.6727139463417662
0.6715152171998411
0.674130962049719
0.6727139463417011
0.6715152172002714
0.6741309620498845