0.6662836123012501
0.6624749533305865
0.6975629119813137
0.6662836123012504
0.6624749533305878
0.6975629119813249
0.6662836123012501
0.6624749533305914
0.6975629119813294
0.6662836123012467
0.6624749533305901
0.6975629119813231
0.6662836123012444
0.6624749533305913
0.6975629119813198
0.6662836123012497
0.6624749533305928
0.6975629119813223
0.6662836123012483
0.6624749533305903
0.6975629119813087
0.66628361230125
0.6624749533305887
0.6975629119813234
0.6662836123012517
0.6624749533305877
0.6975629119813231
0.6662836123012488
0.6624749533305878
0.6975629119813234
0.6662836123012464
0.6624749533305851
0.6975629119813008
0.6662836123012461
0.6624749533305884
0.6975629119813008
0.6662836123012431
0.6624749533305896
0.697562911981314
0.6662836123012472
0.6624749533305903
0.6975629119813136
0.6662836123012483
0.6624749533305873
0.6975629119813241
0.6662836123012498
0.6624749533305894
0.6975629119813066
0.6662836123012514
0.6624749533305855
0.6975629119813145
0.6662836123012528
0.6624749533305888
0.6975629119813168
0.6662836123012452
0.6624749533305889
0.6975629119813138
0.6662836123012458
0.6624749533305927
0.697562911981306
0.6662836123012468
0.6624749533305908
0.6975629119813069
0.6662836123012472
0.6624749533305911
0.6975629119813271
0.6662836123012491
0.6624749533305947
0.6975629119813365
0.6662836123012523
0.6624749533305933
0.6975629119813503
0.6662836123012543
0.6624749533305861
0.6975629119813278
0.6662836123012478
0.6624749533305856
0.6975629119813284
0.6662836123012443
0.6624749533305891
0.6975629119813227
0.6662836123012421
0.6624749533305867
0.6975629119813157
0.6662836123012468
0.6624749533305878
0.6975629119813057
0.6662836123012479
0.6624749533305875
0.6975629119813125
0.6662836123012462
0.6624749533305945
0.6975629119813261
0.6662836123012472
0.6624749533305891
0.6975629119813125
0.6662836123012514
0.662474953330586
0.6975629119813166
0.6662836123012466
0.6624749533305879
0.6975629119813019
0.6662836123012466
0.6624749533305887
0.6975629119813057
0.6662836123012456
0.6624749533305845
0.697562911981306
0.6662836123012441
0.6624749533305833
0.6975629119813074
0.6662836123012443
0.6624749533305911
0.697562911981324
0.6662836123012501
0.6624749533305921
0.6975629119813239
0.6662836123012535
0.6624749533305903
0.6975629119813224
0.6662836123012529
0.6624749533305875
0.6975629119813219
0.6662836123012507
0.6624749533305925
0.6975629119813302
0.6662836123012448
0.6624749533305914
0.6975629119813231
0.6662836123012457
0.6624749533305894
0.6975629119813149
0.666283612301247
0.6624749533305904
0.6975629119813168
0.6662836123012428
0.6624749533305937
0.6975629119813216
0.6662836123012438
0.6624749533305918
0.6975629119813265
0.6662836123012507
0.6624749533305939
0.6975629119813105
0.6662836123012488
0.6624749533305911
0.6975629119813163
0.6662836123012518
0.662474953330592
0.6975629119813137
0.6662836123012521
0.66247495333059
0.6975629119813169
0.6662836123012488
0.6624749533305865
0.6975629119813018
0.6662836123012443
0.6624749533305874
0.6975629119813029
0.6662836123012434
0.6624749533305891
0.6975629119813038
0.6662836123012474
0.6624749533305895
0.6975629119813158
0.6662836123012479
0.6624749533305876
0.6975629119813138
0.6662836123012505
0.6624749533305894
0.6975629119813231
0.6662836123012491
0.6624749533305859
0.6975629119813188
0.6662836123012472
0.6624749533305874
0.6975629119813159
0.666283612301245
0.662474953330588
0.6975629119813344
0.666283612301247
0.6624749533305889
0.6975629119813119
0.6662836123012452
0.66247495333059
0.6975629119813033
0.6662836123012472
0.6624749533305948
0.6975629119813149
0.6662836123012457
0.6624749533305948
0.6975629119813276
0.666283612301249
0.6624749533305928
0.6975629119813314
0.6662836123012528
0.6624749533305914
0.6975629119813286
0.66628361230125
0.6624749533305894
0.6975629119813238
0.6662836123012457
0.6624749533305857
0.6975629119813094
0.6662836123012431
0.6624749533305849
0.6975629119813193
0.666283612301241
0.6624749533305887
0.6975629119813118
0.6662836123012432
0.6624749533305895
0.6975629119813295
0.6662836123012481
0.6624749533305904
0.6975629119813137
0.6662836123012515
0.6624749533305855
0.6975629119813083
0.6662836123012519
0.6624749533305874
0.6975629119813085
0.6662836123012509
0.6624749533305896
0.6975629119813214
0.6662836123012477
0.6624749533305883
0.6975629119813163
0.6662836123012472
0.6624749533305804
0.6975629119813005
0.6662836123012461
0.6624749533305865
0.6975629119813134
0.6662836123012424
0.6624749533305889
0.6975629119813163
0.6662836123012457
0.6624749533305924
0.6975629119813229
0.6662836123012519
0.6624749533305876
0.697562911981316
0.6662836123012487
0.6624749533305927
0.6975629119813189
0.6662836123012479
0.6624749533305909
0.6975629119813231
0.666283612301251
0.6624749533305851
0.6975629119813119
0.6662836123012474
0.6624749533305867
0.6975629119813173
0.6662836123012451
0.6624749533305926
0.6975629119813203
0.6662836123012476
0.6624749533305925
0.6975629119813307
0.6662836123012486
0.6624749533305887
0.6975629119813208
0.666283612301251
0.6624749533305891
0.6975629119813167
0.6662836123012483
0.6624749533305871
0.697562911981323
0.6662836123012482
0.6624749533305935
0.6975629119813178
0.6662836123012497
0.6624749533305869
0.6975629119813282
0.6662836123012518
0.6624749533305858
0.6975629119813084
0.6662836123012477
0.6624749533305851
0.6975629119813076
0.666283612301247
0.6624749533305863
0.6975629119812985
0.6662836123012482
0.662474953330589
0.6975629119813085
0.6662836123012437
0.6624749533305888
0.697562911981308
0.666283612301245
0.6624749533305906
0.6975629119813117
0.6662836123012476
0.6624749533305858
0.697562911981315
0.6662836123012497
0.6624749533305831
0.6975629119813054
0.6662836123012479
0.6624749533305836
0.697562911981308
0.6662836123012481
0.66247495333059
0.6975629119813334
0.6662836123012496
0.6624749533305907
0.6975629119813349
0.6662836123012489
0.6624749533305927
0.6975629119813258
0.6662836123012479
0.6624749533305918
0.697562911981326
0.6662836123012498
0.6624749533305921
0.6975629119813264
0.6662836123012503
0.6624749533305916
0.6975629119813361
0.6662836123012486
0.6624749533305916
0.6975629119813357
0.6662836123012481
0.6624749533305834
0.6975629119813076
0.6662836123012501
0.6624749533305834
0.6975629119813067
0.6662836123012472
0.6624749533305849
0.6975629119813171
0.6662836123012444
0.6624749533305899
0.6975629119813134
0.6662836123012432
0.662474953330588
0.6975629119813085
0.6662836123012481
0.6624749533305878
0.69756291198131
0.6662836123012457
0.6624749533305863
0.6975629119812995
0.6662836123012461
0.6624749533305853
0.6975629119813072
0.666283612301251
0.6624749533305851
0.6975629119813049
0.6662836123012499
0.6624749533305876
0.697562911981324
0.6662836123012481
0.6624749533305937
0.6975629119813175
0.666283612301249
0.6624749533305921
0.6975629119813248
0.6662836123012504
0.6624749533305885
0.6975629119813186
0.6662836123012477
0.6624749533305887
0.6975629119813219
0.6662836123012463
0.6624749533305926
0.6975629119813296
0.6662836123012436
0.6624749533305909
0.6975629119813183
0.6662836123012469
0.6624749533305863
0.6975629119813153
0.6662836123012496
0.6624749533305854
0.6975629119813119
0.666283612301247
0.6624749533305908
0.6975629119813209
0.6662836123012492
0.6624749533305923
0.6975629119813167
0.6662836123012525
0.6624749533305878
0.6975629119813174
0.6662836123012463
0.6624749533305925
0.6975629119813243
0.6662836123012432
0.6624749533305899
0.6975629119813161
0.6662836123012469
0.6624749533305874
0.697562911981312
0.6662836123012481
0.6624749533305814
0.6975629119813004
0.6662836123012472
0.662474953330588
0.6975629119813209
0.6662836123012488
0.6624749533305869
0.6975629119813259
0.6662836123012521
0.6624749533305874
0.6975629119813076
0.666283612301252
0.662474953330586
0.6975629119813069
0.6662836123012482
0.6624749533305909
0.6975629119813103
0.6662836123012432
0.6624749533305903
0.697562911981326
0.6662836123012412
0.6624749533305889
0.6975629119813085
0.666283612301243
0.6624749533305854
0.6975629119813185
0.6662836123012448
0.6624749533305863
0.6975629119813074
0.6662836123012497
0.6624749533305887
0.697562911981323
0.6662836123012527
0.6624749533305905
0.6975629119813311
0.6662836123012477
0.6624749533305921
0.6975629119813342
0.6662836123012452
0.662474953330594
0.6975629119813314
0.6662836123012457
0.6624749533305937
0.6975629119813163
0.6662836123012444
0.6624749533305898
0.6975629119813052
0.6662836123012468
0.6624749533305889
0.6975629119813151
0.6662836123012514
0.6624749533305889
0.6975629119813231
0.6662836123012474
0.6624749533305874
0.6975629119813167
0.6662836123012479
0.6624749533305851
0.6975629119813189
0.6662836123012497
0.662474953330588
0.6975629119813258
0.6662836123012472
0.6624749533305866
0.6975629119813169
0.6662836123012461
0.662474953330588
0.6975629119813179
0.6662836123012428
0.6624749533305881
0.6975629119813065
0.6662836123012432
0.6624749533305864
0.6975629119813038
0.6662836123012477
0.6624749533305854
0.6975629119813003
0.6662836123012515
0.6624749533305896
0.6975629119813163
0.6662836123012508
0.662474953330591
0.6975629119813112
0.6662836123012492
0.662474953330591
0.697562911981314
0.6662836123012499
0.662474953330594
0.697562911981307
0.6662836123012437
0.6624749533305927
0.6975629119813224
0.666283612301243
0.6624749533305946
0.6975629119813207
0.6662836123012457
0.662474953330588
0.6975629119813322
0.666283612301244
0.6624749533305885
0.6975629119813159
0.6662836123012446
0.6624749533305907
0.697562911981324
0.6662836123012499
0.6624749533305925
0.6975629119813304
0.6662836123012531
0.662474953330588
0.6975629119813219
0.6662836123012539
0.6624749533305908
0.6975629119813197
0.6662836123012504
0.6624749533305927
0.6975629119813218
0.6662836123012451
0.6624749533305913
0.697562911981322
0.6662836123012446
0.6624749533305839
0.6975629119813076
0.6662836123012458
0.6624749533305846
0.6975629119813056
0.6662836123012448
0.6624749533305881
0.6975629119813029
0.6662836123012466
0.6624749533305865
0.6975629119813018
0.6662836123012505
0.6624749533305848
0.6975629119813176
0.6662836123012458
0.662474953330588
0.6975629119813134
0.6662836123012452
0.6624749533305925
0.6975629119813268
0.6662836123012458
0.6624749533305893
0.6975629119813169
0.6662836123012461
0.6624749533305875
0.6975629119813034
0.6662836123012421
0.6624749533305873
0.6975629119813123
0.6662836123012439
0.6624749533305891
0.6975629119813175
0.6662836123012473
0.6624749533305851
0.6975629119813251
0.6662836123012541
0.6624749533305873
0.6975629119813263
0.666283612301252
0.6624749533305923
0.6975629119813502
0.6662836123012483
0.6624749533305929
0.6975629119813391
0.6662836123012469
0.6624749533305909
0.6975629119813338
0.6662836123012463
0.6624749533305906
0.6975629119813106
0.6662836123012457
0.6624749533305921
0.6975629119813063
0.6662836123012457
0.6624749533305887
0.6975629119813171
0.6662836123012532
0.6624749533305889
0.6975629119813185
0.6662836123012514
0.6624749533305851
0.6975629119813169
0.6662836123012503
0.6624749533305898
0.6975629119813058
0.6662836123012483
0.6624749533305884
0.6975629119813107
0.6662836123012464
0.6624749533305895
0.6975629119813165
0.6662836123012432
0.6624749533305885
0.6975629119813146
0.6662836123012453
0.662474953330587
0.6975629119813008
0.6662836123012452
0.6624749533305847
0.697562911981301
0.6662836123012478
0.6624749533305878
0.6975629119813251
0.6662836123012513
0.662474953330588
0.697562911981324
0.6662836123012515
0.6624749533305887
0.6975629119813243
0.6662836123012488
0.6624749533305907
0.6975629119813107
0.6662836123012486
0.6624749533305934
0.6975629119813211
0.6662836123012453
0.6624749533305929
0.6975629119813154
0.6662836123012474
0.6624749533305909
0.6975629119813209
0.666283612301251
0.6624749533305926
0.6975629119813298
0.666283612301251
0.6624749533305883
0.6975629119813255
0.6662836123012507
0.6624749533305857
0.6975629119813145
0.6662836123012481
0.662474953330587
0.6975629119813247
0.666283612301249
0.6624749533305914
0.6975629119813311
0.6662836123012459
0.6624749533305917
0.6975629119813218
0.6662836123012518
0.6624749533305908
0.6975629119813125
0.6662836123012474
0.6624749533305877
0.6975629119813074
0.6662836123012474
0.6624749533305904
0.6975629119813205
0.6662836123012466
0.6624749533305873
0.6975629119813191
0.666283612301249
0.6624749533305829
0.6975629119812978
0.6662836123012492
0.6624749533305829
0.6975629119812992
0.6662836123012459
0.6624749533305867
0.6975629119813181
0.6662836123012464
0.6624749533305893
0.6975629119813171
0.6662836123012461
0.6624749533305868
0.6975629119813063
0.6662836123012502
0.6624749533305907
0.6975629119813136
0.6662836123012447
0.6624749533305909
0.697562911981322
0.6662836123012492
0.6624749533305914
0.6975629119813309
0.6662836123012514
0.6624749533305863
0.6975629119813235