0.6696866414052616
0.6678674082867657
0.6827395318450742
0.66968664138945
0.6678674083611087
0.6827395318098496
0.6696866413821914
0.6678674083945942
0.6827395317946032
0.6696866414051188
0.6678674082874936
0.6827395318453096
0.6696866413894046
0.6678674083613383
0.6827395318103545
0.669686641382475
0.6678674083942181
0.6827395317948048
0.66968664140531
0.6678674082869268
0.6827395318453504
0.6696866413892284
0.667867408361356
0.6827395318103897
0.6696866413822901
0.6678674083944074
0.6827395317944596
0.6696866414053718
0.6678674082869145
0.6827395318448042
0.6696866413892042
0.6678674083616752
0.6827395318103842
0.6696866413821773
0.6678674083946565
0.6827395317949168
0.6696866414055409
0.667867408286765
0.6827395318451144
0.6696866413894469
0.6678674083613318
0.682739531810377
0.6696866413821341
0.6678674083945978
0.6827395317949598
0.669686641382184
0.6678674083945941
0.6827395317949287
0.6696866414054122
0.6678674082867818
0.68273953184499
0.669686641389394
0.6678674083611331
0.682739531810178
0.6696866413820832
0.6678674083945635
0.6827395317947058
0.6696866414052653
0.667867408286846
0.6827395318449708
0.6696866413894349
0.6678674083612763
0.6827395318101097
0.6696866413822429
0.6678674083948201
0.6827395317949719
0.6696866414052597
0.6678674082871577
0.6827395318454675
0.6696866413894558
0.6678674083612001
0.6827395318102669
0.6696866413823451
0.6678674083943618
0.682739531794587
0.6696866414052176
0.667867408287041
0.6827395318451066
0.6696866413892495
0.6678674083614281
0.6827395318102174
0.6696866413823168
0.6678674083941761
0.6827395317945463
0.6696866414054476
0.6678674082870102
0.6827395318451164
0.6696866413892681
0.6678674083617766
0.6827395318105702
0.6696866413893572
0.6678674083613199
0.6827395318104162
0.6696866413823443
0.6678674083945045
0.6827395317948626
0.6696866414053338
0.6678674082871152
0.682739531845302
0.6696866413892593
0.6678674083615129
0.682739531810356
0.6696866413821945
0.6678674083943077
0.6827395317945515
0.6696866414053457
0.6678674082866429
0.6827395318447889
0.6696866413892981
0.6678674083615079
0.6827395318102211
0.6696866413821956
0.6678674083947219
0.6827395317949103
0.66968664140541
0.6678674082867961
0.6827395318452593
0.669686641389494
0.6678674083613504
0.6827395318103828
0.6696866413822569
0.6678674083946659
0.6827395317949534
0.6696866414051977
0.6678674082871349
0.6827395318450922
0.6696866413893865
0.667867408361144
0.6827395318099778
0.669686641382267
0.6678674083943372
0.6827395317944965
0.6696866414052622
0.6678674082870757
0.682739531845185
0.6696866414053165
0.6678674082868277
0.6827395318449107
0.6696866413893825
0.6678674083611007
0.682739531810094
0.6696866413822047
0.667867408394623
0.6827395317948707
0.6696866414052817
0.6678674082871456
0.6827395318454454
0.6696866413894143
0.6678674083613911
0.6827395318103311
0.6696866413823103
0.6678674083942719
0.6827395317947216
0.6696866414052647
0.6678674082869831
0.6827395318450575
0.669686641389245
0.6678674083615018
0.682739531810094
0.6696866413822631
0.6678674083943266
0.6827395317945242
0.6696866414053503
0.6678674082869845
0.6827395318450522
0.669686641389356
0.6678674083614908
0.6827395318105685
0.6696866413823472
0.6678674083945673
0.6827395317949894
0.669686641405415
0.667867408286806
0.6827395318451308
0.6696866413893164
0.6678674083613929
0.6827395318102168
0.6696866413821362
0.6678674083947155
0.682739531794621
0.6696866413822771
0.6678674083945142
0.6827395317945683
0.6696866414053473
0.667867408286573
0.6827395318448206
0.6696866413892127
0.6678674083613314
0.6827395318101752
0.6696866413821814
0.6678674083944935
0.6827395317948022
0.6696866414054002
0.6678674082869669
0.6827395318451408
0.6696866413894099
0.6678674083614237
0.6827395318103403
0.6696866413821713
0.6678674083947247
0.6827395317950378
0.6696866414053251
0.6678674082870759
0.682739531845197
0.669686641389452
0.6678674083610308
0.6827395318099808
0.6696866413821955
0.6678674083943363
0.6827395317945364
0.6696866414052143
0.6678674082871405
0.6827395318451294
0.6696866413893972
0.6678674083614204
0.6827395318103157
0.6696866413823737
0.6678674083943754
0.6827395317947957
0.6696866414053271
0.6678674082870157
0.6827395318453549
0.6696866413893068
0.6678674083617195
0.6827395318105592
0.6696866413894474
0.6678674083614425
0.682739531810375
0.6696866413823406
0.6678674083943703
0.6827395317946214
0.6696866414051604
0.6678674082872815
0.6827395318451108
0.6696866413892051
0.6678674083615261
0.6827395318102848
0.6696866413823452
0.6678674083941609
0.6827395317944311
0.669686641405379
0.6678674082866489
0.6827395318449936
0.6696866413892503
0.6678674083614992
0.6827395318105217
0.6696866413822464
0.667867408394743
0.6827395317950227
0.6696866414054727
0.6678674082868652
0.68273953184508
0.6696866413893927
0.6678674083613003
0.6827395318101976
0.6696866413820715
0.6678674083947898
0.6827395317947951
0.6696866414052673
0.6678674082869553
0.6827395318449652
0.6696866413894788
0.6678674083611451
0.682739531809972
0.669686641382266
0.6678674083943619
0.6827395317948861
0.6696866414052529
0.6678674082870781
0.6827395318454961
0.6696866414053758
0.6678674082868158
0.6827395318451404
0.669686641389635
0.667867408360916
0.6827395318102711
0.6696866413822596
0.6678674083945226
0.6827395317950646
0.6696866414051746
0.667867408287345
0.6827395318453906
0.6696866413893873
0.667867408361347
0.6827395318100453
0.6696866413822999
0.6678674083943815
0.6827395317943283
0.6696866414051361
0.667867408287093
0.682739531845091
0.6696866413892284
0.6678674083614491
0.6827395318103613
0.6696866413824631
0.6678674083942965
0.6827395317946862
0.6696866414054814
0.667867408286721
0.6827395318452705
0.6696866413892232
0.6678674083615981
0.682739531810606
0.6696866413822419
0.6678674083945166
0.6827395317948128
0.6696866414054372
0.6678674082868921
0.6827395318447345
0.6696866413892563
0.6678674083615517
0.6827395318100392
0.6696866413820135
0.6678674083947156
0.6827395317948743
0.6696866413821521
0.66786740839465
0.6827395317945316
0.6696866414054394
0.667867408286905
0.6827395318447462
0.6696866413893563
0.6678674083614065
0.6827395318103462
0.6696866413821224
0.6678674083947393
0.6827395317951126
0.6696866414054701
0.6678674082867595
0.6827395318452663
0.6696866413895677
0.667867408361128
0.6827395318101832
0.6696866413821239
0.6678674083945607
0.6827395317947931
0.6696866414051399
0.6678674082870459
0.6827395318450977
0.6696866413893985
0.6678674083612981
0.6827395318098557
0.6696866413822911
0.667867408394462
0.6827395317945507
0.6696866414051783
0.6678674082873735
0.6827395318453837
0.6696866413893627
0.6678674083614031
0.6827395318105922
0.6696866413825211
0.6678674083940429
0.6827395317947329
0.6696866414053783
0.6678674082867884
0.6827395318451231
0.6696866413891187
0.667867408361594
0.6827395318103772
0.6696866413893614
0.6678674083612192
0.6827395318103983
0.6696866413823607
0.6678674083942788
0.6827395317944187
0.6696866414052778
0.6678674082869152
0.6827395318449552
0.6696866413891883
0.667867408361656
0.6827395318103299
0.6696866413822873
0.6678674083944383
0.6827395317947155
0.6696866414054718
0.6678674082868751
0.682739531845092
0.6696866413893543
0.6678674083616366
0.6827395318105138
0.6696866413821396
0.66786740839461
0.6827395317949765
0.6696866414053622
0.6678674082866543
0.6827395318449709
0.6696866413894547
0.6678674083610137
0.6827395318099541
0.6696866413821133
0.6678674083946443
0.6827395317947679
0.6696866414051682
0.6678674082872738
0.682739531845148
0.6696866413894406
0.6678674083612806
0.6827395318101526
0.6696866413823522
0.6678674083945381
0.682739531794869
0.669686641405249
0.6678674082871294
0.6827395318454716
0.6696866414053274
0.6678674082869978
0.6827395318453812
0.6696866413894684
0.6678674083612786
0.6827395318102906
0.669686641382288
0.6678674083945269
0.682739531794767
0.6696866414052038
0.6678674082871567
0.6827395318450948
0.6696866413892975
0.6678674083611984
0.6827395318100731
0.669686641382352
0.6678674083941609
0.6827395317944847
0.6696866414053406
0.667867408287059
0.6827395318452318
0.6696866413892781
0.6678674083616241
0.6827395318105655
0.6696866413822976
0.6678674083945386
0.6827395317948224
0.6696866414053937
0.6678674082869789
0.6827395318451236
0.6696866413892848
0.667867408361366
0.6827395318103
0.6696866413821034
0.6678674083944505
0.6827395317946549
0.6696866414053413
0.6678674082866012
0.6827395318448195
0.6696866413893972
0.6678674083613461
0.6827395318101125
0.669686641382208
0.6678674083948636
0.682739531795052
0.6696866413822163
0.6678674083945196
0.6827395317947295
0.6696866414054244
0.6678674082868101
0.6827395318451558
0.6696866413894593
0.6678674083614291
0.6827395318105227
0.6696866413822421
0.6678674083946328
0.682739531795026
0.6696866414053448
0.6678674082869699
0.6827395318450409
0.6696866413893617
0.6678674083612259
0.6827395318100209
0.6696866413821443
0.6678674083945926
0.6827395317945947
0.669686641405266
0.6678674082870246
0.6827395318450655
0.6696866413894269
0.6678674083611206
0.6827395318102689
0.669686641382307
0.6678674083945348
0.6827395317948143
0.6696866414052776
0.667867408287133
0.6827395318454488
0.6696866413893052
0.6678674083614957
0.6827395318103718
0.6696866413822734
0.6678674083942295
0.6827395317945503
0.6696866414053123
0.6678674082868156
0.6827395318448926
0.6696866413892377
0.6678674083615985
0.682739531810143
0.6696866413893694
0.6678674083612417
0.6827395318100012
0.6696866413822902
0.6678674083942586
0.6827395317944773
0.6696866414052047
0.6678674082871359
0.6827395318451196
0.6696866413893693
0.667867408361543
0.6827395318104911
0.6696866413823951
0.6678674083944609
0.6827395317948639
0.6696866414054017
0.667867408286818
0.6827395318452254
0.6696866413892905
0.6678674083615719
0.6827395318104142
0.6696866413821849
0.667867408394663
0.6827395317946772
0.6696866414053588
0.6678674082866098
0.6827395318447929
0.6696866413893023
0.6678674083611896
0.6827395318100697
0.6696866413821537
0.6678674083946268
0.6827395317948662
0.6696866414053358
0.6678674082871326
0.6827395318453087
0.6696866413894587
0.6678674083613663
0.6827395318103842
0.6696866413822428
0.6678674083944595
0.6827395317948655
0.6696866414052547
0.6678674082870534
0.6827395318451694
0.6696866414054383
0.667867408287036
0.6827395318450785
0.6696866413894156
0.6678674083610342
0.6827395318100428
0.6696866413821316
0.6678674083945793
0.6827395317946758
0.6696866414052198
0.6678674082870409
0.6827395318451254
0.669686641389461
0.667867408361237
0.6827395318101247
0.6696866413823597
0.6678674083943124
0.6827395317947614
0.6696866414052591
0.667867408287137
0.6827395318454721
0.6696866413893403
0.6678674083617062
0.6827395318104823
0.6696866413823253
0.6678674083944084
0.682739531794568
0.6696866414052633
0.6678674082868454
0.682739531844943
0.669686641389188
0.6678674083614383
0.6827395318102321
0.669686641382288
0.6678674083942855
0.6827395317946747
0.6696866414054273
0.6678674082867566
0.6827395318450297
0.6696866413892933
0.6678674083614937
0.6827395318104527
0.6696866413821677
0.6678674083948553
0.6827395317950616
0.669686641382339
0.6678674083944758
0.6827395317948677
0.6696866414055473
0.6678674082867169
0.6827395318451178
0.6696866413892789
0.667867408361523
0.6827395318104037
0.6696866413820903
0.6678674083947846
0.6827395317948591
0.6696866414053595
0.6678674082869487
0.6827395318447893
0.6696866413894023
0.6678674083612863
0.6827395318099926
0.6696866413821285
0.6678674083945079
0.682739531794882
0.6696866414053131
0.6678674082869063
0.6827395318453922
0.6696866413895767
0.667867408361118
0.682739531810332
0.6696866413823082
0.6678674083944294
0.682739531794827
0.6696866414051186
0.6678674082874777
0.6827395318452874
0.6696866413892799
0.6678674083614873
0.6827395318101063
0.6696866413823397
0.6678674083942246
0.6827395317943326
0.6696866414052651
0.6678674082868024
0.6827395318450762
0.6696866413892473
0.6678674083614669
0.682739531810514
0.6696866413893274
0.6678674083614329
0.6827395318100871
0.6696866413824245
0.6678674083943131
0.6827395317945528
0.6696866414053284
0.6678674082869931
0.682739531845346
0.6696866413892772
0.6678674083615108
0.682739531810645
0.6696866413824151
0.6678674083942051
0.6827395317948279
0.6696866414054311
0.6678674082868221
0.6827395318448614
0.6696866413891422
0.6678674083616696
0.6827395318101831
0.6696866413820355
0.6678674083947658
0.6827395317946909
0.6696866414054219
0.6678674082868715
0.6827395318448716
0.6696866413895326
0.6678674083610776
0.6827395318103666
0.6696866413821755
0.6678674083946486
0.6827395317951168
0.6696866414053179
0.6678674082869858
0.6827395318453429
0.669686641389523
0.6678674083611654
0.6827395318100467
0.6696866413822296
0.6678674083945197
0.6827395317945444
0.6696866414050286
0.6678674082871774
0.6827395318451398