0.6724480817459901
0.6718670846714672
0.6691441696633149
0.6724480817459568
0.6718670846714481
0.669144169663187
0.6724480817459697
0.6718670846715546
0.669144169663295
0.6724480817459546
0.6718670846714645
0.6691441696631169
0.6724480817459504
0.6718670846714287
0.6691441696632142
0.6724480817459655
0.6718670846714934
0.6691441696633125
0.6724480817459316
0.6718670846714057
0.669144169663191
0.6724480817459477
0.6718670846714505
0.6691441696632731
0.6724480817459364
0.6718670846714263
0.6691441696632262
0.6724480817459295
0.6718670846714196
0.6691441696631999
0.6724480817459537
0.6718670846714916
0.6691441696632869
0.6724480817459617
0.6718670846714546
0.6691441696632212
0.6724480817460136
0.6718670846714889
0.6691441696631415
0.6724480817460039
0.6718670846714709
0.6691441696632625
0.6724480817459761
0.6718670846714407
0.6691441696632001
0.6724480817459817
0.6718670846714799
0.6691441696632305
0.672448081745936
0.6718670846715094
0.6691441696632796
0.6724480817459095
0.6718670846714474
0.669144169663214
0.6724480817459828
0.6718670846715095
0.6691441696632775
0.6724480817459698
0.6718670846714311
0.6691441696631099
0.6724480817459602
0.6718670846714669
0.6691441696632906
0.6724480817459617
0.6718670846714911
0.669144169663295
0.6724480817459242
0.6718670846714134
0.6691441696631848
0.672448081745943
0.6718670846714645
0.6691441696632816
0.6724480817459175
0.6718670846714019
0.6691441696631769
0.6724480817459527
0.6718670846714736
0.6691441696632761
0.6724480817460013
0.6718670846714669
0.669144169663236
0.6724480817459976
0.6718670846714077
0.6691441696632308
0.67244808174601
0.6718670846714934
0.669144169663151
0.6724480817459941
0.6718670846714491
0.6691441696632102
0.6724480817459666
0.671867084671492
0.6691441696631952
0.6724480817459528
0.6718670846714895
0.6691441696632898
0.672448081745936
0.6718670846714252
0.6691441696632145
0.672448081745952
0.6718670846714496
0.6691441696632685
0.6724480817459861
0.6718670846715062
0.6691441696632738
0.6724480817459471
0.6718670846714556
0.6691441696631092
0.6724480817459435
0.6718670846715027
0.669144169663301
0.6724480817459461
0.6718670846714574
0.6691441696632241
0.6724480817459222
0.6718670846714156
0.6691441696632024
0.6724480817459556
0.6718670846714762
0.6691441696633067
0.672448081745966
0.6718670846713921
0.6691441696631525
0.6724480817459877
0.6718670846714467
0.669144169663307
0.6724480817459815
0.671867084671449
0.6691441696631917
0.672448081745995
0.6718670846714478
0.6691441696632707
0.6724480817460041
0.6718670846714992
0.6691441696631371
0.6724480817459616
0.6718670846714563
0.669144169663122
0.6724480817459795
0.6718670846714523
0.6691441696631979
0.6724480817459704
0.6718670846714848
0.6691441696633202
0.6724480817459263
0.6718670846714232
0.6691441696631963
0.6724480817459433
0.6718670846715086
0.6691441696633003
0.6724480817459437
0.671867084671508
0.6691441696632163
0.6724480817459411
0.6718670846714629
0.6691441696631124
0.6724480817459577
0.6718670846714654
0.6691441696632784
0.6724480817459741
0.6718670846714427
0.6691441696632361
0.6724480817459828
0.6718670846714369
0.6691441696632316
0.6724480817459728
0.6718670846714181
0.6691441696632657
0.6724480817459572
0.6718670846714175
0.669144169663162
0.6724480817459778
0.6718670846714629
0.6691441696633079
0.672448081745977
0.6718670846714504
0.6691441696631789
0.6724480817459753
0.6718670846715181
0.6691441696633189
0.6724480817459799
0.67186708467147
0.6691441696633023
0.6724480817459708
0.6718670846714319
0.6691441696631067
0.6724480817459789
0.6718670846715069
0.6691441696632562
0.6724480817459406
0.6718670846715082
0.6691441696632929
0.6724480817459085
0.6718670846714483
0.6691441696631811
0.6724480817459525
0.6718670846715084
0.66914416966331
0.6724480817459518
0.6718670846714458
0.6691441696631818
0.6724480817459961
0.6718670846714835
0.6691441696631996
0.672448081746011
0.6718670846714401
0.6691441696632296
0.6724480817459801
0.6718670846714316
0.6691441696632446
0.672448081745953
0.671867084671479
0.6691441696632353
0.6724480817459593
0.6718670846714045
0.6691441696632081
0.6724480817459713
0.6718670846714391
0.6691441696632021
0.6724480817459454
0.6718670846714785
0.6691441696632809
0.6724480817459426
0.6718670846714323
0.6691441696632077
0.6724480817459668
0.6718670846714581
0.6691441696632565
0.6724480817459682
0.6718670846714867
0.6691441696632976
0.6724480817459504
0.6718670846714686
0.669144169663104
0.6724480817459653
0.6718670846715447
0.6691441696632732
0.6724480817459406
0.6718670846714565
0.6691441696632348
0.6724480817459418
0.6718670846714192
0.6691441696632081
0.6724480817459877
0.6718670846714963
0.6691441696633402
0.6724480817459939
0.671867084671443
0.6691441696631537
0.6724480817460049
0.6718670846714954
0.6691441696632171
0.672448081745957
0.6718670846714594
0.6691441696631701
0.6724480817459676
0.6718670846714736
0.6691441696632806
0.6724480817459717
0.6718670846714538
0.669144169663225
0.6724480817459508
0.6718670846714124
0.6691441696632026
0.6724480817459415
0.671867084671435
0.6691441696632665
0.6724480817459361
0.6718670846714079
0.6691441696632134
0.6724480817459222
0.671867084671422
0.669144169663191
0.6724480817459568
0.6718670846715128
0.669144169663294
0.6724480817459364
0.6718670846714734
0.6691441696632434
0.672448081745961
0.6718670846714573
0.6691441696631136
0.6724480817459859
0.6718670846714863
0.6691441696632547
0.6724480817459736
0.6718670846714321
0.6691441696632401
0.6724480817459896
0.6718670846714552
0.6691441696632267
0.6724480817459715
0.6718670846714722
0.6691441696632854
0.6724480817459637
0.6718670846714969
0.6691441696631488
0.6724480817460035
0.6718670846715081
0.6691441696632174
0.6724480817459803
0.6718670846714228
0.669144169663173
0.6724480817459818
0.6718670846715046
0.6691441696633392
0.6724480817459408
0.6718670846714045
0.6691441696632165
0.6724480817459408
0.6718670846713991
0.6691441696632066
0.6724480817459388
0.6718670846714634
0.6691441696632914
0.6724480817459233
0.6718670846714667
0.6691441696632634
0.6724480817459199
0.6718670846714188
0.6691441696631835
0.6724480817459659
0.6718670846714956
0.6691441696633128
0.6724480817459443
0.6718670846714074
0.6691441696632054
0.6724480817460067
0.6718670846714837
0.669144169663197
0.6724480817460202
0.6718670846714807
0.6691441696632031
0.6724480817459673
0.6718670846714471
0.6691441696632403
0.6724480817459554
0.6718670846715128
0.6691441696632265
0.6724480817459677
0.6718670846714468
0.6691441696632413
0.6724480817460179
0.6718670846714788
0.6691441696632004
0.6724480817460046
0.671867084671488
0.6691441696632019
0.6724480817459431
0.6718670846714063
0.6691441696632048
0.6724480817459663
0.6718670846714948
0.6691441696633132
0.672448081745921
0.6718670846714186
0.6691441696631869
0.6724480817459226
0.6718670846714649
0.6691441696632625
0.6724480817459365
0.6718670846714669
0.6691441696632929
0.6724480817459407
0.6718670846714027
0.6691441696632101
0.6724480817459415
0.6718670846714037
0.6691441696632145
0.6724480817459838
0.6718670846715055
0.6691441696633428
0.672448081745981
0.6718670846714228
0.6691441696631738
0.6724480817460042
0.6718670846715072
0.6691441696632144
0.672448081745965
0.6718670846714994
0.6691441696631497
0.6724480817459708
0.6718670846714709
0.669144169663281
0.6724480817459888
0.6718670846714558
0.6691441696632271
0.6724480817459727
0.6718670846714295
0.6691441696632363
0.6724480817459855
0.6718670846714837
0.6691441696632526
0.672448081745961
0.671867084671458
0.6691441696631174
0.6724480817459363
0.6718670846714689
0.669144169663241
0.6724480817459576
0.6718670846715133
0.6691441696632968
0.6724480817459203
0.671867084671423
0.6691441696631917
0.6724480817459356
0.6718670846714063
0.6691441696632092
0.6724480817459427
0.6718670846714363
0.6691441696632702
0.6724480817459526
0.6718670846714123
0.6691441696632058
0.672448081745972
0.671867084671453
0.669144169663224
0.6724480817459676
0.6718670846714766
0.6691441696632848
0.672448081745955
0.671867084671462
0.66914416966317
0.6724480817460043
0.6718670846714986
0.6691441696632195
0.6724480817459941
0.6718670846714427
0.6691441696631536
0.6724480817459874
0.6718670846714929
0.6691441696633369
0.6724480817459416
0.6718670846714196
0.6691441696632108
0.6724480817459395
0.6718670846714523
0.6691441696632304
0.6724480817459663
0.6718670846715418
0.6691441696632717
0.6724480817459502
0.6718670846714669
0.669144169663102
0.6724480817459663
0.6718670846714863
0.669144169663294
0.6724480817459656
0.6718670846714612
0.6691441696632581
0.6724480817459437
0.6718670846714321
0.6691441696632091
0.6724480817459477
0.6718670846714723
0.6691441696632758
0.6724480817459733
0.6718670846714391
0.6691441696632037
0.6724480817459584
0.6718670846714052
0.6691441696632068
0.6724480817459514
0.6718670846714818
0.6691441696632352
0.6724480817459804
0.6718670846714336
0.6691441696632459
0.6724480817460108
0.6718670846714399
0.669144169663229
0.6724480817459972
0.6718670846714857
0.6691441696632061
0.672448081745951
0.6718670846714438
0.6691441696631812
0.6724480817459519
0.6718670846715068
0.66914416966331
0.6724480817459073
0.6718670846714493
0.6691441696631844
0.6724480817459382
0.6718670846715058
0.6691441696632904
0.6724480817459785
0.6718670846715076
0.6691441696632574
0.672448081745969
0.6718670846714307
0.6691441696631023
0.672448081745979
0.6718670846714707
0.6691441696633014
0.6724480817459768
0.6718670846715183
0.6691441696633221
0.6724480817459778
0.671867084671451
0.6691441696631789
0.6724480817459778
0.671867084671463
0.6691441696633049
0.6724480817459566
0.6718670846714216
0.6691441696631624
0.6724480817459719
0.6718670846714171
0.6691441696632615
0.6724480817459841
0.6718670846714376
0.6691441696632332
0.6724480817459766
0.6718670846714389
0.6691441696632339
0.6724480817459582
0.6718670846714627
0.6691441696632763
0.6724480817459408
0.6718670846714646
0.669144169663116
0.6724480817459416
0.6718670846715062
0.669144169663213
0.6724480817459428
0.6718670846715095
0.669144169663302
0.6724480817459242
0.6718670846714228
0.6691441696631971
0.6724480817459685
0.6718670846714845
0.6691441696633209
0.672448081745979
0.6718670846714534
0.669144169663201
0.6724480817459612
0.671867084671453
0.6691441696631193
0.6724480817460037
0.6718670846714988
0.669144169663136
0.6724480817459946
0.6718670846714511
0.6691441696632745
0.6724480817459788
0.6718670846714511
0.669144169663191
0.6724480817459865
0.6718670846714496
0.6691441696633098
0.6724480817459676
0.6718670846713917
0.6691441696631533
0.6724480817459575
0.6718670846714723
0.669144169663304
0.6724480817459237
0.6718670846714176
0.6691441696632057
0.6724480817459448
0.6718670846714556
0.6691441696632203
0.6724480817459424
0.6718670846715029
0.6691441696632985
0.672448081745946
0.6718670846714554
0.6691441696631071
0.672448081745985
0.6718670846715038
0.6691441696632708
0.6724480817459524
0.6718670846714493
0.6691441696632694
0.6724480817459346
0.6718670846714209
0.6691441696632108
0.6724480817459525
0.6718670846714896
0.669144169663292
0.6724480817459663
0.6718670846714927
0.6691441696631975
0.6724480817459928
0.6718670846714493
0.6691441696632079
0.67244808174601
0.6718670846714959
0.6691441696631517
0.6724480817459986
0.6718670846714088
0.6691441696632319
0.6724480817460012
0.6718670846714663
0.6691441696632352
0.6724480817459547
0.6718670846714756
0.669144169663282
0.672448081745918
0.6718670846714014
0.6691441696631775
0.6724480817459423
0.6718670846714652
0.669144169663282
0.6724480817459221
0.6718670846714182
0.6691441696631875
0.6724480817459593
0.6718670846714909
0.6691441696632932
0.6724480817459608
0.6718670846714667
0.6691441696632918
0.6724480817459699
0.6718670846714261
0.6691441696631056
0.6724480817459818
0.6718670846715074
0.6691441696632774
0.6724480817459088
0.6718670846714456
0.6691441696632145
0.6724480817459355
0.6718670846715041
0.6691441696632727
0.6724480817459821
0.6718670846714809
0.6691441696632316
0.6724480817459773
0.6718670846714414
0.6691441696632003
0.6724480817460039
0.6718670846714689
0.6691441696632591
0.6724480817460162
0.6718670846714905
0.6691441696631439
0.6724480817459644
0.6718670846714518
0.6691441696632188
0.6724480817459539
0.6718670846714906
0.6691441696632857
0.6724480817459287
0.6718670846714228
0.6691441696632031
0.6724480817459344
0.6718670846714275
0.6691441696632239
0.6724480817459475
0.6718670846714527
0.669144169663276
0.6724480817459311
0.671867084671405
0.669144169663192
0.672448081745965
0.6718670846714911
0.6691441696633132
0.672448081745951
0.6718670846714296
0.6691441696632188
0.6724480817459532
0.6718670846714617
0.6691441696631135
0.6724480817459686
0.6718670846715565
0.6691441696632974
0.6724480817459554
0.6718670846714472
0.6691441696631861
0.6724480817459896
0.6718670846714654
0.6691441696633116