0.6727139463416841
0.6715152172003052
0.674130962049827
0.6727139463417623
0.6715152171998953
0.6741309620496861
0.6727139463420957
0.6715152171988059
0.6741309620492704
0.6727139463423761
0.67151521719782
0.6741309620488711
0.6727139463423797
0.671515217197634
0.6741309620488334
0.6727139463421887
0.6715152171983297
0.674130962049112
0.6727139463419556
0.6715152171993766
0.6741309620494729
0.672713946341748
0.6715152172001584
0.6741309620497279
0.6727139463416962
0.6715152172002066
0.6741309620497806
0.6727139463419238
0.6715152171994019
0.6741309620495195
0.6727139463422798
0.6715152171982435
0.674130962049039
0.6727139463424346
0.671515217197596
0.6741309620488043
0.6727139463423039
0.6715152171979019
0.6741309620489497
0.6727139463420769
0.6715152171988563
0.6741309620493026
0.6727139463418446
0.6715152171998353
0.6741309620496172
0.6727139463418176
0.6715152171998571
0.674130962049645
0.672713946341656
0.6715152172003611
0.6741309620498899
0.6727139463418108
0.6715152171998702
0.6741309620496534
0.6727139463421248
0.6715152171987617
0.6741309620492189
0.6727139463423333
0.6715152171978551
0.674130962048916
0.6727139463423597
0.6715152171976686
0.6741309620488647
0.6727139463422295
0.6715152171982826
0.6741309620490616
0.6727139463419557
0.6715152171993475
0.6741309620494429
0.6727139463416899
0.6715152172002057
0.6741309620497913
0.6727139463416828
0.671515217200219
0.6741309620497864
0.6727139463419642
0.6715152171993344
0.6741309620494498
0.6727139463422532
0.6715152171982257
0.6741309620490319
0.672713946342373
0.6715152171976629
0.6741309620488712
0.6727139463423257
0.6715152171978953
0.6741309620489334
0.6727139463421267
0.6715152171987875
0.674130962049236
0.672713946342107
0.6715152171988044
0.6741309620492696
0.6727139463417786
0.6715152171999013
0.6741309620496845
0.6727139463416854
0.6715152172003493
0.6741309620498517
0.672713946341855
0.6715152171998354
0.6741309620496307
0.6727139463421015
0.6715152171987848
0.674130962049257
0.6727139463423144
0.6715152171978866
0.6741309620489457
0.6727139463424128
0.6715152171976395
0.6741309620488275
0.6727139463422691
0.6715152171982599
0.6741309620490614
0.672713946341916
0.6715152171993848
0.6741309620494886
0.6727139463416811
0.6715152172002178
0.67413096204979
0.6727139463417326
0.671515217200173
0.6741309620497404
0.6727139463419602
0.6715152171993433
0.6741309620494687
0.6727139463421979
0.6715152171982708
0.6741309620490779
0.6727139463423839
0.6715152171976524
0.6741309620488473
0.6727139463423765
0.6715152171978642
0.6741309620489004
0.6727139463423506
0.6715152171978437
0.6741309620488949
0.6727139463420531
0.6715152171988357
0.6741309620492824
0.6727139463417948
0.6715152171999136
0.6741309620496857
0.6727139463417179
0.6715152172003171
0.6741309620498217
0.672713946341819
0.6715152171998316
0.6741309620496345
0.6727139463420695
0.671515217198821
0.674130962049283
0.6727139463423624
0.6715152171978895
0.6741309620489467
0.6727139463424457
0.6715152171976119
0.6741309620488077
0.6727139463422313
0.6715152171982635
0.674130962049073
0.6727139463419117
0.67151521719941
0.6741309620495088
0.6727139463417408
0.6715152172002234
0.6741309620497828
0.6727139463417426
0.6715152172001468
0.6741309620497294
0.6727139463419203
0.6715152171993507
0.6741309620494824
0.6727139463422163
0.671515217198303
0.674130962049091
0.6727139463424299
0.671515217197628
0.6741309620488326
0.672713946342415
0.6715152171975929
0.6741309620487999
0.6727139463423182
0.6715152171978744
0.6741309620489292
0.6727139463420678
0.6715152171988596
0.6741309620492918
0.6727139463418167
0.6715152171998737
0.6741309620496414
0.6727139463416845
0.6715152172002927
0.6741309620498128
0.6727139463417838
0.6715152171998722
0.6741309620496794
0.6727139463420853
0.6715152171988323
0.67413096204927
0.6727139463423645
0.6715152171978375
0.6741309620488931
0.6727139463423963
0.6715152171975993
0.674130962048812
0.6727139463422112
0.6715152171983214
0.6741309620491132
0.6727139463419431
0.671515217199401
0.6741309620494825
0.6727139463417414
0.6715152172001615
0.6741309620497411
0.6727139463417136
0.671515217200169
0.6741309620497585
0.6727139463419332
0.6715152171993944
0.6741309620495137
0.6727139463422518
0.6715152171982737
0.6741309620490588
0.6727139463422502
0.6715152171982479
0.6741309620490549
0.672713946342399
0.6715152171976101
0.6741309620488272
0.6727139463423341
0.671515217197895
0.6741309620489324
0.6727139463420976
0.6715152171988311
0.6741309620492639
0.6727139463418114
0.6715152171998513
0.6741309620496592
0.6727139463416656
0.6715152172003205
0.6741309620498372
0.6727139463417984
0.6715152171998753
0.6741309620496594
0.6727139463420917
0.6715152171987888
0.6741309620492419
0.6727139463423345
0.6715152171978465
0.6741309620489195
0.672713946342376
0.6715152171976312
0.6741309620488275
0.672713946342226
0.6715152171983073
0.6741309620490801
0.6727139463419434
0.6715152171993809
0.6741309620494691
0.6727139463417153
0.6715152172001753
0.6741309620497737
0.672713946341712
0.6715152172001985
0.6741309620497696
0.6727139463419523
0.6715152171993823
0.6741309620494775
0.6727139463419436
0.6715152171993571
0.674130962049476
0.6727139463422293
0.6715152171982394
0.6741309620490565
0.672713946342409
0.6715152171976382
0.6741309620488323
0.6727139463423619
0.6715152171978997
0.6741309620489492
0.6727139463420939
0.6715152171988095
0.6741309620492622
0.672713946341805
0.6715152171998509
0.6741309620496561
0.6727139463416938
0.6715152172003415
0.6741309620498432
0.6727139463418268
0.6715152171998842
0.6741309620496778
0.6727139463420848
0.671515217198767
0.6741309620492456
0.6727139463423383
0.6715152171978468
0.6741309620489154
0.6727139463424088
0.6715152171976648
0.6741309620488394
0.6727139463422352
0.6715152171982979
0.6741309620490894
0.6727139463419218
0.671515217199361
0.6741309620494712
0.6727139463417078
0.6715152172001988
0.6741309620497646
0.6727139463417262
0.6715152172002168
0.6741309620497734
0.6727139463417097
0.6715152172001879
0.6741309620497608
0.6727139463419295
0.6715152171993372
0.6741309620494617
0.6727139463422405
0.6715152171982758
0.6741309620490821
0.6727139463424107
0.6715152171976597
0.6741309620488372
0.6727139463423372
0.671515217197862
0.6741309620489195
0.6727139463420784
0.6715152171987923
0.6741309620492566
0.672713946341822
0.6715152171999031
0.6741309620496863
0.672713946341696
0.6715152172003414
0.6741309620498426
0.6727139463418099
0.6715152171998298
0.6741309620496487
0.6727139463421004
0.6715152171987835
0.674130962049253
0.6727139463423661
0.6715152171978855
0.6741309620489437
0.6727139463424058
0.6715152171976421
0.6741309620488343
0.6727139463422207
0.6715152171982615
0.6741309620490643
0.6727139463419367
0.6715152171993836
0.6741309620494845
0.6727139463417211
0.6715152172002279
0.6741309620497772
0.672713946341708
0.6715152172002079
0.6741309620497724
0.6727139463417158
0.6715152172001639
0.6741309620497689
0.6727139463419467
0.671515217199355
0.6741309620494607
0.6727139463422303
0.6715152171982844
0.6741309620490699
0.672713946342376
0.671515217197624
0.6741309620488232
0.6727139463423283
0.67151521719786
0.6741309620489251
0.6727139463420861
0.671515217198816
0.6741309620492515
0.6727139463417947
0.671515217199895
0.6741309620496672
0.6727139463416675
0.6715152172003191
0.6741309620498378
0.6727139463418201
0.6715152171998341
0.6741309620496527
0.672713946342107
0.6715152171988081
0.6741309620492562
0.6727139463423388
0.6715152171978793
0.6741309620489291
0.6727139463423994
0.6715152171976164
0.6741309620488287
0.672713946342244
0.6715152171982721
0.6741309620490636
0.672713946341943
0.6715152171994067
0.6741309620494867
0.6727139463419274
0.6715152171994178
0.674130962049521
0.6727139463417096
0.6715152172001773
0.6741309620497626
0.6727139463417431
0.6715152172001512
0.6741309620497378
0.6727139463419493
0.6715152171993767
0.674130962049473
0.6727139463422149
0.6715152171982973
0.6741309620491052
0.6727139463423963
0.6715152171975941
0.6741309620488083
0.6727139463423601
0.6715152171978549
0.6741309620488993
0.6727139463420759
0.6715152171988591
0.6741309620492801
0.6727139463417787
0.6715152171998917
0.6741309620496865
0.6727139463416869
0.6715152172002946
0.6741309620498125
0.6727139463418221
0.6715152171998553
0.6741309620496363
0.6727139463420765
0.6715152171988334
0.6741309620492832
0.6727139463423255
0.6715152171978583
0.6741309620489232
0.6727139463424142
0.6715152171975975
0.6741309620488023
0.6727139463422469
0.6715152171982961
0.674130962049067
0.6727139463422108
0.671515217198326
0.674130962049099
0.6727139463419144
0.6715152171993749
0.6741309620494923
0.6727139463417432
0.6715152172001586
0.674130962049733
0.6727139463417443
0.6715152172002132
0.6741309620497811
0.6727139463419181
0.6715152171993843
0.6741309620495006
0.6727139463422396
0.6715152171982413
0.6741309620490639
0.672713946342447
0.6715152171976067
0.6741309620488061
0.6727139463423559
0.6715152171979046
0.6741309620489538
0.6727139463420625
0.671515217198847
0.6741309620492915
0.6727139463418126
0.6715152171998502
0.6741309620496408
0.6727139463417147
0.6715152172003169
0.6741309620498215
0.6727139463417997
0.671515217199895
0.6741309620496773
0.6727139463420593
0.6715152171988092
0.6741309620492727
0.6727139463423542
0.6715152171978284
0.6741309620488899
0.6727139463424294
0.6715152171976349
0.6741309620488347
0.6727139463423791
0.6715152171976577
0.67413096204885
0.6727139463421915
0.6715152171982927
0.6741309620490843
0.6727139463419545
0.6715152171993677
0.6741309620494773
0.6727139463417278
0.6715152172001833
0.6741309620497464
0.6727139463416856
0.6715152172002068
0.6741309620497863
0.6727139463419258
0.6715152171993592
0.6741309620494784
0.6727139463422758
0.6715152171982363
0.6741309620490532
0.6727139463424155
0.6715152171976347
0.6741309620488258
0.6727139463423131
0.6715152171979023
0.6741309620489511
0.672713946342094
0.671515217198809
0.6741309620492668
0.6727139463418501
0.6715152171998555
0.6741309620496376
0.6727139463416844
0.6715152172003511
0.6741309620498511
0.6727139463417815
0.6715152171998809
0.6741309620496778
0.6727139463421132
0.6715152171987783
0.6741309620492597
0.6727139463423795
0.6715152171978507
0.6741309620488946
0.6727139463423266
0.6715152171978797
0.674130962048928
0.6727139463423711
0.6715152171976677
0.6741309620488709
0.6727139463422454
0.6715152171982471
0.6741309620490391
0.6727139463419545
0.67151521719936
0.6741309620494595
0.6727139463416788
0.6715152172002312
0.6741309620497904
0.6727139463416918
0.6715152172001937
0.6741309620497871
0.6727139463419627
0.6715152171993227
0.6741309620494336
0.6727139463422376
0.6715152171982631
0.6741309620490535
0.6727139463423623
0.6715152171976633
0.6741309620488642
0.6727139463423315
0.6715152171978693
0.6741309620489221
0.6727139463421209
0.6715152171987884
0.6741309620492286
0.6727139463418059
0.6715152171998898
0.6741309620496618
0.672713946341657
0.6715152172003602
0.6741309620498901
0.6727139463418251
0.6715152171998368
0.6741309620496365
0.6727139463421314
0.6715152171987611
0.6741309620492274
0.6727139463420854
0.6715152171988312
0.6741309620492948
0.6727139463423097
0.6715152171978855
0.6741309620489435
0.6727139463424334
0.6715152171975995
0.6741309620488056
0.6727139463422737
0.6715152171982677
0.6741309620490471
0.672713946341916
0.6715152171994279
0.6741309620495297
0.6727139463416918
0.6715152172002157
0.6741309620497846
0.6727139463417513
0.6715152172001486
0.6741309620497218
0.6727139463419601
0.6715152171993535
0.6741309620494638
0.6727139463421925
0.6715152171983071
0.6741309620491044
0.6727139463423827
0.6715152171976277
0.6741309620488302
0.6727139463423726
0.6715152171978362
0.6741309620488769
0.6727139463420877
0.6715152171988317
0.6741309620492817
0.6727139463417589
0.671515217199914
0.6741309620496924
0.6727139463416874
0.671515217200304
0.6741309620498268
0.6727139463418497
0.671515217199815
0.6741309620496114
0.6727139463417995
0.6715152171998577
0.6741309620496516
0.6727139463420468
0.6715152171988272
0.6741309620492958
0.6727139463423648
0.6715152171978531
0.6741309620489051
0.6727139463424543
0.6715152171976043
0.674130962048813
0.6727139463422129
0.6715152171983086
0.6741309620490963
0.6727139463419063
0.6715152171994193
0.6741309620495153
0.67271394634176
0.671515217200175
0.6741309620497431
0.6727139463417606
0.6715152172001653
0.67413096204974
0.6727139463419118
0.671515217199395
0.6741309620495066
0.672713946342219
0.6715152171982856
0.6741309620490856
0.6727139463424534
0.6715152171975983
0.6741309620488114
0.6727139463423577
0.6715152171978693
0.6741309620489111
0.6727139463420393
0.6715152171988544
0.6741309620493044
0.6727139463417939
0.671515217199876
0.6741309620496577
0.6727139463417304
0.6715152172003072
0.6741309620498148