0.11806169113081455 -0.012052428362981107 0.10469281779901138	-0.01205242836289588 0.0992044817741145 -0.0199346595699814	-0.10469281779824027 0.019934659569892144 0.28820166986852447
0.11806169112511906 -0.012052428363830029 0.10469281779538323	-0.012052428363743225 0.09920448177191613 -0.019934659580127502	-0.10469281779460397 0.019934659580039083 0.2882016698332842
0.11806169111601476 -0.012052428365394953 0.1046928177895744	-0.01205242836530641 0.09920448176923165 -0.019934659596932594	-0.10469281778879243 0.019934659596841164 0.28820166977838063
0.11806169110520776 -0.01205242836743709 0.10469281778251757	-0.012052428367351002 0.0992044817663924 -0.01993465961779286	-0.10469281778174058 0.01993465961770305 0.28820166971233196
0.11806169109413785 -0.01205242836932619 0.10469281777574367	-0.012052428369241143 0.09920448176339332 -0.01993465963875963	-0.10469281777496138 0.01993465963867143 0.2882016696469598
0.11806169108473921 -0.012052428370668763 0.10469281777038668	-0.01205242837058125 0.09920448176030601 -0.01993465965538228	-0.10469281776961886 0.0199346596552912 0.2882016695936229
0.11806169107974901 -0.012052428371216723 0.10469281776713615	-0.012052428371133194 0.09920448175885783 -0.019934659664160345	-0.10469281776636111 0.019934659664068162 0.2882016695640538
0.11806169107980843 -0.012052428371109095 0.10469281776667039	-0.012052428371023948 0.09920448175963642 -0.019934659664213893	-0.10469281776589344 0.019934659664124447 0.28820166956348964
0.11806169108365001 -0.012052428370249387 0.10469281776930507	-0.012052428370156878 0.09920448176059299 -0.019934659656568793	-0.10469281776853445 0.019934659656472533 0.28820166958788934
0.11806169109092772 -0.01205242836872567 0.10469281777446156	-0.012052428368639895 0.09920448176229868 -0.0199346596424743	-0.10469281777367843 0.01993465964238581 0.2882016696343322
0.11806169110101089 -0.01205242836708529 0.10469281778085135	-0.0120524283669968 0.09920448176544358 -0.019934659623945528	-0.10469281778007797 0.019934659623858642 0.2882016696948276
0.11806169111184246 -0.012052428365570684 0.10469281778751664	-0.012052428365486634 0.09920448176911055 -0.019934659604124615	-0.10469281778674028 0.019934659604034982 0.2882016697584009
0.11806169112127061 -0.01205242836411928 0.10469281779361382	-0.012052428364033366 0.09920448177190569 -0.019934659586178804	-0.10469281779282973 0.01993465958609278 0.28820166981471557
0.1180616911281394 -0.012052428362968158 0.10469281779801232	-0.012052428362883788 0.0992044817732842 -0.019934659573161487	-0.10469281779723143 0.019934659573071133 0.2882016698550501
0.11806169113172207 -0.012052428362592328 0.10469281779994273	-0.01205242836250575 0.09920448177431024 -0.019934659567529087	-0.10469281779916262 0.019934659567441816 0.2882016698754565
0.1180616911247104 -0.012052428363504022 0.10469281779454548	-0.012052428363415102 0.0992044817743937 -0.019934659580727487	-0.10469281779376949 0.019934659580634943 0.2882016698352836
0.11806169111557482 -0.012052428365084383 0.10469281778899815	-0.012052428364994245 0.09920448177052907 -0.01993465959759258	-0.10469281778822523 0.01993465959750203 0.2882016697789603
0.1180616911044759 -0.012052428366998862 0.104692817782344	-0.01205242836691351 0.0992044817660892 -0.01993465961763522	-0.1046928177815637 0.019934659617541834 0.28820166971166183
0.1180616910939797 -0.012052428369160395 0.10469281777565805	-0.01205242836907315 0.09920448176265033 -0.019934659637853805	-0.1046928177748791 0.01993465963776451 0.28820166964602795
0.11806169108563397 -0.012052428370978164 0.10469281777060548	-0.012052428370893105 0.09920448176012035 -0.019934659654573337	-0.10469281776982654 0.019934659654483274 0.28820166959422183
0.11806169108036398 -0.012052428371728704 0.10469281776812005	-0.012052428371645583 0.0992044817574285 -0.01993465966434155	-0.1046928177673451 0.01993465966425164 0.28820166956399024
0.1180616910800023 -0.012052428371516008 0.10469281776815512	-0.012052428371427303 0.0992044817567556 -0.019934659665055858	-0.10469281776738042 0.019934659664966645 0.288201669562083
0.11806169108460132 -0.012052428370827067 0.10469281777053682	-0.012052428370739535 0.09920448175918167 -0.019934659656937838	-0.10469281776976386 0.019934659656846414 0.28820166958870463
0.11806169109224521 -0.012052428369445768 0.10469281777516735	-0.012052428369357816 0.0992044817618373 -0.019934659642171136	-0.10469281777438802 0.01993465964207951 0.2882016696349966
0.11806169110157716 -0.012052428367437942 0.10469281778139111	-0.012052428367350439 0.09920448176443805 -0.019934659623484112	-0.10469281778061092 0.01993465962339408 0.2882016696943161
0.11806169111160796 -0.012052428365466973 0.10469281778775812	-0.012052428365376166 0.09920448176784791 -0.019934659603851435	-0.10469281778698214 0.019934659603756982 0.2882016697577226
0.11806169112112058 -0.012052428364061592 0.10469281779323712	-0.012052428363977435 0.09920448177206864 -0.019934659586291245	-0.10469281779245194 0.01993465958620659 0.28820166981527595
0.11806169112797846 -0.012052428362921627 0.10469281779728326	-0.012052428362837635 0.09920448177496899 -0.01993465957320309	-0.10469281779650236 0.019934659573116003 0.2882016698567408
0.11806169113094533 -0.012052428362027901 0.10469281779910325	-0.01205242836194285 0.09920448177549207 -0.019934659566981455	-0.10469281779832781 0.01993465956689413 0.28820166987435825
0.11806169112998188 -0.012052428362260205 0.10469281779815835	-0.012052428362175556 0.0992044817757018 -0.01993465956966783	-0.10469281779737193 0.01993465956957997 0.28820166986809725
0.11806169111549153 -0.012052428365100428 0.10469281778904373	-0.01205242836501572 0.0992044817714047 -0.019934659597976356	-0.1046928177882609 0.019934659597886345 0.2882016697798213
0.11806169110403576 -0.012052428366870052 0.10469281778248053	-0.012052428366784926 0.09920448176709598 -0.019934659619032152	-0.10469281778170055 0.019934659618936337 0.2882016697119597
0.11806169109261458 -0.012052428368405144 0.104692817776022	-0.012052428368317696 0.09920448176239793 -0.019934659639045782	-0.10469281777525197 0.01993465963895301 0.288201669645091
0.11806169108407674 -0.012052428370041536 0.10469281777051685	-0.012052428369955783 0.0992044817598306 -0.019934659654961214	-0.10469281776974056 0.019934659654869572 0.28820166959250026
0.11806169107963024 -0.012052428371219217 0.10469281776744754	-0.01205242837113307 0.09920448175888641 -0.01993465966409568	-0.10469281776666833 0.01993465966400422 0.2882016695638506
0.11806169107930319 -0.012052428371189677 0.10469281776767074	-0.01205242837110565 0.09920448175764829 -0.019934659664808667	-0.10469281776688945 0.01993465966471849 0.28820166956159665
0.11806169108372407 -0.01205242837028633 0.10469281777055361	-0.012052428370198452 0.09920448175816812 -0.019934659657150286	-0.10469281776978126 0.019934659657059636 0.2882016695869505
0.1180616910920619 -0.01205242836933026 0.10469281777516548	-0.012052428369245468 0.0992044817617487 -0.019934659642537156	-0.10469281777438773 0.019934659642444015 0.2882016696355612
0.11806169110241924 -0.012052428368053533 0.10469281778110262	-0.01205242836796428 0.09920448176555761 -0.019934659623465273	-0.10469281778032047 0.019934659623373048 0.28820166969564787
0.11806169111283421 -0.012052428366100177 0.10469281778771083	-0.012052428366011067 0.09920448176825733 -0.01993465960326446	-0.10469281778693573 0.01993465960317216 0.2882016697584338
0.11806169112193343 -0.012052428364374153 0.10469281779347517	-0.012052428364287904 0.09920448177098246 -0.0199346595855186	-0.10469281779269005 0.019934659585428886 0.288201669815032
0.11806169112893593 -0.012052428363508713 0.10469281779733008	-0.012052428363425138 0.09920448177429332 -0.019934659573055152	-0.10469281779654782 0.019934659572966477 0.2882016698573884
0.1180616911320655 -0.01205242836295639 0.10469281779906502	-0.012052428362869069 0.09920448177575471 -0.01993465956717981	-0.10469281779829144 0.019934659567090632 0.28820166987666307
0.11806169113048053 -0.012052428362598714 0.10469281779829703	-0.012052428362517445 0.09920448177461841 -0.019934659569051633	-0.1046928177975121 0.01993465956896364 0.2882016698673713
0.11806169112475434 -0.012052428363282247 0.10469281779475273	-0.012052428363191738 0.0992044817733611 -0.019934659579872456	-0.1046928177939779 0.01993465957978101 0.2882016698340358
0.11806169110491588 -0.012052428367539716 0.10469281778308435	-0.012052428367453951 0.09920448176592689 -0.01993465961832279	-0.10469281778230141 0.01993465961823243 0.2882016697120098
0.1180616910937331 -0.01205242836932216 0.10469281777646237	-0.012052428369234463 0.09920448176226146 -0.019934659639255965	-0.10469281777568136 0.019934659639158615 0.28820166964580096
0.11806169108450533 -0.012052428370348124 0.10469281777124538	-0.01205242837026155 0.0992044817588153 -0.01993465965547965	-0.10469281777047018 0.01993465965538748 0.2882016695927814
0.11806169107963674 -0.012052428371086913 0.10469281776774884	-0.012052428371000918 0.09920448175804353 -0.0199346596644799	-0.10469281776696855 0.01993465966439257 0.2882016695636207
0.11806169107952083 -0.012052428371335255 0.104692817766897	-0.01205242837124889 0.0992044817595809 -0.019934659664800892	-0.10469281776611856 0.01993465966471172 0.28820166956302445
0.11806169108343964 -0.012052428370324409 0.10469281776933492	-0.012052428370233258 0.09920448176059023 -0.019934659656650734	-0.10469281776855151 0.019934659656563318 0.28820166958776755
0.11806169109113704 -0.012052428368551627 0.10469281777425096	-0.012052428368467535 0.09920448176231167 -0.019934659642142263	-0.10469281777346404 0.019934659642054965 0.2882016696343408
0.11806169110128509 -0.012052428367237881 0.10469281778025039	-0.012052428367146647 0.09920448176656196 -0.019934659623726196	-0.1046928177794693 0.019934659623639085 0.28820166969577043
0.11806169111210552 -0.01205242836587308 0.10469281778660955	-0.012052428365785288 0.0992044817705664 -0.0199346596038108	-0.10469281778583311 0.019934659603718125 0.2882016697593173
0.11806169112160415 -0.01205242836412291 0.10469281779282771	-0.012052428364038062 0.0992044817726564 -0.01993465958553218	-0.10469281779204483 0.01993465958544084 0.28820166981550127
0.11806169112836892 -0.01205242836286147 0.10469281779744502	-0.012052428362773487 0.09920448177383855 -0.019934659572564285	-0.10469281779666774 0.01993465957247443 0.2882016698560587
0.11806169113184281 -0.012052428362701121 0.10469281779941211	-0.012052428362615789 0.0992044817751792 -0.019934659567409113	-0.10469281779862974 0.01993465956732004 0.2882016698756964
0.11806169113069943 -0.012052428363172281 0.10469281779880052	-0.012052428363085097 0.09920448177463664 -0.019934659570121954	-0.10469281779802003 0.019934659570033472 0.2882016698686344
0.11806169112497567 -0.012052428363673137 0.10469281779564779	-0.01205242836358442 0.09920448177123992 -0.01993465958006808	-0.10469281779486839 0.019934659579982555 0.28820166983274265
0.11806169111593406 -0.012052428365147722 0.10469281779006626	-0.012052428365060588 0.09920448176831956 -0.019934659596959867	-0.104692817789289 0.01993465959687082 0.2882016697776274
0.1180616910938653 -0.012052428369350755 0.10469281777588287	-0.012052428369265242 0.09920448176276159 -0.019934659638302987	-0.10469281777510772 0.019934659638213444 0.2882016696458984
0.11806169108541446 -0.012052428370996446 0.10469281777051531	-0.012052428370907703 0.09920448176001614 -0.019934659654685105	-0.10469281776974122 0.01993465965458919 0.2882016695937282
0.11806169108038547 -0.012052428371515036 0.10469281776778852	-0.012052428371431983 0.0992044817575401 -0.019934659663910656	-0.10469281776700193 0.019934659663819295 0.2882016695641514
0.11806169108042502 -0.012052428371564361 0.1046928177674869	-0.01205242837147395 0.09920448175770727 -0.01993465966465692	-0.10469281776671002 0.019934659664565636 0.2882016695629081
0.11806169108493253 -0.012052428371100692 0.10469281776967539	-0.012052428371013165 0.09920448176056355 -0.019934659656717126	-0.10469281776890231 0.019934659656623645 0.28820166958956794
0.11806169109229339 -0.012052428369464952 0.1046928177743743	-0.01205242836937937 0.0992044817628114 -0.01993465964167033	-0.10469281777359354 0.019934659641584845 0.2882016696357859
0.11806169110175999 -0.01205242836732035 0.10469281778073632	-0.012052428367229605 0.0992044817650285 -0.01993465962301961	-0.10469281777995752 0.019934659622932244 0.28820166969462774
0.11806169111185016 -0.012052428365680358 0.10469281778727921	-0.012052428365595147 0.09920448176897016 -0.01993465960393794	-0.10469281778649775 0.019934659603845974 0.28820166975849265
0.11806169112121298 -0.01205242836424579 0.10469281779295848	-0.012052428364160126 0.09920448177286831 -0.01993465958651363	-0.10469281779218181 0.01993465958641939 0.2882016698155233
0.11806169112787883 -0.012052428362729992 0.10469281779738673	-0.012052428362642859 0.09920448177457919 -0.019934659573219132	-0.10469281779661098 0.019934659573124215 0.2882016698563832
0.11806169113081094 -0.012052428361865115 0.10469281779954617	-0.012052428361777714 0.099204481774747 -0.019934659567149182	-0.10469281779876657 0.019934659567056597 0.2882016698742673
0.11806169112990343 -0.012052428362323305 0.10469281779868768	-0.012052428362237787 0.09920448177506874 -0.01993465957017669	-0.10469281779791452 0.019934659570085483 0.2882016698674099
0.11806169112432832 -0.012052428363517335 0.10469281779525964	-0.01205242836342836 0.09920448177352624 -0.019934659581279428	-0.10469281779448195 0.019934659581189097 0.28820166983458706
0.11806169111507123 -0.012052428364811529 0.10469281778981508	-0.012052428364725249 0.09920448176913399 -0.01993465959792912	-0.10469281778903844 0.019934659597835705 0.2882016697778246
0.11806169110428834 -0.012052428366824594 0.10469281778293993	-0.01205242836673953 0.09920448176526633 -0.019934659617958365	-0.1046928177821658 0.01993465961786696 0.2882016697106567
0.11806169108453815 -0.012052428370395944 0.10469281776979211	-0.0120524283703148 0.09920448176131261 -0.019934659654686528	-0.104692817769011 0.01993465965459784 0.28820166959381166
0.11806169107992263 -0.012052428371272642 0.10469281776676774	-0.012052428371185576 0.09920448175976224 -0.019934659663663937	-0.10469281776598804 0.0199346596635723 0.2882016695645674
0.11806169107940967 -0.012052428371101763 0.10469281776702426	-0.012052428371012629 0.0992044817583978 -0.019934659664349777	-0.10469281776624109 0.01993465966426259 0.28820166956243815
0.11806169108397768 -0.012052428370445657 0.10469281777000217	-0.012052428370356985 0.09920448175906102 -0.019934659656993998	-0.1046928177692193 0.01993465965689917 0.2882016695876692
0.11806169109235662 -0.012052428369476025 0.1046928177750009	-0.012052428369393816 0.09920448176224192 -0.01993465964254738	-0.10469281777422045 0.01993465964246157 0.28820166963586785
0.11806169110240271 -0.012052428367817829 0.10469281778135621	-0.012052428367731297 0.09920448176513112 -0.019934659623271078	-0.10469281778057743 0.019934659623187877 0.28820166969557864
0.11806169111260623 -0.012052428365853018 0.10469281778816973	-0.01205242836577158 0.09920448176713523 -0.019934659603202034	-0.10469281778739106 0.019934659603113646 0.28820166975752476
0.11806169112171253 -0.012052428364494792 0.1046928177941548	-0.012052428364407373 0.09920448177015101 -0.019934659585963695	-0.10469281779336934 0.019934659585876473 0.2882016698144626
0.1180616911287206 -0.012052428363466351 0.10469281779820101	-0.012052428363379856 0.09920448177324637 -0.019934659573511964	-0.10469281779742289 0.01993465957341982 0.2882016698563749
0.11806169113167407 -0.012052428362633396 0.10469281779993227	-0.01205242836254336 0.09920448177429564 -0.019934659567403888	-0.10469281779915739 0.01993465956731464 0.2882016698753639
0.11806169113013819 -0.012052428362523942 0.10469281779888168	-0.01205242836243963 0.0992044817737344 -0.019934659569400628	-0.10469281779810033 0.0199346595693089 0.2882016698668715
0.118061691124836 -0.012052428363449367 0.10469281779497788	-0.012052428363362129 0.09920448177322189 -0.01993465958021369	-0.10469281779420438 0.019934659580120598 0.2882016698336513
0.11806169111560205 -0.012052428365130303 0.10469281778908662	-0.012052428365048674 0.09920448177147712 -0.01993465959792871	-0.10469281778830873 0.01993465959783882 0.28820166978015666
0.11806169110406374 -0.012052428366758306 0.10469281778224186	-0.012052428366676025 0.09920448176719722 -0.019934659618684902	-0.10469281778146122 0.01993465961859999 0.28820166971248345
0.11806169109290635 -0.01205242836854584 0.10469281777542984	-0.012052428368457959 0.09920448176328274 -0.01993465963873213	-0.10469281777464967 0.01993465963864883 0.2882016696458251
0.11806169107976103 -0.012052428371265923 0.10469281776755741	-0.01205242837117683 0.09920448175852788 -0.019934659664385554	-0.10469281776678166 0.019934659664292153 0.2882016695640871
0.11806169107961624 -0.01205242837116867 0.10469281776724448	-0.012052428371079896 0.09920448175891838 -0.019934659664650137	-0.10469281776646527 0.019934659664563006 0.2882016695626333
0.11806169108325312 -0.01205242837017932 0.10469281776990469	-0.012052428370090785 0.09920448175976238 -0.019934659656804285	-0.10469281776912776 0.019934659656715474 0.2882016695874524
0.11806169109077712 -0.012052428368677336 0.10469281777484697	-0.012052428368588834 0.09920448176157934 -0.019934659642696976	-0.10469281777407255 0.019934659642603148 0.28820166963375937
0.11806169110103157 -0.012052428367251658 0.10469281778108616	-0.012052428367163671 0.09920448176552815 -0.019934659624324513	-0.10469281778030451 0.019934659624234487 0.2882016696949042
0.11806169111190794 -0.012052428365601137 0.10469281778753864	-0.01205242836551492 0.09920448176936063 -0.01993465960415502	-0.10469281778676823 0.019934659604059116 0.2882016697586398
0.11806169112138924 -0.012052428364001586 0.10469281779336284	-0.012052428363917766 0.09920448177171265 -0.01993465958581931	-0.1046928177925853 0.01993465958573103 0.2882016698146071
0.1180616911282345 -0.01205242836308059 0.10469281779765292	-0.012052428362992577 0.09920448177365025 -0.01993465957288647	-0.1046928177968845 0.019934659572793126 0.2882016698560499
0.11806169113198886 -0.012052428362712097 0.10469281779951078	-0.012052428362623609 0.09920448177506663 -0.01993465956729206	-0.10469281779873547 0.01993465956719839 0.28820166987568474
0.11806169113084064 -0.01205242836299799 0.10469281779865394	-0.012052428362907345 0.09920448177455557 -0.019934659569650286	-0.10469281779787575 0.01993465956955426 0.28820166986861195
0.1180616911250198 -0.01205242836383197 0.10469281779505175	-0.012052428363739917 0.09920448177205311 -0.019934659579777143	-0.10469281779428787 0.019934659579682237 0.2882016698336789
0.11806169111623359 -0.01205242836537024 0.10469281778924375	-0.012052428365287346 0.09920448176958363 -0.0199346595966593	-0.10469281778846781 0.019934659596567556 0.2882016697782842
0.11806169110531947 -0.01205242836749437 0.10469281778241916	-0.012052428367406536 0.0992044817669609 -0.019934659617721156	-0.10469281778164352 0.0199346596176334 0.2882016697129215
0.1180616910939827 -0.012052428369227638 0.10469281777585698	-0.012052428369141964 0.09920448176291218 -0.01993465963872428	-0.10469281777508081 0.019934659638633976 0.28820166964665866
0.11806169108465797 -0.012052428370496701 0.10469281777065975	-0.012052428370412652 0.09920448175960585 -0.01993465965531334	-0.1046928177698768 0.019934659655223452 0.28820166959336246
0.11806169107992714 -0.01205242837151801 0.10469281776816437	-0.012052428371433293 0.0992044817568233 -0.019934659665175453	-0.10469281776738214 0.019934659665090903 0.28820166956198756
0.11806169108464191 -0.012052428370825341 0.10469281777049887	-0.012052428370738163 0.09920448175908031 -0.019934659656947767	-0.10469281776971365 0.019934659656861836 0.28820166958817106
0.11806169109217984 -0.012052428369369546 0.10469281777498501	-0.012052428369286178 0.09920448176207072 -0.019934659641990374	-0.10469281777420637 0.019934659641899548 0.2882016696351655
0.11806169110155196 -0.01205242836742907 0.10469281778091921	-0.012052428367341836 0.0992044817649198 -0.01993465962329158	-0.10469281778014435 0.01993465962320419 0.28820166969424765
0.11806169111169322 -0.012052428365651707 0.10469281778723982	-0.01205242836556817 0.09920448176876756 -0.019934659603859234	-0.10469281778646224 0.019934659603768976 0.2882016697582675
0.11806169112129436 -0.012052428364104494 0.10469281779275788	-0.012052428364016102 0.0992044817729925 -0.019934659586210036	-0.10469281779197614 0.01993465958612215 0.28820166981593154
0.11806169112811757 -0.012052428362814916 0.10469281779671871	-0.012052428362730253 0.09920448177549639 -0.01993465957303897	-0.1046928177959403 0.0199346595729498 0.2882016698567912
0.11806169113102467 -0.012052428362134928 0.1046928177986043	-0.012052428362052791 0.09920448177631183 -0.019934659567038215	-0.10469281779783587 0.019934659566943416 0.2882016698754845
0.1180616911302132 -0.012052428362333969 0.10469281779789241	-0.01205242836224927 0.09920448177619973 -0.01993465956974609	-0.1046928177971138 0.01993465956965705 0.2882016698682435
0.11806169112467291 -0.012052428363449186 0.1046928177946383	-0.012052428363360877 0.0992044817742897 -0.019934659580816704	-0.10469281779385675 0.019934659580728833 0.28820166983496964
0.11806169111519303 -0.012052428365049673 0.10469281778927353	-0.012052428364966516 0.09920448177013155 -0.019934659597905347	-0.10469281778849611 0.019934659597815173 0.28820166977877665
0.11806169110425471 -0.012052428366959397 0.10469281778266437	-0.012052428366872321 0.09920448176568751 -0.01993465961801822	-0.10469281778188944 0.019934659617930804 0.28820166971076583
0.11806169109374043 -0.012052428369148108 0.1046928177761564	-0.012052428369064623 0.09920448176226743 -0.019934659638198668	-0.10469281777537742 0.01993465963810776 0.2882016696455374
0.11806169108527598 -0.012052428370849397 0.10469281777105202	-0.012052428370762128 0.0992044817591437 -0.019934659654879325	-0.1046928177702668 0.01993465965479364 0.28820166959318283
0.11806169108007339 -0.012052428371574274 0.1046928177682989	-0.012052428371489548 0.09920448175687013 -0.01993465966455972	-0.10469281776751659 0.019934659664475274 0.2882016695633658
0.1180616910838671 -0.012052428370433505 0.10469281776998865	-0.012052428370349366 0.09920448175919357 -0.0199346596569944	-0.10469281776920587 0.019934659656904274 0.28820166958795795
0.11806169109236818 -0.012052428369361618 0.10469281777469401	-0.012052428369275963 0.09920448176231886 -0.01993465964224693	-0.10469281777391778 0.01993465964215667 0.2882016696359634
0.11806169110272738 -0.012052428367998929 0.10469281778072931	-0.012052428367911263 0.09920448176632843 -0.019934659623146375	-0.10469281777995385 0.01993465962305857 0.28820166969659605
0.11806169111299687 -0.012052428366094513 0.10469281778729812	-0.0120524283660115 0.09920448176876498 -0.01993465960300233	-0.10469281778652205 0.019934659602910805 0.28820166975844236
0.1180616911219107 -0.012052428364489711 0.10469281779331693	-0.012052428364397936 0.09920448177103389 -0.019934659585375464	-0.10469281779255339 0.019934659585280585 0.2882016698150314
0.11806169112884658 -0.012052428363419358 0.10469281779757512	-0.012052428363328614 0.09920448177383248 -0.019934659572923515	-0.10469281779679653 0.019934659572827466 0.28820166985716517
0.11806169113189612 -0.012052428362739733 0.10469281779942091	-0.012052428362651153 0.0992044817749994 -0.019934659567204673	-0.1046928177986452 0.019934659567111015 0.28820166987557644
0.11806169113014449 -0.012052428362613072 0.10469281779866706	-0.01205242836252512 0.09920448177416571 -0.019934659569380796	-0.10469281779789856 0.019934659569287715 0.2882016698672778
0.11806169112460665 -0.012052428363235624 0.10469281779517978	-0.01205242836315188 0.09920448177262998 -0.019934659580087496	-0.10469281779440219 0.01993465957999907 0.2882016698332043
0.11806169111538425 -0.012052428364944195 0.10469281778957043	-0.01205242836485798 0.09920448177058788 -0.019934659598062583	-0.10469281778879977 0.019934659597966642 0.28820166977896594
0.11806169110389808 -0.012052428366887004 0.1046928177828574	-0.012052428366798849 0.09920448176675362 -0.019934659619322573	-0.10469281778207577 0.019934659619232603 0.2882016697119362
0.118061691092607 -0.012052428368523316 0.10469281777613147	-0.012052428368434828 0.09920448176229395 -0.019934659639306473	-0.10469281777535688 0.01993465963921272 0.2882016696447384
0.11806169108407796 -0.012052428370163546 0.1046928177706073	-0.012052428370074824 0.09920448175992769 -0.019934659654914862	-0.10469281776983023 0.01993465965482609 0.2882016695927309
0.11806169107976146 -0.012052428371218903 0.10469281776737645	-0.01205242837113 0.09920448175888405 -0.019934659663969206	-0.10469281776659742 0.01993465966388211 0.28820166956399873
0.1180616910794865 -0.012052428371251448 0.10469281776725564	-0.012052428371162374 0.09920448175837747 -0.019934659664756577	-0.10469281776647964 0.01993465966466288 0.28820166956244414
0.11806169109116268 -0.012052428368653688 0.10469281777419033	-0.012052428368565744 0.09920448176258875 -0.01993465964208682	-0.1046928177734103 0.019934659642003222 0.28820166963491345
0.1180616911012062 -0.01205242836715364 0.10469281778046872	-0.012052428367071506 0.09920448176601213 -0.019934659623708523	-0.1046928177796882 0.019934659623623625 0.2882016696955031
0.1180616911120796 -0.01205242836583134 0.10469281778703916	-0.012052428365749589 0.0992044817702382 -0.019934659604048582	-0.10469281778626112 0.019934659603958547 0.28820166975976474
0.11806169112166101 -0.012052428364179487 0.10469281779319839	-0.012052428364092153 0.09920448177227412 -0.019934659585905436	-0.1046928177924247 0.01993465958581241 0.28820166981506434
0.11806169112831029 -0.012052428362959115 0.10469281779790926	-0.012052428362874682 0.09920448177320296 -0.01993465957286203	-0.10469281779712773 0.01993465957277033 0.2882016698557097
0.11806169113176233 -0.012052428362649832 0.1046928178000151	-0.012052428362559962 0.09920448177439231 -0.019934659567524014	-0.10469281779924025 0.019934659567434676 0.28820166987546103
0.1180616911306925 -0.012052428363069485 0.10469281779927647	-0.012052428362983293 0.0992044817739687 -0.019934659570253248	-0.10469281779849862 0.019934659570160725 0.28820166986778245
0.11806169112489155 -0.012052428363787237 0.10469281779592099	-0.012052428363699982 0.09920448177114524 -0.019934659580301776	-0.10469281779513523 0.019934659580214342 0.2882016698331668
0.1180616911158952 -0.012052428365108291 0.10469281779012857	-0.01205242836502693 0.09920448176799485 -0.019934659596835335	-0.10469281778935005 0.01993465959674713 0.28820166977742057
0.11806169110496866 -0.012052428367362842 0.10469281778301634	-0.012052428367276508 0.09920448176580773 -0.019934659617876743	-0.10469281778223745 0.019934659617793546 0.2882016697118645
0.118061691094 -0.012052428369352657 0.10469281777615319	-0.012052428369270564 0.09920448176283746 -0.019934659638996675	-0.10469281777537286 0.019934659638910848 0.28820166964662375
0.11806169108486497 -0.012052428370457835 0.10469281777070269	-0.012052428370369118 0.09920448175948743 -0.019934659655245532	-0.10469281776991965 0.0199346596551506 0.28820166959317817
0.11806169107972768 -0.012052428371119897 0.10469281776731673	-0.012052428371030696 0.09920448175861013 -0.019934659663978425	-0.10469281776653376 0.019934659663891408 0.28820166956413984
0.11806169107976042 -0.012052428371282314 0.10469281776659177	-0.012052428371195108 0.09920448175984237 -0.01993465966438017	-0.10469281776581202 0.019934659664288715 0.2882016695632617
0.11806169108376 -0.012052428370400547 0.10469281776909892	-0.012052428370319414 0.09920448176114467 -0.019934659656553055	-0.1046928177683178 0.019934659656464473 0.28820166958856674
0.11806169110159982 -0.012052428367241522 0.1046928177812295	-0.01205242836715634 0.09920448176449047 -0.019934659623216673	-0.10469281778045511 0.019934659623125333 0.28820166969410804
0.11806169111151482 -0.012052428365449012 0.104692817787765	-0.012052428365362789 0.09920448176782665 -0.019934659603954505	-0.10469281778698832 0.019934659603861177 0.28820166975728356
0.11806169112085445 -0.012052428364204245 0.10469281779335048	-0.012052428364115457 0.09920448177217434 -0.019934659586708224	-0.10469281779257296 0.01993465958661777 0.2882016698154161
0.11806169112780276 -0.012052428362757647 0.10469281779753796	-0.012052428362671971 0.09920448177429633 -0.019934659573430994	-0.10469281779676498 0.019934659573339564 0.2882016698558941
0.11806169113084067 -0.012052428361847629 0.10469281779955837	-0.01205242836176027 0.0992044817747682 -0.019934659567148308	-0.10469281779877884 0.019934659567055688 0.28820166987428464
0.11806169112990132 -0.012052428362300985 0.10469281779852065	-0.012052428362213924 0.09920448177533472 -0.019934659569990302	-0.10469281779774478 0.01993465956989566 0.28820166986780815
0.11806169112449978 -0.012052428363593808 0.10469281779481482	-0.012052428363508057 0.09920448177412391 -0.019934659581133975	-0.10469281779403836 0.019934659581039876 0.2882016698344588
0.11806169111536342 -0.012052428365027179 0.10469281778932354	-0.012052428364942119 0.09920448177027183 -0.01993465959793296	-0.10469281778854224 0.019934659597841037 0.28820166977897743
0.11806169110445952 -0.012052428366861826 0.10469281778247552	-0.012052428366771223 0.09920448176584441 -0.019934659617766068	-0.10469281778169671 0.01993465961767854 0.28820166971116284
0.11806169109375877 -0.012052428369292384 0.10469281777550772	-0.01205242836920705 0.09920448176303424 -0.019934659637957496	-0.10469281777472707 0.019934659637872207 0.288201669646032
0.11806169108550306 -0.012052428371108837 0.10469281777022228	-0.012052428371021499 0.09920448176054265 -0.01993465965463935	-0.10469281776944907 0.019934659654546064 0.2882016695945076
0.1180616910805779 -0.012052428371567843 0.10469281776764647	-0.012052428371477308 0.099204481757695 -0.019934659663992917	-0.10469281776686973 0.019934659663901632 0.28820166956428545
0.11806169108021577 -0.01205242837147312 0.10469281776763797	-0.01205242837138996 0.09920448175753603 -0.019934659664576047	-0.10469281776685152 0.019934659664484662 0.2882016695627157
0.11806169108469443 -0.012052428371018825 0.10469281776993268	-0.012052428370930124 0.09920448175993361 -0.01993465965681024	-0.10469281776915838 0.01993465965671437 0.2882016695886511
0.11806169109227485 -0.012052428369535175 0.10469281777473	-0.012052428369449846 0.09920448176245346 -0.019934659642053834	-0.1046928177739547 0.01993465964196422 0.2882016696354435
0.11806169111271496 -0.012052428365845204 0.10469281778813781	-0.012052428365757928 0.09920448176750571 -0.019934659603267464	-0.1046928177873605 0.019934659603178476 0.28820166975778283
0.11806169112182824 -0.01205242836438536 0.10469281779388839	-0.012052428364296812 0.0992044817702868 -0.019934659585726672	-0.10469281779310896 0.01993465958564114 0.2882016698140647
0.11806169112862086 -0.012052428363612375 0.10469281779769736	-0.012052428363525132 0.09920448177382363 -0.019934659573393583	-0.10469281779691686 0.019934659573305213 0.28820166985705686
0.11806169113172899 -0.01205242836267404 0.10469281779934395	-0.012052428362588631 0.09920448177501417 -0.019934659567249137	-0.10469281779856178 0.01993465956715998 0.28820166987552126
0.11806169113028535 -0.012052428362387518 0.1046928177984621	-0.012052428362299455 0.09920448177439237 -0.01993465956906312	-0.10469281779768473 0.01993465956897321 0.2882016698672779
0.11806169112475044 -0.012052428363408054 0.10469281779460884	-0.012052428363323197 0.09920448177362484 -0.019934659579861486	-0.10469281779382564 0.019934659579769955 0.2882016698340714
0.11806169111551236 -0.01205242836520325 0.10469281778863357	-0.012052428365115223 0.0992044817717111 -0.0199346595977077	-0.10469281778785665 0.019934659597615124 0.2882016697795328
0.11806169110418832 -0.012052428366824583 0.10469281778204721	-0.012052428366733342 0.09920448176771077 -0.019934659618664922	-0.10469281778126627 0.019934659618577825 0.28820166971277594
0.11806169109298778 -0.012052428368423462 0.10469281777553846	-0.01205242836833919 0.09920448176308416 -0.01993465963877066	-0.10469281777475149 0.01993465963868335 0.28820166964538285
0.11806169108418951 -0.012052428370346223 0.10469281777001783	-0.012052428370254957 0.0992044817607778 -0.019934659654829344	-0.10469281776923432 0.01993465965474192 0.2882016695929694
0.11806169107960712 -0.012052428371352543 0.10469281776704509	-0.012052428371266069 0.09920448175944246 -0.019934659664103817	-0.10469281776626692 0.01993465966401459 0.288201669564326
0.1180616910793983 -0.012052428371037417 0.10469281776747355	-0.012052428370951457 0.09920448175785096 -0.01993465966480878	-0.10469281776669322 0.01993465966472128 0.28820166956201304
0.118061691083724 -0.012052428370323057 0.10469281777056223	-0.012052428370236316 0.09920448175848512 -0.019934659657224005	-0.10469281776978717 0.01993465965713188 0.2882016695873656
0.11806169109204177 -0.012052428369489578 0.10469281777528663	-0.012052428369401846 0.09920448176166793 -0.019934659642839657	-0.10469281777450594 0.019934659642742582 0.288201669635058
0.11806169110229078 -0.012052428367994202 0.10469281778141143	-0.012052428367908832 0.09920448176517657 -0.019934659623687255	-0.10469281778062893 0.01993465962359681 0.2882016696956263
0.11806169112167145 -0.012052428364019731 0.1046928177929743	-0.012052428363929241 0.09920448177248677 -0.019934659585528862	-0.10469281779219933 0.019934659585437102 0.28820166981555695
0.11806169112869566 -0.012052428363093561 0.10469281779730057	-0.012052428363012343 0.0992044817742073 -0.019934659572569156	-0.10469281779651578 0.019934659572480907 0.28820166985627016
0.11806169113214407 -0.012052428362969436 0.10469281779914687	-0.012052428362882266 0.0992044817758123 -0.01993465956729076	-0.10469281779837301 0.01993465956720186 0.28820166987676454
0.11806169113096705 -0.012052428363056936 0.10469281779843201	-0.01205242836297353 0.09920448177499264 -0.01993465956972318	-0.10469281779764975 0.01993465956963464 0.28820166986889095
0.11806169112520094 -0.012052428363679217 0.10469281779524651	-0.012052428363592911 0.09920448177208002 -0.0199346595798675	-0.1046928177944615 0.019934659579777823 0.2882016698338406
0.11806169111615053 -0.012052428365405942 0.104692817789659	-0.012052428365317013 0.09920448176918677 -0.01993465959694496	-0.1046928177888838 0.01993465959685245 0.28820166977839895
0.11806169110500772 -0.01205242836757096 0.10469281778277958	-0.012052428367481664 0.09920448176616767 -0.019934659618043086	-0.10469281778199721 0.01993465961795096 0.28820166971191485
0.11806169109378294 -0.01205242836916413 0.10469281777635363	-0.012052428369079366 0.09920448176232607 -0.019934659638938597	-0.10469281777557579 0.019934659638845328 0.28820166964635074
0.11806169108466132 -0.012052428370333696 0.10469281777125801	-0.012052428370245633 0.0992044817586905 -0.019934659655420198	-0.10469281777048547 0.019934659655329583 0.288201669592571
0.11806169107960719 -0.012052428371230384 0.10469281776795247	-0.012052428371146527 0.09920448175787669 -0.019934659664465455	-0.10469281776717128 0.01993465966437514 0.2882016695632744
0.11806169107947607 -0.012052428371188056 0.1046928177672945	-0.01205242837110181 0.09920448175888139 -0.019934659664766836	-0.10469281776651491 0.019934659664675388 0.2882016695625222
0.11806169108339111 -0.012052428370033438 0.1046928177698371	-0.012052428369947433 0.09920448175967277 -0.01993465965677129	-0.10469281776906054 0.01993465965667944 0.28820166958735677
0.1180616910909261 -0.0120524283685594 0.10469281777476248	-0.012052428368472114 0.09920448176181405 -0.019934659642426664	-0.1046928177739923 0.01993465964233372 0.28820166963425625
0.11806169110114612 -0.012052428367274763 0.10469281778070041	-0.012052428367189607 0.09920448176593154 -0.01993465962408647	-0.10469281777992041 0.01993465962399075 0.28820166969499034
0.11806169111199469 -0.012052428365754328 0.10469281778701182	-0.012052428365669566 0.09920448177010766 -0.01993465960403331	-0.10469281778622899 0.019934659603942934 0.2882016697594618
0.11806169112794834 -0.012052428362716527 0.1046928177970057	-0.01205242836263188 0.09920448177498997 -0.019934659572905508	-0.10469281779621914 0.019934659572817648 0.2882016698566527
0.11806169113096296 -0.012052428362049176 0.10469281779910415	-0.012052428361964181 0.09920448177556454 -0.019934659567027023	-0.1046928177983288 0.01993465956693955 0.28820166987436807
0.11806169112996111 -0.012052428362460748 0.10469281779843953	-0.012052428362376811 0.09920448177564159 -0.019934659569977642	-0.10469281779765867 0.019934659569890583 0.28820166986811774
0.11806169112445312 -0.01205242836337198 0.10469281779512102	-0.012052428363287829 0.09920448177330317 -0.01993465958087255	-0.10469281779433605 0.01993465958078794 0.2882016698342793
0.11806169111518228 -0.012052428364852366 0.10469281778980064	-0.012052428364761529 0.09920448176923367 -0.019934659597872672	-0.10469281778902463 0.019934659597778057 0.288201669778264
0.11806169110427008 -0.012052428367017629 0.10469281778312112	-0.012052428366930153 0.0992044817652554 -0.01993465961826408	-0.10469281778234048 0.01993465961817376 0.28820166971085326
0.11806169109370204 -0.01205242836923521 0.10469281777631692	-0.01205242836914713 0.09920448176196878 -0.01993465963841829	-0.10469281777553736 0.01993465963832656 0.28820166964522065
0.1180616910852049 -0.012052428370813715 0.1046928177711006	-0.012052428370726134 0.09920448175918337 -0.01993465965483469	-0.10469281777032761 0.019934659654742864 0.288201669593679
0.11806169108018169 -0.012052428371569984 0.1046928177682952	-0.012052428371481294 0.09920448175686127 -0.01993465966442498	-0.10469281776752036 0.019934659664335903 0.2882016695635543
0.11806169108018615 -0.012052428371701021 0.10469281776795084	-0.012052428371617817 0.09920448175741947 -0.01993465966501136	-0.10469281776717544 0.019934659664921587 0.2882016695625309
0.11806169108492673 -0.012052428370958684 0.10469281777003532	-0.012052428370873836 0.09920448175998534 -0.019934659656661295	-0.10469281776925644 0.01993465965657119 0.2882016695891297
0.1180616910924584 -0.012052428369344816 0.10469281777449982	-0.012052428369257713 0.09920448176241609 -0.019934659641586083	-0.10469281777372103 0.01993465964149671 0.2882016696356815
0.11806169110180578 -0.012052428367455799 0.10469281778060574	-0.012052428367370393 0.099204481765401 -0.019934659622902764	-0.1046928177798252 0.0199346596228097 0.288201669695174
0.11806169111197452 -0.012052428365707964 0.1046928177869514	-0.012052428365617814 0.0992044817691762 -0.019934659603614197	-0.10469281778617835 0.019934659603523818 0.28820166975837946
0.11806169112125982 -0.012052428364147655 0.1046928177926618	-0.012052428364058974 0.09920448177296862 -0.01993465958611058	-0.10469281779188591 0.01993465958601803 0.2882016698160973
0.11806169113162399 -0.012052428362595024 0.10469281779985774	-0.012052428362508472 0.09920448177423032 -0.019934659567398684	-0.1046928177990777 0.019934659567311358 0.28820166987533086
0.11806169112998387 -0.012052428362510175 0.10469281779900938	-0.01205242836242574 0.0992044817738296 -0.019934659569686517	-0.10469281779822831 0.0199346595695963 0.2882016698662183
0.11806169112434228 -0.012052428363360306 0.10469281779540641	-0.012052428363274312 0.09920448177274661 -0.019934659580503084	-0.10469281779462228 0.019934659580417114 0.2882016698331773
0.11806169111527444 -0.0120524283648832 0.10469281778954102	-0.012052428364799105 0.09920448177026692 -0.019934659598011384	-0.10469281778876485 0.019934659597921737 0.28820166977865075
0.11806169110391884 -0.012052428366713459 0.10469281778261491	-0.01205242836662518 0.0992044817666875 -0.01993465961892027	-0.10469281778184168 0.01993465961883305 0.2882016697118298
0.1180616910926835 -0.012052428368604992 0.10469281777572056	-0.012052428368519337 0.09920448176302278 -0.019934659639124715	-0.10469281777493736 0.019934659639036297 0.2882016696452713
0.11806169108432495 -0.01205242837022065 0.10469281776998982	-0.012052428370128397 0.09920448176066722 -0.019934659654710498	-0.10469281776921938 0.019934659654614016 0.28820166959299887
0.11806169107990322 -0.012052428371123077 0.10469281776681483	-0.012052428371037763 0.09920448175955038 -0.019934659663519955	-0.10469281776603793 0.019934659663430467 0.28820166956478754
0.11806169107949048 -0.012052428371218792 0.10469281776683421	-0.012052428371135224 0.09920448175874758 -0.019934659664536804	-0.10469281776605883 0.019934659664444715 0.2882016695624585
0.11806169108388515 -0.012052428370635313 0.10469281776968889	-0.01205242837054764 0.09920448175987495 -0.01993465965711707	-0.10469281776892113 0.01993465965702599 0.288201669588099
0.11806169109239492 -0.012052428369450703 0.10469281777458096	-0.012052428369365823 0.09920448176270572 -0.019934659642331508	-0.10469281777379869 0.01993465964224342 0.2882016696361283
0.11806169110257747 -0.01205242836791199 0.10469281778084684	-0.012052428367825961 0.09920448176572116 -0.019934659623209176	-0.10469281778007002 0.019934659623119022 0.28820166969598254
0.11806169111274073 -0.01205242836612863 0.10469281778762653	-0.012052428366040095 0.09920448176843079 -0.01993465960327962	-0.10469281778684436 0.019934659603188146 0.2882016697584899
0.11806169112187326 -0.012052428364517212 0.10469281779363313	-0.012052428364430372 0.0992044817708212 -0.01993465958578553	-0.10469281779285382 0.019934659585696915 0.2882016698144583
0.11806169112871158 -0.012052428363393042 0.10469281779793321	-0.012052428363307794 0.0992044817732299 -0.01993465957326157	-0.10469281779716175 0.019934659573172267 0.28820166985686957
