0.6655178149342125
0.6625336689284597
0.6856270386529166
0.6655178149342136
0.662533668928465
0.685627038652927
0.6655178149342125
0.6625336689284649
0.6856270386529203
0.6655178149342145
0.6625336689284658
0.6856270386529211
0.6655178149342169
0.6625336689284627
0.6856270386529181
0.6655178149342158
0.6625336689284643
0.6856270386529206
0.6655178149342149
0.6625336689284596
0.685627038652914
0.6655178149342191
0.6625336689284604
0.6856270386529055
0.665517814934216
0.6625336689284567
0.6856270386529003
0.6655178149342161
0.6625336689284583
0.6856270386528951
0.6655178149342169
0.6625336689284591
0.6856270386529139
0.665517814934217
0.6625336689284582
0.6856270386529044
0.6655178149342149
0.6625336689284624
0.6856270386529204
0.6655178149342145
0.6625336689284635
0.6856270386529271
0.6655178149342131
0.6625336689284629
0.6856270386529195
0.6655178149342167
0.662533668928458
0.6856270386529048
0.6655178149342166
0.6625336689284564
0.6856270386529011
0.6655178149342144
0.6625336689284611
0.6856270386529123
0.6655178149342151
0.6625336689284633
0.6856270386529104
0.6655178149342145
0.662533668928465
0.6856270386529368
0.6655178149342141
0.6625336689284643
0.6856270386529273
0.6655178149342137
0.662533668928466
0.6856270386529502
0.6655178149342165
0.6625336689284655
0.6856270386529378
0.6655178149342158
0.6625336689284628
0.6856270386529228
0.6655178149342134
0.6625336689284604
0.6856270386529015
0.6655178149342151
0.662533668928458
0.6856270386529083
0.665517814934214
0.6625336689284601
0.685627038652902
0.6655178149342139
0.6625336689284584
0.6856270386529087
0.6655178149342176
0.6625336689284611
0.6856270386529058
0.665517814934216
0.6625336689284593
0.6856270386529091
0.6655178149342156
0.6625336689284594
0.6856270386529157
0.6655178149342176
0.6625336689284571
0.685627038652908
0.6655178149342174
0.6625336689284554
0.6856270386529046
0.6655178149342167
0.6625336689284606
0.6856270386529054
0.6655178149342142
0.6625336689284598
0.6856270386529152
0.6655178149342118
0.6625336689284629
0.6856270386529048
0.6655178149342144
0.6625336689284621
0.6856270386529183
0.6655178149342199
0.6625336689284678
0.6856270386529251
0.6655178149342145
0.6625336689284647
0.6856270386529257
0.6655178149342162
0.6625336689284651
0.6856270386529164
0.6655178149342167
0.6625336689284622
0.6856270386529151
0.6655178149342166
0.6625336689284623
0.6856270386529276
0.6655178149342125
0.6625336689284627
0.6856270386529137
0.6655178149342135
0.6625336689284618
0.6856270386529262
0.665517814934214
0.6625336689284613
0.6856270386529083
0.6655178149342121
0.6625336689284669
0.6856270386529209
0.6655178149342154
0.662533668928466
0.6856270386529275
0.6655178149342182
0.6625336689284627
0.6856270386529197
0.6655178149342185
0.6625336689284617
0.6856270386529157
0.665517814934216
0.6625336689284604
0.6856270386529105
0.6655178149342151
0.6625336689284609
0.685627038652897
0.6655178149342154
0.6625336689284576
0.6856270386528842
0.6655178149342171
0.6625336689284587
0.6856270386528966
0.6655178149342136
0.6625336689284583
0.6856270386529082
0.6655178149342142
0.66253366892846
0.6856270386529169
0.6655178149342178
0.6625336689284613
0.6856270386529275
0.6655178149342184
0.6625336689284609
0.6856270386529231
0.6655178149342128
0.6625336689284607
0.6856270386529311
0.6655178149342146
0.6625336689284647
0.6856270386529253
0.6655178149342135
0.6625336689284667
0.6856270386529217
0.6655178149342122
0.6625336689284634
0.6856270386529216
0.6655178149342137
0.6625336689284653
0.6856270386529278
0.6655178149342144
0.6625336689284655
0.6856270386529353
0.6655178149342162
0.6625336689284674
0.6856270386529314
0.665517814934216
0.6625336689284618
0.6856270386529453
0.6655178149342152
0.6625336689284632
0.6856270386529119
0.6655178149342147
0.6625336689284613
0.6856270386529119
0.6655178149342145
0.66253366892846
0.6856270386528963
0.6655178149342106
0.6625336689284578
0.6856270386529051
0.6655178149342126
0.6625336689284607
0.6856270386529046
0.6655178149342174
0.6625336689284601
0.6856270386529123
0.6655178149342184
0.6625336689284596
0.6856270386529075
0.6655178149342159
0.6625336689284567
0.6856270386529033
0.6655178149342194
0.6625336689284589
0.685627038652906
0.6655178149342152
0.6625336689284622
0.6856270386529149
0.6655178149342149
0.6625336689284584
0.6856270386529186
0.6655178149342154
0.6625336689284601
0.6856270386529021
0.6655178149342146
0.6625336689284612
0.6856270386529066
0.6655178149342145
0.6625336689284651
0.6856270386529201
0.6655178149342182
0.6625336689284669
0.6856270386529302
0.6655178149342147
0.6625336689284642
0.6856270386529237
0.6655178149342136
0.6625336689284662
0.6856270386529215
0.6655178149342147
0.6625336689284667
0.6856270386529293
0.6655178149342116
0.6625336689284629
0.6856270386529217
0.6655178149342129
0.6625336689284633
0.6856270386529144
0.6655178149342114
0.6625336689284629
0.685627038652924
0.6655178149342125
0.6625336689284609
0.6856270386529253
0.6655178149342185
0.662533668928458
0.6856270386529073
0.6655178149342202
0.6625336689284572
0.6856270386529136
0.6655178149342172
0.6625336689284558
0.6856270386529011
0.6655178149342151
0.6625336689284611
0.6856270386529142
0.6655178149342171
0.6625336689284622
0.6856270386529115
0.6655178149342145
0.6625336689284589
0.6856270386528911
0.6655178149342146
0.6625336689284587
0.6856270386528958
0.6655178149342158
0.6625336689284586
0.6856270386529074
0.665517814934217
0.6625336689284622
0.6856270386529094
0.6655178149342131
0.6625336689284589
0.6856270386529133
0.6655178149342152
0.6625336689284629
0.6856270386529311
0.6655178149342152
0.6625336689284606
0.6856270386529235
0.6655178149342155
0.6625336689284627
0.6856270386529166
0.6655178149342132
0.6625336689284633
0.6856270386529235
0.6655178149342127
0.6625336689284662
0.685627038652926
0.6655178149342141
0.6625336689284658
0.685627038652935
0.6655178149342207
0.662533668928465
0.6856270386529217
0.6655178149342179
0.662533668928462
0.6856270386529204
0.6655178149342156
0.6625336689284638
0.6856270386529342
0.6655178149342167
0.6625336689284682
0.6856270386529376
0.6655178149342136
0.6625336689284648
0.6856270386529233
0.6655178149342144
0.6625336689284598
0.6856270386529102
0.6655178149342165
0.6625336689284573
0.6856270386529059
0.6655178149342164
0.6625336689284597
0.6856270386528981
0.6655178149342169
0.6625336689284587
0.6856270386529113
0.6655178149342168
0.6625336689284576
0.6856270386528978
0.6655178149342167
0.6625336689284584
0.6856270386529107
0.6655178149342171
0.66253366892846
0.6856270386528951
0.6655178149342172
0.6625336689284577
0.6856270386529058
0.6655178149342149
0.6625336689284597
0.6856270386529089
0.665517814934215
0.6625336689284655
0.6856270386529237
0.6655178149342171
0.6625336689284683
0.6856270386529387
0.6655178149342154
0.6625336689284635
0.6856270386529333
0.6655178149342167
0.6625336689284609
0.685627038652918
0.6655178149342202
0.6625336689284647
0.6856270386529202
0.6655178149342142
0.6625336689284655
0.6856270386529328
0.6655178149342134
0.6625336689284663
0.6856270386529265
0.665517814934214
0.6625336689284638
0.6856270386529209
0.6655178149342151
0.6625336689284637
0.6856270386529164
0.6655178149342149
0.6625336689284615
0.6856270386529225
0.6655178149342156
0.6625336689284631
0.6856270386529298
0.6655178149342137
0.6625336689284596
0.6856270386529131
0.6655178149342167
0.6625336689284627
0.6856270386529094
0.6655178149342145
0.6625336689284586
0.6856270386529096
0.6655178149342144
0.6625336689284584
0.6856270386528991
0.665517814934214
0.6625336689284576
0.6856270386528938
0.6655178149342174
0.6625336689284618
0.6856270386529142
0.665517814934215
0.6625336689284611
0.6856270386529126
0.6655178149342178
0.6625336689284574
0.6856270386528966
0.6655178149342207
0.6625336689284573
0.6856270386529124
0.6655178149342176
0.6625336689284576
0.6856270386529082
0.6655178149342134
0.6625336689284615
0.6856270386529287
0.6655178149342126
0.6625336689284631
0.685627038652928
0.6655178149342129
0.6625336689284631
0.6856270386529169
0.6655178149342121
0.6625336689284633
0.685627038652926
0.665517814934214
0.6625336689284655
0.6856270386529318
0.6655178149342134
0.6625336689284654
0.685627038652922
0.6655178149342148
0.6625336689284647
0.6856270386529228
0.6655178149342177
0.6625336689284673
0.6856270386529296
0.6655178149342139
0.6625336689284649
0.6856270386529194
0.6655178149342139
0.6625336689284613
0.6856270386529062
0.6655178149342146
0.6625336689284604
0.6856270386528986
0.6655178149342147
0.6625336689284591
0.6856270386529144
0.6655178149342146
0.6625336689284624
0.6856270386529186
0.665517814934219
0.662533668928459
0.6856270386529093
0.6655178149342154
0.6625336689284566
0.685627038652908
0.6655178149342182
0.6625336689284589
0.685627038652908
0.6655178149342171
0.66253366892846
0.6856270386529131
0.6655178149342127
0.6625336689284609
0.685627038652903
0.6655178149342116
0.6625336689284587
0.6856270386529033
0.665517814934216
0.6625336689284609
0.6856270386528961
0.6655178149342161
0.6625336689284624
0.6856270386529083
0.665517814934216
0.6625336689284635
0.6856270386529102
0.6655178149342159
0.6625336689284624
0.685627038652943
0.665517814934217
0.6625336689284679
0.6856270386529311
0.6655178149342156
0.6625336689284658
0.685627038652938
0.6655178149342138
0.6625336689284653
0.6856270386529288
0.6655178149342118
0.6625336689284633
0.6856270386529246
0.6655178149342139
0.6625336689284675
0.685627038652922
0.6655178149342145
0.6625336689284657
0.6856270386529223
0.6655178149342129
0.662533668928462
0.6856270386529296
0.6655178149342188
0.6625336689284613
0.6856270386529199
0.6655178149342189
0.6625336689284618
0.6856270386529267
0.6655178149342141
0.6625336689284602
0.685627038652919
0.6655178149342129
0.6625336689284589
0.685627038652908
0.6655178149342167
0.6625336689284589
0.6856270386529018
0.6655178149342158
0.6625336689284571
0.6856270386528853
0.6655178149342162
0.6625336689284609
0.6856270386529011
0.6655178149342168
0.6625336689284607
0.6856270386529144
0.6655178149342182
0.6625336689284621
0.6856270386529171
0.6655178149342187
0.6625336689284629
0.6856270386529222
0.6655178149342167
0.662533668928466
0.6856270386529273
0.665517814934213
0.6625336689284671
0.6856270386529215
0.6655178149342154
0.6625336689284612
0.6856270386529102
0.6655178149342138
0.6625336689284618
0.6856270386529271
0.6655178149342125
0.662533668928462
0.6856270386529167
0.6655178149342166
0.6625336689284623
0.6856270386529314
0.6655178149342164
0.6625336689284625
0.6856270386529195
0.665517814934216
0.6625336689284644
0.6856270386529202
0.6655178149342146
0.6625336689284649
0.685627038652927
0.665517814934219
0.6625336689284688
0.6856270386529244
0.6655178149342136
0.6625336689284623
0.6856270386529169
0.6655178149342111
0.6625336689284627
0.6856270386529026
0.6655178149342158
0.6625336689284607
0.6856270386529147
0.6655178149342171
0.662533668928462
0.6856270386529016
0.6655178149342171
0.6625336689284556
0.6856270386529015
0.6655178149342171
0.6625336689284573
0.6856270386529041
0.6655178149342158
0.6625336689284598
0.6856270386529135
0.6655178149342156
0.6625336689284596
0.6856270386529117
0.6655178149342176
0.662533668928461
0.685627038652907
0.665517814934214
0.6625336689284589
0.6856270386529084
0.6655178149342154
0.6625336689284615
0.6856270386529031
0.6655178149342152
0.6625336689284582
0.6856270386529084
0.6655178149342129
0.6625336689284602
0.685627038652898
0.6655178149342157
0.6625336689284632
0.6856270386529182
0.6655178149342158
0.6625336689284654
0.6856270386529321
0.6655178149342131
0.6625336689284664
0.6856270386529475
0.6655178149342131
0.662533668928464
0.6856270386529288
0.6655178149342138
0.6625336689284644
0.6856270386529386
0.6655178149342142
0.6625336689284638
0.6856270386529137
0.6655178149342132
0.6625336689284613
0.6856270386529135
0.6655178149342159
0.6625336689284561
0.6856270386529024
0.6655178149342165
0.6625336689284582
0.6856270386529056
0.665517814934214
0.6625336689284633
0.6856270386529176
0.6655178149342142
0.6625336689284643
0.6856270386529277
0.665517814934214
0.6625336689284624
0.6856270386529187
0.6655178149342161
0.6625336689284586
0.6856270386529058
0.6655178149342165
0.6625336689284589
0.6856270386529151
0.6655178149342156
0.6625336689284578
0.6856270386528944
0.6655178149342162
0.6625336689284557
0.6856270386529004
0.6655178149342186
0.6625336689284596
0.6856270386529059
0.6655178149342141
0.6625336689284593
0.6856270386529153
0.6655178149342165
0.6625336689284638
0.6856270386529253
0.665517814934218
0.6625336689284627
0.6856270386529176
0.665517814934215
0.6625336689284655
0.6856270386529224
0.6655178149342122
0.6625336689284653
0.6856270386529184
0.6655178149342132
0.6625336689284658
0.6856270386529242
0.6655178149342134
0.6625336689284602
0.6856270386529149