0.6653107296667581
0.661006113379591
0.6868435250819032
0.6653107296644837
0.661006113380268
0.6868435250580484
0.6653107296617509
0.6610061133807772
0.6868435250289061
0.6653107296591572
0.6610061133811165
0.6868435249998783
0.6653107296570304
0.661006113381474
0.6868435249767169
0.6653107296557097
0.661006113381823
0.686843524964025
0.6653107296556143
0.6610061133819035
0.6868435249639806
0.6653107296567342
0.661006113381803
0.686843524975705
0.6653107296586329
0.6610061133816224
0.6868435249964442
0.6653107296609921
0.661006113381124
0.6868435250225986
0.6653107296636318
0.6610061133804573
0.6868435250500955
0.6653107296660956
0.66100611338004
0.6868435250749928
0.6653107296677974
0.6610061133799106
0.6868435250932795
0.6653107296684644
0.6610061133796462
0.6868435251011438
0.6653107296681269
0.6610061133793348
0.6868435250969964
0.665310729664318
0.6610061133802556
0.6868435250592118
0.6653107296615934
0.6610061133810194
0.6868435250302135
0.6653107296589662
0.6610061133816539
0.6868435250014551
0.6653107296570338
0.6610061133818403
0.6868435249780863
0.6653107296559615
0.6610061133818914
0.6868435249644722
0.6653107296557746
0.6610061133818046
0.686843524963036
0.6653107296567715
0.6610061133814104
0.6868435249738332
0.6653107296588561
0.6610061133809937
0.6868435249944862
0.6653107296613339
0.6610061133807246
0.6868435250210517
0.6653107296637784
0.6610061133803979
0.6868435250489504
0.665310729666027
0.661006113379804
0.6868435250737773
0.6653107296677564
0.6610061133794731
0.6868435250922007
0.665310729668426
0.6610061133797198
0.6868435251014524
0.6653107296678986
0.661006113379927
0.6868435250987781
0.6653107296664902
0.6610061133799349
0.6868435250836388
0.6653107296618987
0.6610061133805551
0.686843525028761
0.6653107296591094
0.6610061133813463
0.6868435250004743
0.6653107296568709
0.661006113382006
0.68684352497827
0.6653107296557513
0.6610061133822394
0.686843524965902
0.6653107296556869
0.6610061133822389
0.6868435249653302
0.6653107296565173
0.6610061133820624
0.6868435249761821
0.6653107296583809
0.6610061133814943
0.6868435249961764
0.6653107296610358
0.6610061133807554
0.6868435250219818
0.6653107296637379
0.6610061133803684
0.6868435250495575
0.6653107296660051
0.661006113380068
0.6868435250741864
0.6653107296677255
0.6610061133794358
0.6868435250915355
0.6653107296686155
0.6610061133790057
0.6868435250991491
0.6653107296682396
0.6610061133792817
0.6868435250961888
0.6653107296667407
0.6610061133798698
0.6868435250821378
0.6653107296645605
0.6610061133801779
0.68684352505808
0.6653107296594003
0.6610061133809864
0.6868435249992773
0.6653107296570775
0.6610061133814649
0.6868435249764248
0.6653107296557244
0.6610061133818882
0.6868435249640366
0.6653107296556572
0.6610061133819133
0.6868435249639795
0.6653107296566265
0.6610061133818194
0.6868435249758439
0.6653107296583239
0.6610061133817331
0.6868435249969053
0.6653107296607452
0.6610061133812214
0.6868435250230921
0.6653107296635403
0.6610061133804882
0.6868435250504724
0.6653107296659453
0.6610061133801144
0.686843525075348
0.665310729667616
0.6610061133800368
0.6868435250935568
0.6653107296684874
0.661006113379682
0.6868435251011789
0.6653107296683001
0.6610061133792422
0.6868435250966753
0.6653107296668573
0.6610061133794973
0.686843525081416
0.6653107296645784
0.6610061133801991
0.6868435250576368
0.6653107296620194
0.661006113380658
0.6868435250284052
0.665310729656959
0.6610061133818483
0.6868435249782952
0.6653107296556433
0.6610061133819949
0.6868435249649905
0.6653107296555423
0.6610061133819413
0.6868435249637048
0.6653107296567253
0.6610061133815108
0.6868435249743319
0.6653107296587417
0.6610061133810872
0.6868435249948648
0.6653107296611379
0.6610061133808331
0.6868435250213535
0.6653107296637786
0.6610061133804104
0.6868435250488997
0.665310729666238
0.6610061133797146
0.6868435250734244
0.6653107296678757
0.6610061133793834
0.6868435250917917
0.6653107296685099
0.6610061133796515
0.6868435251009499
0.665310729668174
0.661006113379823
0.6868435250981958
0.6653107296667793
0.6610061133798315
0.6868435250831053
0.6653107296643526
0.6610061133802172
0.6868435250588244
0.6653107296615338
0.6610061133810109
0.6868435250300933
0.665310729659018
0.6610061133816274
0.6868435250015161
0.6653107296556287
0.6610061133822986
0.6868435249662861
0.6653107296554799
0.6610061133822958
0.6868435249656024
0.6653107296565028
0.6610061133820406
0.6868435249762288
0.6653107296585722
0.6610061133814213
0.6868435249959225
0.6653107296612053
0.6610061133807037
0.6868435250216341
0.6653107296638627
0.6610061133803165
0.6868435250492144
0.665310729666261
0.6610061133799601
0.6868435250736721
0.665310729668017
0.6610061133793352
0.6868435250910405
0.6653107296686849
0.661006113378977
0.6868435250989768
0.6653107296681979
0.6610061133792733
0.686843525096186
0.6653107296667689
0.6610061133798415
0.6868435250822664
0.6653107296645189
0.661006113380221
0.6868435250585236
0.6653107296616376
0.6610061133806814
0.6868435250294029
0.6653107296588352
0.6610061133814434
0.686843525001098
0.66531072965678
0.6610061133820483
0.6868435249787849
0.6653107296557945
0.6610061133818517
0.6868435249636222
0.6653107296567563
0.6610061133817582
0.6868435249753555
0.6653107296585785
0.6610061133816022
0.6868435249963218
0.6653107296609724
0.6610061133811089
0.6868435250225171
0.6653107296635972
0.6610061133804703
0.686843525050101
0.665310729665934
0.6610061133801148
0.6868435250752678
0.6653107296676364
0.6610061133799997
0.6868435250935702
0.665310729668408
0.6610061133797112
0.6868435251013689
0.6653107296680338
0.6610061133793687
0.6868435250971757
0.6653107296666186
0.6610061133796079
0.6868435250818983
0.6653107296644412
0.6610061133802491
0.6868435250579747
0.6653107296618731
0.661006113380742
0.6868435250288041
0.6653107296592478
0.6610061133810845
0.686843524999598
0.6653107296570784
0.6610061133814549
0.6868435249764446
0.6653107296558878
0.6610061133817876
0.6868435249638094
0.66531072965675
0.6610061133814683
0.6868435249740984
0.6653107296587228
0.6610061133810787
0.686843524994804
0.6653107296611874
0.6610061133807927
0.6868435250214646
0.6653107296636778
0.661006113380442
0.6868435250492395
0.6653107296659488
0.6610061133798658
0.6868435250739182
0.6653107296676485
0.6610061133795323
0.6868435250923497
0.6653107296684097
0.6610061133797328
0.6868435251014031
0.6653107296680142
0.6610061133799066
0.6868435250985298
0.6653107296666008
0.6610061133799132
0.6868435250833709
0.6653107296643858
0.6610061133802008
0.6868435250587596
0.6653107296616942
0.661006113380916
0.6868435250296794
0.6653107296591112
0.6610061133815673
0.6868435250010605
0.6653107296570806
0.661006113381809
0.6868435249777762
0.6653107296559114
0.6610061133818916
0.6868435249643507
0.665310729655781
0.6610061133818134
0.6868435249631932
0.6653107296582895
0.6610061133815625
0.6868435249964733
0.6653107296609388
0.6610061133808156
0.6868435250221394
0.6653107296637706
0.6610061133803462
0.6868435250496622
0.6653107296661205
0.6610061133799888
0.6868435250741137
0.6653107296678222
0.6610061133793921
0.6868435250912976
0.6653107296686968
0.6610061133789713
0.6868435250989713
0.6653107296684009
0.6610061133792196
0.6868435250959477
0.6653107296669069
0.6610061133798242
0.6868435250818736
0.6653107296646237
0.6610061133801874
0.6868435250580895
0.6653107296619215
0.6610061133805628
0.6868435250288873
0.665310729659119
0.6610061133813114
0.6868435250005922
0.6653107296568255
0.6610061133819998
0.6868435249785603
0.6653107296555922
0.6610061133822913
0.6868435249662606
0.6653107296555295
0.6610061133822982
0.6868435249656425
0.665310729656451
0.6610061133820981
0.6868435249765226
0.6653107296608161
0.6610061133812004
0.68684352502292
0.6653107296635773
0.661006113380473
0.686843525050102
0.6653107296661094
0.661006113380033
0.6868435250749814
0.6653107296677836
0.6610061133799254
0.6868435250932481
0.6653107296685166
0.6610061133796249
0.6868435251008882
0.6653107296682701
0.6610061133792066
0.6868435250965783
0.6653107296668936
0.6610061133794629
0.6868435250814129
0.6653107296645312
0.6610061133802273
0.6868435250576587
0.6653107296618306
0.6610061133807702
0.6868435250286713
0.6653107296592684
0.6610061133810862
0.6868435249996329
0.6653107296570393
0.6610061133815119
0.6868435249767029
0.6653107296556442
0.6610061133819216
0.6868435249643503
0.6653107296555425
0.6610061133819458
0.686843524964232
0.6653107296566372
0.6610061133817983
0.6868435249758499
0.665310729658473
0.6610061133816729
0.686843524996804
0.6653107296638195
0.6610061133803841
0.6868435250488774
0.6653107296661911
0.6610061133797394
0.686843525073366
0.6653107296678906
0.6610061133794108
0.6868435250918339
0.6653107296684693
0.6610061133797128
0.6868435251012281
0.665310729668001
0.6610061133799345
0.6868435250984778
0.6653107296666074
0.6610061133799012
0.6868435250834024
0.6653107296643026
0.66100611338023
0.6868435250591314
0.665310729661459
0.661006113381038
0.686843525030249
0.6653107296588672
0.6610061133816845
0.686843525001589
0.6653107296569404
0.6610061133818605
0.6868435249782181
0.6653107296557499
0.6610061133819645
0.6868435249647092
0.6653107296556202
0.6610061133819125
0.6868435249634168
0.6653107296567622
0.6610061133814595
0.686843524974025
0.6653107296588611
0.6610061133809806
0.6868435249944482
0.6653107296613139
0.6610061133807232
0.6868435250210847
0.6653107296661125
0.6610061133800109
0.6868435250739864
0.6653107296678722
0.6610061133793899
0.6868435250912677
0.6653107296686043
0.6610061133790106
0.6868435250991657
0.6653107296681067
0.6610061133793301
0.6868435250964913
0.6653107296666751
0.6610061133799225
0.6868435250823801
0.6653107296644987
0.661006113380231
0.6868435250584171
0.6653107296617338
0.6610061133806245
0.6868435250292697
0.6653107296589376
0.661006113381389
0.6868435250008676
0.6653107296568657
0.6610061133820084
0.6868435249784881
0.6653107296557903
0.6610061133822289
0.6868435249659796
0.6653107296556366
0.6610061133822525
0.6868435249652876
0.6653107296565621
0.6610061133820566
0.6868435249760253
0.6653107296585796
0.6610061133814475
0.6868435249958249
0.6653107296611801
0.6610061133806915
0.6868435250214969
0.6653107296638003
0.6610061133803193
0.6868435250492588
0.6653107296675411
0.6610061133800216
0.6868435250938407
0.665310729668438
0.6610061133796838
0.6868435251013769
0.665310729668132
0.6610061133793055
0.686843525097015
0.6653107296666991
0.6610061133795592
0.686843525081806
0.665310729664565
0.6610061133802061
0.6868435250576983
0.6653107296620284
0.6610061133806604
0.6868435250283588
0.6653107296593698
0.6610061133810037
0.6868435249992908
0.6653107296571066
0.6610061133814136
0.6868435249762284
0.6653107296559041
0.6610061133817778
0.6868435249636754
0.665310729655846
0.6610061133818431
0.6868435249637326
0.6653107296567022
0.6610061133818033
0.6868435249756883
0.6653107296584493
0.6610061133817023
0.6868435249967735
0.6653107296608886
0.6610061133812015
0.6868435250230449
0.6653107296635195
0.6610061133805158
0.6868435250505096
0.6653107296658185
0.6610061133801475
0.6868435250755547
0.6653107296684757
0.6610061133796729
0.6868435251011826
0.6653107296681693
0.6610061133798055
0.6868435250981841
0.6653107296667335
0.6610061133798355
0.686843525083058
0.6653107296644103
0.6610061133801997
0.686843525058769
0.665310729661722
0.6610061133809317
0.6868435250297359
0.6653107296591518
0.6610061133815757
0.6868435250011138
0.665310729657024
0.6610061133818521
0.6868435249780958
0.6653107296557226
0.6610061133819514
0.6868435249647098
0.665310729655612
0.6610061133818423
0.686843524963382
0.6653107296566833
0.6610061133814727
0.686843524974317
0.6653107296586058
0.6610061133811137
0.6868435249950633
0.6653107296610672
0.661006113380837
0.6868435250215775
0.6653107296637228
0.6610061133804497
0.6868435250492713
0.6653107296660632
0.661006113379838
0.686843525073848
0.6653107296677232
0.6610061133795067
0.6868435250921561
0.6653107296683827
0.6610061133792393
0.6868435250957937
0.6653107296669052
0.6610061133797792
0.6868435250817329
0.6653107296645427
0.6610061133801721
0.6868435250580383
0.6653107296617218
0.6610061133806331
0.6868435250291489
0.6653107296589558
0.6610061133813769
0.6868435250008686
0.6653107296567466
0.661006113382042
0.6868435249787017
0.6653107296555327
0.6610061133823846
0.6868435249665704
0.6653107296554437
0.6610061133823895
0.686843524965929
0.665310729656436
0.6610061133820905
0.6868435249764164
0.6653107296583941
0.6610061133814891
0.686843524996201
0.6653107296610044
0.6610061133807679
0.6868435250218659
0.6653107296638077
0.6610061133803028
0.6868435250491796
0.665310729666265
0.6610061133799208
0.686843525073551
0.6653107296679817
0.6610061133793501
0.6868435250908544
0.6653107296687453
0.6610061133790048
0.686843525098664