0.6696081434932564
0.6678064233671636
0.682291851602715
0.669608143509462
0.667806423292481
0.6822918516364818
0.6696081435164144
0.6678064232595116
0.6822918516520583
0.6696081434931286
0.6678064233670932
0.6822918516028406
0.6696081435091005
0.6678064232930107
0.6822918516372984
0.66960814351639
0.6678064232598742
0.6822918516518351
0.669608143493241
0.667806423367151
0.6822918516020886
0.6696081435091583
0.667806423292884
0.682291851637592
0.6696081435164838
0.6678064232594936
0.682291851652408
0.6696081434934807
0.6678064233667385
0.6822918516016642
0.6696081435091712
0.6678064232928833
0.6822918516371609
0.6696081435161408
0.6678064232598986
0.6822918516530951
0.6696081434932695
0.6678064233672106
0.6822918516019826
0.6696081435093089
0.6678064232927524
0.6822918516363774
0.6696081435162338
0.667806423259812
0.6822918516527623
0.6696081435162309
0.6678064232598865
0.6822918516529157
0.6696081434933978
0.6678064233671146
0.6822918516018719
0.6696081435093225
0.667806423292877
0.6822918516364451
0.6696081435162331
0.6678064232598191
0.6822918516528309
0.6696081434933104
0.6678064233669296
0.6822918516025446
0.669608143509358
0.6678064232925379
0.6822918516365258
0.6696081435162538
0.667806423259598
0.68229185165236
0.669608143493013
0.6678064233673242
0.6822918516028709
0.6696081435092571
0.6678064232930392
0.6822918516370838
0.6696081435165817
0.667806423259602
0.6822918516517855
0.6696081434932604
0.6678064233671316
0.6822918516021913
0.6696081435091914
0.6678064232928163
0.682291851637549
0.6696081435164499
0.6678064232596492
0.6822918516522852
0.6696081434932971
0.6678064233668917
0.6822918516018028
0.6696081435090565
0.6678064232927603
0.6822918516373033
0.6696081435090325
0.6678064232928422
0.6822918516374274
0.6696081435164524
0.6678064232595549
0.6822918516522436
0.6696081434933012
0.6678064233669117
0.6822918516020797
0.6696081435090485
0.6678064232929765
0.6822918516372753
0.6696081435163588
0.6678064232597707
0.6822918516526162
0.6696081434935095
0.6678064233670657
0.6822918516017404
0.6696081435092327
0.6678064232927015
0.6822918516367191
0.6696081435161351
0.6678064232597308
0.6822918516529457
0.6696081434932356
0.6678064233671887
0.6822918516024157
0.6696081435093673
0.6678064232926754
0.6822918516366526
0.6696081435162673
0.6678064232597358
0.6822918516524908
0.6696081434931977
0.6678064233671377
0.6822918516026598
0.6696081435094273
0.6678064232927792
0.6822918516368097
0.6696081435165374
0.6678064232597315
0.6822918516518921
0.6696081434931074
0.6678064233671581
0.6822918516024062
0.669608143493176
0.6678064233672025
0.6822918516024504
0.6696081435093666
0.6678064232928642
0.6822918516367246
0.6696081435163963
0.6678064232595715
0.6822918516522436
0.6696081434929423
0.6678064233671438
0.6822918516026218
0.6696081435091118
0.667806423292741
0.6822918516371371
0.6696081435165449
0.6678064232596761
0.6822918516520678
0.6696081434933719
0.6678064233671277
0.6822918516021594
0.6696081435091273
0.6678064232927574
0.6822918516372558
0.6696081435164126
0.6678064232596952
0.6822918516524238
0.6696081434934261
0.6678064233670437
0.682291851601912
0.6696081435090889
0.6678064232928995
0.6822918516371026
0.6696081435160528
0.6678064232598642
0.6822918516528464
0.6696081434934269
0.6678064233669636
0.6822918516021259
0.669608143509506
0.6678064232926708
0.6822918516366775
0.6696081435162662
0.6678064232597113
0.6822918516525842
0.6696081435162655
0.6678064232596941
0.6822918516525678
0.6696081434934953
0.6678064233671125
0.68229185160177
0.6696081435093895
0.6678064232927166
0.6822918516368344
0.6696081435161263
0.6678064232597636
0.682291851652833
0.6696081434930825
0.6678064233670122
0.6822918516023835
0.6696081435093677
0.6678064232926315
0.6822918516366692
0.6696081435163421
0.6678064232598206
0.6822918516524895
0.6696081434930712
0.6678064233672543
0.6822918516025887
0.669608143509294
0.6678064232927781
0.6822918516367705
0.6696081435166639
0.6678064232596306
0.6822918516520189
0.6696081434932637
0.6678064233669772
0.6822918516024772
0.669608143509028
0.6678064232929054
0.6822918516373522
0.6696081435163572
0.6678064232596778
0.6822918516522725
0.6696081434933535
0.6678064233671042
0.6822918516020506
0.6696081435091306
0.6678064232928602
0.6822918516372954
0.6696081435090564
0.6678064232926886
0.6822918516373051
0.6696081435164365
0.6678064232594867
0.682291851651943
0.6696081434934332
0.6678064233670107
0.6822918516020511
0.6696081435091485
0.6678064232929402
0.6822918516373768
0.6696081435162728
0.6678064232599328
0.682291851652377
0.6696081434934027
0.6678064233669908
0.6822918516017653
0.6696081435092264
0.6678064232927519
0.6822918516371501
0.6696081435160808
0.6678064232597392
0.6822918516530414
0.6696081434932375
0.6678064233669659
0.6822918516021041
0.6696081435094017
0.6678064232927443
0.6822918516364729
0.6696081435164712
0.6678064232597267
0.6822918516526305
0.6696081434931662
0.6678064233672394
0.6822918516025304
0.6696081435093026
0.6678064232927627
0.6822918516365895
0.6696081435164654
0.6678064232597538
0.6822918516521745
0.6696081434931025
0.6678064233672475
0.6822918516028388
0.6696081434930412
0.667806423367352
0.6822918516025931
0.6696081435092176
0.6678064232927884
0.6822918516365154
0.6696081435163637
0.6678064232596932
0.682291851652262
0.6696081434932204
0.6678064233669478
0.6822918516029428
0.6696081435092301
0.6678064232926977
0.6822918516370415
0.6696081435165374
0.6678064232595432
0.6822918516517285
0.6696081434933234
0.6678064233671621
0.6822918516022242
0.6696081435090862
0.6678064232930538
0.6822918516375114
0.6696081435162357
0.6678064232597112
0.6822918516523133
0.6696081434933665
0.6678064233670711
0.6822918516017269
0.6696081435091841
0.6678064232927878
0.6822918516373314
0.6696081435162264
0.6678064232597283
0.6822918516530014
0.6696081434934151
0.6678064233668701
0.6822918516018176
0.6696081435094957
0.6678064232926
0.6822918516365193
0.6696081435162862
0.6678064232599709
0.6822918516528662
0.6696081435163429
0.6678064232595974
0.6822918516528713
0.6696081434934174
0.6678064233668566
0.6822918516017196
0.6696081435092418
0.667806423292977
0.6822918516366868
0.6696081435161234
0.667806423260008
0.6822918516530351
0.6696081434931388
0.6678064233672721
0.6822918516024701
0.6696081435093515
0.6678064232926455
0.6822918516363299
0.6696081435164561
0.6678064232595606
0.6822918516522918
0.6696081434931912
0.6678064233670689
0.6822918516029203
0.6696081435093442
0.6678064232926216
0.6822918516368818
0.6696081435164507
0.6678064232595579
0.6822918516518015
0.6696081434931307
0.6678064233672572
0.6822918516024601
0.6696081435090081
0.6678064232930925
0.6822918516375835
0.6696081435163581
0.6678064232599072
0.6822918516521578
0.66960814349342
0.6678064233668928
0.6822918516016938
0.6696081435092475
0.6678064232926346
0.6822918516374058
0.6696081435091853
0.6678064232930673
0.6822918516374012
0.6696081435166105
0.6678064232595318
0.6822918516519766
0.6696081434934072
0.6678064233668916
0.6822918516017898
0.6696081435091106
0.6678064232927928
0.682291851637545
0.66960814351628
0.6678064232597246
0.6822918516528174
0.6696081434933724
0.6678064233670322
0.6822918516017586
0.6696081435091292
0.6678064232927852
0.6822918516368349
0.669608143516203
0.667806423259962
0.6822918516529558
0.6696081434933204
0.6678064233672019
0.6822918516022358
0.6696081435094337
0.667806423292614
0.6822918516362865
0.6696081435163318
0.6678064232596407
0.6822918516524794
0.6696081434932093
0.6678064233669392
0.6822918516029488
0.6696081435092512
0.6678064232927426
0.6822918516368297
0.6696081435163284
0.6678064232597256
0.6822918516519557
0.6696081434930634
0.6678064233673164
0.6822918516025684
0.6696081434931034
0.6678064233672305
0.6822918516028528
0.6696081435093642
0.6678064232928191
0.6822918516367398
0.6696081435164243
0.667806423259673
0.6822918516520347
0.6696081434931686
0.6678064233672288
0.6822918516025177
0.6696081435093437
0.6678064232928352
0.682291851637189
0.6696081435165048
0.6678064232596729
0.6822918516519569
0.6696081434932288
0.667806423366994
0.6822918516020935
0.6696081435089744
0.6678064232927683
0.6822918516375793
0.6696081435163289
0.6678064232596963
0.6822918516525969
0.6696081434934259
0.6678064233669548
0.6822918516017713
0.6696081435091774
0.6678064232930201
0.6822918516368994
0.6696081435162577
0.6678064232598686
0.6822918516528287
0.6696081434934205
0.6678064233670233
0.6822918516020584
0.6696081435093203
0.6678064232925749
0.6822918516364915
0.6696081435161594
0.6678064232596242
0.6822918516527481
0.6696081435162251
0.6678064232597722
0.6822918516527714
0.6696081434933383
0.6678064233671419
0.6822918516020647
0.669608143509261
0.6678064232927414
0.6822918516368189
0.6696081435161452
0.667806423259821
0.6822918516527812
0.6696081434932664
0.6678064233669656
0.6822918516024653
0.6696081435095649
0.6678064232926912
0.6822918516365692
0.6696081435164054
0.6678064232597319
0.682291851652224
0.669608143493065
0.6678064233672439
0.6822918516025929
0.6696081435092122
0.6678064232929188
0.6822918516370333
0.6696081435164815
0.6678064232595454
0.6822918516521281
0.6696081434930926
0.6678064233670176
0.6822918516023679
0.6696081435090252
0.6678064232928271
0.6822918516373822
0.6696081435164944
0.6678064232596528
0.6822918516522918
0.669608143493505
0.6678064233670823
0.6822918516017844
0.669608143509143
0.667806423292797
0.6822918516371081
0.6696081435091596
0.667806423292751
0.6822918516371335
0.6696081435166006
0.6678064232596252
0.6822918516521288
0.6696081434934318
0.6678064233669595
0.6822918516021386
0.6696081435089389
0.6678064232929594
0.6822918516373886
0.6696081435161971
0.6678064232598113
0.682291851652556
0.6696081434934339
0.6678064233670347
0.6822918516018942
0.6696081435093217
0.6678064232927601
0.6822918516369603
0.6696081435162378
0.6678064232596941
0.6822918516527116
0.6696081434933598
0.6678064233671283
0.6822918516021717
0.6696081435094241
0.6678064232927596
0.6822918516366232
0.6696081435162158
0.6678064232596588
0.6822918516525981
0.6696081434929388
0.6678064233671348
0.6822918516026367
0.669608143509283
0.6678064232926668
0.6822918516367863
0.6696081435164973
0.6678064232597569
0.6822918516521731
0.66960814349318
0.6678064233672258
0.6822918516024249
0.6696081434931205
0.667806423367136
0.6822918516024102
0.6696081435094299
0.6678064232927966
0.6822918516364209
0.6696081435165449
0.6678064232596845
0.6822918516522587
0.6696081434931891
0.6678064233671636
0.6822918516026675
0.6696081435091455
0.6678064232928174
0.6822918516370653
0.6696081435164587
0.6678064232596254
0.6822918516521005
0.6696081434932459
0.6678064233671586
0.6822918516024153
0.6696081435090325
0.6678064232928174
0.6822918516374947
0.6696081435163541
0.6678064232595886
0.6822918516521879
0.6696081434935068
0.6678064233670864
0.6822918516017227
0.6696081435092524
0.6678064232928347
0.6822918516371538
0.6696081435161483
0.6678064232599086
0.6822918516527378
0.6696081434932875
0.6678064233669346
0.6822918516020836
0.66960814350935
0.6678064232926175
0.6822918516367831
0.6696081435161518
0.6678064232597809
0.6822918516528698
0.6696081435161566
0.6678064232597234
0.6822918516527758
0.6696081434932939
0.6678064233668968
0.6822918516017995
0.6696081435093489
0.6678064232927108
0.6822918516368085
0.6696081435163115
0.6678064232597236
0.6822918516530054
0.6696081434932633
0.6678064233671119
0.6822918516022244
0.6696081435094576
0.6678064232926912
0.6822918516363289
0.6696081435163628
0.6678064232599449
0.6822918516525273
0.6696081434929999
0.6678064233673757
0.6822918516028667
0.6696081435091523
0.6678064232926539
0.6822918516369214
0.6696081435164717
0.6678064232594859
0.6822918516519537
0.6696081434933308
0.6678064233669123
0.6822918516025301
0.6696081435091299
0.6678064232928871
0.6822918516373859
0.6696081435164252
0.6678064232597889
0.6822918516519179
0.6696081434933845
0.6678064233671205
0.6822918516018621
0.6696081435091206
0.6678064232929597
0.6822918516374656
0.6696081435091111
0.6678064232928975
0.6822918516373417
0.6696081435164106
0.6678064232596574
0.6822918516518597
0.6696081434932618
0.6678064233672367
0.6822918516019548
0.6696081435090424
0.667806423292977
0.6822918516376234
0.6696081435162884
0.6678064232598278
0.6822918516526228
0.6696081434934872
0.6678064233667527
0.682291851601656
0.669608143509385
0.667806423292533
0.6822918516369325
0.6696081435162586
0.6678064232598154
0.6822918516530527
0.6696081434932308
0.6678064233671377
0.6822918516021224
0.6696081435092736
0.6678064232929469
0.6822918516363721
0.6696081435162159
0.6678064232599408
0.6822918516527328
0.6696081434931291
0.6678064233671253
0.6822918516028402
0.6696081435093125
0.6678064232925771
0.6822918516366216
0.6696081435165652
0.6678064232594263
0.6822918516519149
0.6696081434932633
0.6678064233671177
0.6822918516027208