0.6649177003744671
0.6607991798056738
0.6833449739007247
0.6649177003757308
0.6607991798058244
0.6833449739150527
0.6649177003777655
0.660799179805835
0.6833449739373585
0.6649177003802481
0.6607991798055954
0.6833449739639089
0.6649177003827036
0.6607991798054436
0.6833449739901869
0.6649177003846343
0.6607991798054873
0.6833449740116186
0.6649177003857656
0.6607991798056905
0.6833449740237587
0.6649177003859248
0.6607991798058968
0.6833449740243259
0.664917700385022
0.6607991798060486
0.683344974014372
0.6649177003832731
0.6607991798061208
0.6833449739954994
0.6649177003810081
0.6607991798060004
0.6833449739709421
0.6649177003785862
0.6607991798059699
0.6833449739451589
0.6649177003763628
0.6607991798060838
0.6833449739224724
0.664917700374767
0.6607991798060717
0.683344973906111
0.6649177003741252
0.6607991798058219
0.6833449738978759
0.6649177003753717
0.6607991798062272
0.6833449739149069
0.6649177003775324
0.6607991798061382
0.6833449739375289
0.6649177003801081
0.6607991798060179
0.683344973964596
0.6649177003827411
0.6607991798056658
0.6833449739906741
0.6649177003849052
0.6607991798052477
0.6833449740111257
0.664917700386119
0.6607991798050569
0.6833449740228725
0.6649177003862836
0.6607991798050384
0.6833449740235081
0.6649177003854321
0.6607991798051686
0.6833449740130014
0.6649177003836139
0.6607991798054886
0.6833449739944699
0.6649177003811593
0.6607991798058037
0.6833449739708268
0.6649177003785851
0.6607991798059567
0.6833449739454408
0.66491770037628
0.660799179806065
0.6833449739223694
0.6649177003745211
0.6607991798063888
0.6833449739060502
0.6649177003736613
0.6607991798066972
0.683344973899228
0.664917700373967
0.6607991798065278
0.6833449739018228
0.6649177003776598
0.6607991798061204
0.6833449739369728
0.6649177003802645
0.6607991798059986
0.6833449739640223
0.6649177003827877
0.6607991798060484
0.6833449739909745
0.6649177003849218
0.6607991798059079
0.6833449740119744
0.664917700386213
0.6607991798057108
0.6833449740233158
0.6649177003862927
0.6607991798055802
0.6833449740240422
0.6649177003852997
0.6607991798054503
0.6833449740137922
0.664917700383533
0.6607991798053523
0.6833449739943017
0.6649177003811341
0.6607991798054393
0.6833449739702165
0.6649177003784605
0.660799179805716
0.6833449739453037
0.6649177003761181
0.6607991798057862
0.6833449739226614
0.6649177003745395
0.6607991798057168
0.6833449739055623
0.664917700373788
0.660799179805958
0.6833449738980227
0.6649177003740034
0.660799179806364
0.6833449739020634
0.6649177003753823
0.6607991798064039
0.6833449739155449
0.6649177003806452
0.6607991798054289
0.6833449739633997
0.6649177003831248
0.6607991798052839
0.6833449739898412
0.6649177003849687
0.6607991798054005
0.6833449740114269
0.6649177003860527
0.6607991798055878
0.6833449740234487
0.6649177003861426
0.6607991798057774
0.683344974023985
0.6649177003850287
0.660799179806042
0.6833449740143283
0.6649177003830504
0.6607991798062212
0.6833449739958402
0.6649177003807152
0.6607991798061116
0.6833449739711095
0.6649177003782716
0.6607991798061146
0.6833449739454287
0.6649177003759643
0.660799179806297
0.6833449739230167
0.6649177003743856
0.6607991798062448
0.6833449739065514
0.6649177003739284
0.6607991798058881
0.6833449738981351
0.6649177003744206
0.6607991798056421
0.6833449739006796
0.6649177003757609
0.6607991798057782
0.6833449739151218
0.6649177003779666
0.6607991798057584
0.6833449739373391
0.664917700382937
0.6607991798055637
0.6833449739903863
0.6649177003849229
0.6607991798052356
0.6833449740112636
0.66491770038594
0.6607991798051766
0.6833449740232653
0.6649177003859966
0.6607991798052055
0.6833449740238379
0.664917700385099
0.6607991798053221
0.6833449740132871
0.6649177003832466
0.6607991798056683
0.6833449739949151
0.6649177003808038
0.6607991798059754
0.6833449739713549
0.664917700378356
0.6607991798060217
0.6833449739454776
0.6649177003762221
0.6607991798060655
0.6833449739223323
0.6649177003745856
0.6607991798063775
0.6833449739061312
0.6649177003738688
0.660799179806635
0.6833449738990449
0.6649177003743433
0.6607991798063968
0.6833449739015114
0.6649177003757891
0.6607991798060432
0.6833449739144761
0.6649177003778647
0.6607991798059671
0.6833449739373232
0.6649177003803702
0.6607991798058794
0.6833449739644601
0.6649177003845446
0.6607991798060323
0.6833449740120583
0.6649177003857802
0.660799179805858
0.6833449740237107
0.6649177003859428
0.6607991798057222
0.6833449740244117
0.6649177003850981
0.6607991798055564
0.6833449740139084
0.6649177003834434
0.6607991798053955
0.6833449739942752
0.6649177003811877
0.6607991798054365
0.6833449739702095
0.6649177003787159
0.6607991798056477
0.6833449739452608
0.6649177003764919
0.6607991798056136
0.6833449739221319
0.6649177003749145
0.6607991798055262
0.6833449739051212
0.6649177003741262
0.6607991798057979
0.6833449738978394
0.6649177003742914
0.6607991798062158
0.6833449739017123
0.6649177003755552
0.6607991798063357
0.6833449739153333
0.664917700377629
0.6607991798061432
0.6833449739369397
0.664917700380065
0.6607991798060757
0.683344973964231
0.6649177003825086
0.6607991798061469
0.683344973991187
0.6649177003859926
0.6607991798055981
0.6833449740233718
0.6649177003861454
0.6607991798057443
0.683344974023981
0.6649177003852454
0.6607991798059252
0.6833449740140499
0.6649177003834685
0.6607991798060372
0.6833449739953351
0.6649177003810915
0.6607991798059437
0.6833449739706258
0.6649177003785605
0.6607991798059877
0.6833449739450714
0.6649177003762667
0.6607991798061884
0.6833449739227918
0.6649177003746005
0.6607991798061537
0.6833449739061408
0.6649177003738997
0.6607991798058998
0.683344973898082
0.6649177003742178
0.6607991798057393
0.6833449739009909
0.6649177003755206
0.6607991798058768
0.6833449739152556
0.6649177003776428
0.660799179805899
0.6833449739376493
0.664917700380198
0.6607991798056254
0.6833449739638549
0.6649177003827478
0.6607991798054491
0.6833449739902675
0.6649177003847992
0.6607991798054711
0.6833449740116015
0.6649177003864204
0.6607991798050137
0.6833449740235029
0.6649177003854031
0.6607991798051751
0.6833449740131887
0.6649177003835027
0.6607991798055339
0.6833449739946376
0.6649177003810367
0.6607991798058709
0.6833449739711605
0.6649177003783845
0.6607991798060306
0.6833449739455915
0.664917700376012
0.6607991798061807
0.6833449739225865
0.6649177003743127
0.6607991798065325
0.6833449739064841
0.664917700373564
0.6607991798067828
0.683344973899225
0.6649177003739363
0.6607991798065858
0.6833449739019346
0.6649177003753937
0.6607991798062305
0.6833449739149676
0.6649177003776781
0.660799179806055
0.6833449739373458
0.6649177003803628
0.6607991798058905
0.6833449739645108
0.6649177003829836
0.6607991798055476
0.683344973990451
0.6649177003851099
0.6607991798051644
0.6833449740111277
0.6649177003863335
0.6607991798050035
0.6833449740229155
0.6649177003851103
0.6607991798055517
0.6833449740139029
0.6649177003832577
0.6607991798054806
0.6833449739946451
0.6649177003808708
0.6607991798055508
0.6833449739703749
0.6649177003783454
0.6607991798057686
0.6833449739455253
0.6649177003760998
0.6607991798057706
0.6833449739226725
0.6649177003745664
0.6607991798056911
0.6833449739055527
0.6649177003739233
0.6607991798059211
0.683344973898137
0.6649177003742563
0.6607991798062582
0.6833449739017292
0.6649177003756387
0.6607991798063243
0.6833449739154437
0.6649177003778342
0.6607991798060597
0.6833449739369463
0.6649177003804108
0.6607991798059112
0.6833449739637204
0.6649177003829163
0.660799179805956
0.6833449739908155
0.6649177003849024
0.6607991798058692
0.6833449740118532
0.6649177003860505
0.6607991798057432
0.6833449740234212
0.6649177003861164
0.6607991798056541
0.6833449740241031
0.664917700383032
0.6607991798062212
0.6833449739956862
0.6649177003807514
0.6607991798061053
0.6833449739711089
0.6649177003783728
0.6607991798060684
0.6833449739450688
0.6649177003761675
0.6607991798061963
0.6833449739226793
0.6649177003746206
0.6607991798061088
0.683344973906105
0.66491770037412
0.6607991798057694
0.6833449738977634
0.6649177003745773
0.6607991798055701
0.6833449739005608
0.6649177003758879
0.6607991798057222
0.6833449739147168
0.6649177003779956
0.6607991798057773
0.6833449739373718
0.6649177003805303
0.6607991798055094
0.6833449739636916
0.6649177003829332
0.660799179805369
0.6833449739898941
0.6649177003847565
0.6607991798054764
0.6833449740115958
0.6649177003858053
0.6607991798056632
0.6833449740236609
0.6649177003858865
0.660799179805859
0.6833449740242434
0.664917700384878
0.6607991798060866
0.6833449740142497
0.664917700381036
0.6607991798058581
0.6833449739711229
0.6649177003785912
0.6607991798059405
0.6833449739455576
0.664917700376433
0.660799179805998
0.6833449739221316
0.6649177003747159
0.6607991798063481
0.6833449739061015
0.664917700373862
0.6607991798066375
0.6833449738990452
0.6649177003742275
0.6607991798064333
0.6833449739015798
0.664917700375614
0.6607991798061227
0.6833449739147615
0.6649177003776313
0.6607991798060554
0.6833449739372698
0.6649177003801252
0.6607991798059963
0.6833449739646993
0.6649177003827513
0.660799179805681
0.683344973990749
0.6649177003848123
0.6607991798053185
0.6833449740112663
0.6649177003858953
0.6607991798051998
0.6833449740232724
0.664917700386034
0.6607991798051813
0.6833449740238473
0.6649177003852474
0.6607991798052455
0.6833449740133276
0.6649177003834635
0.6607991798055552
0.6833449739946149
0.6649177003786592
0.6607991798056294
0.6833449739452288
0.6649177003763516
0.6607991798056699
0.6833449739225267
0.6649177003747824
0.6607991798056022
0.6833449739052884
0.66491770037394
0.6607991798059171
0.6833449738982471
0.6649177003740295
0.6607991798063482
0.6833449739021425
0.6649177003753506
0.660799179806435
0.683344973915663
0.6649177003775518
0.6607991798061927
0.6833449739373505
0.664917700380024
0.6607991798060824
0.6833449739642308
0.6649177003825062
0.6607991798061386
0.6833449739912891
0.6649177003847091
0.6607991798059845
0.6833449740121327
0.664917700386054
0.6607991798057803
0.6833449740234577
0.6649177003861705
0.6607991798056466
0.6833449740241789
0.6649177003852913
0.6607991798054748
0.6833449740136979
0.6649177003836557
0.6607991798053123
0.6833449739942171
0.6649177003813145
0.6607991798053627
0.6833449739699688
0.6649177003759816
0.6607991798062629
0.6833449739228623
0.6649177003743336
0.6607991798062505
0.6833449739064091
0.6649177003737776
0.6607991798059345
0.6833449738979536
0.6649177003741851
0.6607991798057643
0.6833449739010027
0.6649177003755073
0.6607991798058845
0.6833449739151948
0.6649177003777507
0.660799179805839
0.6833449739373672
0.6649177003804752
0.6607991798055132
0.6833449739637087
0.6649177003830093
0.6607991798053202
0.6833449739899132
0.6649177003849576
0.6607991798053621
0.6833449740114235
0.664917700386161
0.6607991798055203
0.6833449740232839
0.6649177003863078
0.6607991798057116
0.683344974023869
0.6649177003852382
0.6607991798059594
0.6833449740141395
0.6649177003833115
0.6607991798061185
0.6833449739954323
0.6649177003809462
0.6607991798060273
0.6833449739708948
0.6649177003783813
0.6607991798060511
0.683344973945123
0.6649177003743421
0.6607991798064747
0.6833449739063774
0.6649177003736649
0.6607991798066912
0.6833449738992029
0.6649177003741609
0.6607991798064461
0.6833449739015188
0.6649177003756622
0.6607991798061207
0.6833449739147841
0.6649177003778655
0.6607991798059774
0.6833449739371843
0.6649177003804916
0.6607991798058211
0.6833449739641505
0.664917700383109
0.6607991798055086
0.6833449739903318
0.6649177003851305
0.6607991798051616
0.6833449740109758
0.6649177003861837
0.6607991798050257
0.6833449740228964
0.6649177003862163
0.6607991798050696
0.6833449740234703
0.6649177003852117
0.6607991798052619
0.6833449740132178
0.6649177003832556
0.660799179805653
0.6833449739948723
0.6649177003807822
0.6607991798059963
0.6833449739712381
0.6649177003782574
0.6607991798061159
0.6833449739457871
0.6649177003760047
0.6607991798061851
0.683344973922581
0.6649177003741477
0.660799179805846
0.6833449738979527
0.6649177003744307
0.6607991798061745
0.6833449739017156
0.6649177003757509
0.6607991798062282
0.6833449739151738
0.6649177003778627
0.6607991798060507
0.6833449739370792
0.6649177003803288
0.6607991798059678
0.6833449739640484
0.6649177003827389
0.6607991798060445
0.6833449739909894
0.6649177003846962
0.6607991798060083
0.6833449740122466
0.6649177003858324
0.6607991798059012
0.6833449740238042
0.6649177003858973
0.660799179805742
0.6833449740244653
0.664917700384971
0.6607991798055719
0.683344974013945
0.6649177003832282
0.6607991798054793
0.6833449739946058
0.6649177003809195
0.660799179805521
0.6833449739704435
0.6649177003784803
0.6607991798057037
0.6833449739452464
0.6649177003763348
0.6607991798057221
0.6833449739225113
0.6649177003748272
0.6607991798056334
0.6833449739053532