0.31247983928862916 0.001291047357231497 0.09181320547133631	0.001291047357214495 0.31995552200033883 -0.012882203540470497	-0.09181320547129065 0.012882203540440167 0.5421935255472214
0.31247983928853956 0.0012910473571886736 0.09181320547127646	0.0012910473572246613 0.3199555220002908 -0.012882203540422833	-0.0918132054712909 0.012882203540462593 0.5421935255471851
0.31247983928866285 0.0012910473571916816 0.09181320547133663	0.00129104735716665 0.31995552200040733 -0.012882203540452976	-0.09181320547129652 0.012882203540424977 0.5421935255473354
0.3124798392885313 0.0012910473571740863 0.09181320547129804	0.0012910473571712301 0.3199555220003432 -0.012882203540439056	-0.09181320547129242 0.012882203540463218 0.5421935255471695
0.3124798392886745 0.001291047357241188 0.09181320547132624	0.0012910473572419856 0.31995552200030747 -0.012882203540451005	-0.0918132054713066 0.012882203540434727 0.5421935255472095
0.3124798392886595 0.0012910473573216979 0.09181320547131916	0.0012910473573452112 0.31995552200022925 -0.01288220354041511	-0.09181320547131301 0.012882203540433769 0.5421935255472904
0.3124798392887783 0.0012910473572386814 0.09181320547133956	0.0012910473572245234 0.3199555220004782 -0.012882203540432832	-0.09181320547131949 0.012882203540424478 0.542193525547264
0.31247983928871087 0.00129104735722894 0.09181320547132946	0.001291047357218239 0.3199555220003879 -0.01288220354043134	-0.09181320547131135 0.012882203540428433 0.5421935255473211
0.31247983928866263 0.0012910473572892156 0.09181320547133187	0.0012910473573051586 0.3199555220002171 -0.012882203540421792	-0.09181320547131741 0.012882203540438106 0.5421935255472538
0.31247983928874334 0.0012910473572612592 0.09181320547133381	0.0012910473572660523 0.3199555220004211 -0.012882203540439681	-0.09181320547131408 0.012882203540434442 0.5421935255471616
0.31247983928865597 0.0012910473572357454 0.09181320547130642	0.0012910473572254264 0.3199555220003695 -0.012882203540439355	-0.09181320547130696 0.012882203540449631 0.5421935255472082
0.31247983928861534 0.0012910473572438162 0.09181320547133419	0.001291047357229948 0.3199555220002145 -0.012882203540451054	-0.09181320547130958 0.012882203540422826 0.5421935255472629
0.31247983928850653 0.0012910473571686116 0.09181320547129958	0.0012910473571984926 0.31995552200029076 -0.012882203540421237	-0.09181320547129959 0.0128822035404604 0.542193525547218
0.31247983928877177 0.001291047357223026 0.09181320547134209	0.0012910473572071103 0.3199555220005464 -0.012882203540438633	-0.0918132054712893 0.012882203540419135 0.5421935255473527
0.31247983928854545 0.0012910473572139433 0.09181320547127561	0.0012910473572140839 0.3199555220002335 -0.01288220354044034	-0.09181320547129491 0.012882203540459984 0.5421935255472654
0.31247983928853457 0.001291047357192977 0.09181320547127536	0.0012910473572287475 0.31995552200029836 -0.012882203540419836	-0.09181320547129006 0.012882203540459623 0.5421935255471871
0.3124798392885169 0.0012910473572017886 0.09181320547132793	0.0012910473571754568 0.31995552200020017 -0.012882203540483174	-0.09181320547129701 0.012882203540443754 0.5421935255471996
0.3124798392885627 0.0012910473571927771 0.09181320547127503	0.0012910473571974444 0.3199555220003452 -0.012882203540440007	-0.09181320547128488 0.012882203540463447 0.5421935255471494
0.31247983928872325 0.0012910473571892712 0.09181320547133034	0.0012910473571796722 0.31995552200050237 -0.01288220354044975	-0.09181320547129546 0.012882203540431708 0.5421935255472764
0.3124798392885425 0.0012910473572547354 0.09181320547131192	0.0012910473572839793 0.31995552200019706 -0.012882203540413896	-0.09181320547129965 0.012882203540446217 0.5421935255472593
0.3124798392887024 0.0012910473572237489 0.09181320547133182	0.0012910473572051544 0.3199555220003716 -0.012882203540437613	-0.09181320547131164 0.01288220354041969 0.5421935255473185
0.31247983928870554 0.001291047357258563 0.09181320547131733	0.0012910473572540545 0.3199555220003964 -0.012882203540424006	-0.09181320547130817 0.012882203540425477 0.542193525547351
0.312479839288729 0.0012910473573052661 0.09181320547134132	0.0012910473573183841 0.31995552200031996 -0.012882203540417657	-0.09181320547132443 0.012882203540427468 0.5421935255472117
0.31247983928868306 0.001291047357241338 0.09181320547132489	0.0012910473572495724 0.3199555220003217 -0.012882203540439147	-0.09181320547130786 0.012882203540438529 0.5421935255472088
0.3124798392886585 0.0012910473572104132 0.09181320547131969	0.0012910473571941016 0.3199555220003696 -0.012882203540440236	-0.09181320547131099 0.012882203540448708 0.5421935255471817
0.31247983928868883 0.001291047357256372 0.09181320547134306	0.0012910473572480645 0.3199555220003264 -0.012882203540438238	-0.09181320547131877 0.012882203540421217 0.5421935255472152
0.31247983928861817 0.001291047357243595 0.09181320547130538	0.0012910473572661698 0.3199555220003339 -0.012882203540415797	-0.0918132054713115 0.012882203540441055 0.542193525547253
0.31247983928872847 0.0012910473572677978 0.09181320547134159	0.001291047357261997 0.31995552200035027 -0.012882203540433262	-0.09181320547130381 0.012882203540414257 0.5421935255472917
0.31247983928851053 0.0012910473572038048 0.0918132054713001	0.0012910473571950973 0.31995552200024086 -0.012882203540432693	-0.09181320547130396 0.01288220354045444 0.5421935255472915
0.31247983928877765 0.00129104735721696 0.09181320547134542	0.0012910473572009516 0.31995552200054644 -0.012882203540435753	-0.09181320547129251 0.01288220354041434 0.5421935255473596
0.31247983928866835 0.0012910473571916808 0.09181320547133556	0.0012910473571660138 0.3199555220004078 -0.012882203540456258	-0.09181320547129583 0.012882203540427684 0.5421935255473268
0.3124798392885716 0.0012910473571864506 0.09181320547127414	0.0012910473571894937 0.319955522000334 -0.012882203540444767	-0.09181320547128413 0.012882203540469123 0.542193525547148
0.31247983928857415 0.001291047357200946 0.09181320547132135	0.0012910473571910068 0.3199555220002889 -0.012882203540488468	-0.09181320547129324 0.012882203540462607 0.5421935255471364
0.3124798392885769 0.001291047357269337 0.09181320547128895	0.0012910473573047817 0.3199555220001899 -0.012882203540422035	-0.09181320547129171 0.012882203540454482 0.5421935255472246
0.31247983928875 0.0012910473571785732 0.091813205471333	0.0012910473571486857 0.3199555220005642 -0.01288220354044594	-0.09181320547129682 0.012882203540427253 0.5421935255473832
0.31247983928859235 0.001291047357185788 0.09181320547130908	0.0012910473571872806 0.31995552200035143 -0.012882203540428197	-0.09181320547129412 0.012882203540444434 0.5421935255473117
0.31247983928865797 0.001291047357292119 0.09181320547133312	0.001291047357300817 0.3199555220002082 -0.012882203540435316	-0.09181320547131665 0.012882203540433443 0.5421935255472535
0.3124798392886856 0.0012910473572671777 0.09181320547131261	0.0012910473572828973 0.319955522000324 -0.012882203540437419	-0.09181320547130374 0.012882203540441388 0.5421935255472417
0.3124798392887172 0.001291047357226978 0.09181320547132797	0.0012910473572084157 0.31995552200046273 -0.012882203540446321	-0.09181320547131648 0.01288220354044807 0.5421935255471195
0.31247983928862944 0.001291047357240358 0.0918132054713328	0.0012910473572341182 0.31995552200022215 -0.012882203540441825	-0.09181320547131022 0.012882203540432027 0.5421935255472689
0.31247983928862166 0.001291047357214132 0.09181320547131763	0.001291047357229575 0.3199555220003186 -0.01288220354043114	-0.09181320547131547 0.01288220354044975 0.5421935255472095
0.3124798392888034 0.001291047357281673 0.0918132054713478	0.001291047357281072 0.31995552200045785 -0.012882203540429502	-0.09181320547131094 0.012882203540419385 0.5421935255472378
0.3124798392886348 0.0012910473572666174 0.09181320547130485	0.001291047357252348 0.3199555220002681 -0.012882203540438647	-0.0918132054713152 0.012882203540446426 0.5421935255473243
0.3124798392887258 0.0012910473572685446 0.0918132054713405	0.0012910473572629137 0.3199555220003486 -0.01288220354043905	-0.09181320547130267 0.012882203540418906 0.5421935255472835
0.3124798392884992 0.001291047357174951 0.09181320547129863	0.001291047357204506 0.3199555220002947 -0.012882203540424741	-0.09181320547129855 0.012882203540461754 0.5421935255472161
0.3124798392885353 0.0012910473571705779 0.09181320547130044	0.0012910473571672845 0.3199555220003428 -0.012882203540433873	-0.09181320547129439 0.012882203540459138 0.542193525547176
0.31247983928871487 0.0012910473571956494 0.09181320547132946	0.001291047357185669 0.3199555220005096 -0.01288220354044537	-0.09181320547129448 0.012882203540428946 0.5421935255472837
0.31247983928857587 0.0012910473572682463 0.09181320547128896	0.0012910473573058356 0.31995552200019645 -0.012882203540414056	-0.09181320547129186 0.012882203540446606 0.5421935255472294
0.31247983928860096 0.0012910473571889859 0.09181320547132732	0.0012910473571589847 0.3199555220003608 -0.012882203540469914	-0.0918132054712995 0.01288220354044136 0.5421935255472502
0.3124798392886247 0.001291047357203045 0.09181320547128778	0.0012910473572118907 0.31995552200035954 -0.012882203540424922	-0.09181320547128749 0.012882203540440548 0.5421935255472942
0.3124798392887001 0.0012910473572418845 0.09181320547133673	0.00129104735723994 0.3199555220004067 -0.012882203540426948	-0.09181320547130396 0.012882203540424936 0.5421935255473243
0.3124798392885542 0.001291047357207309 0.09181320547130568	0.0012910473572289999 0.31995552200030397 -0.012882203540430286	-0.09181320547129124 0.01288220354044605 0.5421935255472166
0.31247983928864204 0.0012910473572094938 0.09181320547132094	0.0012910473571857146 0.3199555220003608 -0.012882203540449888	-0.09181320547131012 0.012882203540439507 0.542193525547175
0.3124798392886198 0.0012910473572749059 0.09181320547132092	0.0012910473572734912 0.31995552200024013 -0.012882203540430577	-0.09181320547130772 0.012882203540423756 0.5421935255473034
0.3124798392886895 0.0012910473572233703 0.09181320547132925	0.0012910473572361838 0.3199555220004196 -0.012882203540419926	-0.09181320547132471 0.012882203540434574 0.5421935255471713
0.3124798392887317 0.0012910473572746578 0.09181320547134043	0.0012910473572770005 0.31995552200037286 -0.01288220354042239	-0.09181320547130505 0.012882203540416665 0.5421935255472914
0.3124798392886284 0.001291047357235127 0.09181320547132038	0.0012910473572151208 0.3199555220002648 -0.01288220354043531	-0.09181320547132044 0.012882203540441346 0.5421935255473004
0.3124798392887931 0.001291047357290652 0.09181320547134744	0.0012910473572890586 0.31995552200046784 -0.012882203540421043	-0.09181320547131114 0.01288220354041212 0.5421935255472391
0.31247983928862605 0.0012910473572371804 0.09181320547130654	0.001291047357260266 0.31995552200033217 -0.012882203540413834	-0.09181320547131275 0.01288220354043896 0.5421935255472573
0.3124798392886142 0.0012910473572450782 0.09181320547133495	0.0012910473572312325 0.3199555220002225 -0.012882203540445447	-0.0918132054713105 0.012882203540417178 0.5421935255472727
0.31247983928868084 0.0012910473572385014 0.0918132054713256	0.001291047357238984 0.3199555220003024 -0.012882203540455474	-0.09181320547130625 0.01288220354044007 0.5421935255472063
0.31247983928854506 0.0012910473572543225 0.09181320547131132	0.0012910473572845674 0.31995552200019284 -0.012882203540421779	-0.09181320547129955 0.012882203540453947 0.5421935255472535
0.3124798392887571 0.0012910473571704447 0.09181320547133373	0.0012910473571412064 0.3199555220005576 -0.012882203540448958	-0.0918132054712971 0.012882203540428905 0.5421935255473784
0.31247983928862366 0.0012910473572077105 0.09181320547128458	0.0012910473572169756 0.31995552200035804 -0.012882203540434005	-0.09181320547128391 0.012882203540448903 0.5421935255472874
0.3124798392885564 0.0012910473572473632 0.09181320547132774	0.0012910473572451198 0.319955522000185 -0.012882203540471954	-0.09181320547130269 0.012882203540460518 0.5421935255471803
0.3124798392885926 0.0012910473572222679 0.09181320547128063	0.0012910473572504914 0.3199555220002909 -0.012882203540443622	-0.0918132054712806 0.012882203540461226 0.5421935255471755
0.3124798392887022 0.0012910473571540403 0.09181320547132363	0.0012910473571192882 0.31995552200054 -0.01288220354046167	-0.09181320547129719 0.012882203540450984 0.5421935255472399
0.31247983928850676 0.0012910473572067937 0.09181320547131074	0.001291047357212213 0.3199555220001983 -0.012882203540439736	-0.09181320547129193 0.01288220354044601 0.5421935255472594
0.3124798392886183 0.0012910473572075214 0.09181320547131963	0.0012910473572154222 0.3199555220002988 -0.012882203540441728	-0.09181320547131445 0.012882203540447168 0.5421935255472121
0.3124798392887361 0.0012910473573011605 0.09181320547132532	0.0012910473573101945 0.31995552200036836 -0.012882203540425213	-0.09181320547129905 0.01288220354042622 0.542193525547316
0.3124798392887004 0.0012910473572478477 0.09181320547132796	0.0012910473572252156 0.3199555220003492 -0.012882203540447217	-0.09181320547132651 0.012882203540444115 0.5421935255472394
0.3124798392887465 0.0012910473572699272 0.09181320547133975	0.0012910473572717257 0.3199555220003585 -0.012882203540431292	-0.09181320547130443 0.012882203540427094 0.5421935255472896
0.3124798392886323 0.0012910473572102523 0.09181320547131834	0.0012910473572257282 0.31995552200031346 -0.012882203540432312	-0.09181320547131656 0.012882203540452865 0.5421935255472092
0.3124798392886932 0.0012910473572550932 0.09181320547134147	0.001291047357245517 0.31995552200031707 -0.012882203540445461	-0.09181320547131779 0.012882203540428287 0.5421935255472151
0.3124798392886545 0.0012910473572401776 0.09181320547130471	0.001291047357230647 0.3199555220003724 -0.012882203540443518	-0.09181320547130506 0.01288220354045401 0.542193525547201
0.31247983928865697 0.0012910473573227 0.0918132054713193	0.001291047357345055 0.31995552200023564 -0.012882203540408026	-0.09181320547131291 0.012882203540427184 0.5421935255472983
0.3124798392886967 0.001291047357227973 0.09181320547133257	0.0012910473572088853 0.3199555220003809 -0.012882203540434692	-0.09181320547131262 0.012882203540415312 0.5421935255473215
0.31247983928858253 0.0012910473571921904 0.09181320547131137	0.001291047357193713 0.31995552200036903 -0.012882203540420085	-0.09181320547129625 0.012882203540434817 0.542193525547318
0.3124798392886978 0.0012910473572415124 0.0918132054713374	0.0012910473572398094 0.3199555220004087 -0.01288220354042436	-0.09181320547130423 0.012882203540422209 0.5421935255473314
0.3124798392885927 0.001291047357220779 0.09181320547128191	0.0012910473572493933 0.3199555220002995 -0.012882203540431285	-0.09181320547128195 0.01288220354044927 0.5421935255471844
0.31247983928854295 0.001291047357172042 0.09181320547131562	0.0012910473571368895 0.31995552200034794 -0.012882203540481398	-0.0918132054712961 0.012882203540461809 0.5421935255471126
0.31247983928853496 0.001291047357221558 0.09181320547129038	0.0012910473572361495 0.3199555220002044 -0.012882203540433297	-0.09181320547128652 0.012882203540437669 0.5421935255472418
0.31247983928865564 0.00129104735716286 0.09181320547132281	0.0012910473571606804 0.31995552200050764 -0.012882203540428717	-0.09181320547130285 0.012882203540433186 0.5421935255472891
0.31247983928861656 0.0012910473572327942 0.09181320547132103	0.0012910473572480172 0.31995552200034166 -0.012882203540414035	-0.09181320547128885 0.01288220354042783 0.5421935255472954
0.3124798392886202 0.0012910473572395787 0.09181320547132227	0.001291047357212952 0.3199555220002585 -0.012882203540445024	-0.09181320547132095 0.012882203540431222 0.5421935255472926
0.3124798392887344 0.0012910473572984764 0.09181320547132754	0.001291047357306693 0.3199555220003765 -0.01288220354041443	-0.09181320547130126 0.012882203540415256 0.5421935255473296
0.3124798392886795 0.0012910473572302012 0.0918132054713281	0.001291047357242274 0.3199555220004251 -0.012882203540417927	-0.0918132054713231 0.012882203540433457 0.5421935255471713
0.31247983928862355 0.0012910473572436856 0.09181320547133448	0.0012910473572369696 0.31995552200023164 -0.012882203540433575	-0.0918132054713119 0.012882203540423229 0.5421935255472712
0.31247983928864925 0.001291047357214112 0.09181320547132085	0.0012910473571978403 0.31995552200038024 -0.012882203540437426	-0.091813205471312 0.012882203540444448 0.5421935255471844
0.31247983928874323 0.001291047357255803 0.09181320547133554	0.0012910473572609492 0.3199555220004232 -0.012882203540433554	-0.09181320547131609 0.012882203540427135 0.5421935255471629
0.3124798392887755 0.0012910473572440313 0.09181320547133703	0.0012910473572298343 0.3199555220004781 -0.012882203540436704	-0.09181320547131636 0.01288220354042955 0.5421935255472641
0.3124798392887155 0.0012910473572515522 0.09181320547131576	0.0012910473572469274 0.31995552200038446 -0.012882203540432242	-0.09181320547130653 0.01288220354043338 0.5421935255473447
0.3124798392886624 0.0012910473572908159 0.09181320547133281	0.0012910473573001149 0.31995552200020505 -0.012882203540438848	-0.09181320547131594 0.012882203540437238 0.542193525547251
0.31247983928857015 0.0012910473571997897 0.0918132054713055	0.0012910473572211394 0.3199555220002873 -0.012882203540441332	-0.09181320547129117 0.012882203540458596 0.5421935255472077
0.3124798392886938 0.0012910473571598443 0.0918132054713205	0.0012910473571250154 0.3199555220005416 -0.012882203540462045	-0.09181320547129466 0.0128822035404531 0.542193525547234
0.3124798392885426 0.0012910473572201372 0.09181320547128706	0.0012910473572326875 0.31995552200019156 -0.012882203540445239	-0.09181320547128345 0.012882203540449243 0.5421935255472359
0.3124798392885193 0.0012910473571703203 0.09181320547131641	0.001291047357167516 0.3199555220002843 -0.012882203540478025	-0.09181320547130059 0.012882203540472856 0.5421935255471363
0.3124798392886559 0.0012910473572461546 0.09181320547129561	0.0012910473572681053 0.31995552200032423 -0.012882203540430043	-0.09181320547127843 0.012882203540444413 0.5421935255472556
0.31247983928867207 0.0012910473571836481 0.09181320547132157	0.0012910473571444763 0.31995552200043187 -0.012882203540459262	-0.09181320547130581 0.012882203540446106 0.5421935255473548
0.3124798392886164 0.0012910473572328948 0.0918132054713181	0.0012910473572487623 0.31995552200033284 -0.012882203540427427	-0.09181320547128559 0.012882203540440375 0.5421935255472794
0.31247983928861284 0.0012910473572065565 0.09181320547131913	0.0012910473572155978 0.31995552200029903 -0.012882203540443525	-0.09181320547131423 0.012882203540447855 0.5421935255472118
0.3124798392886262 0.0012910473572727245 0.0918132054713184	0.0012910473572728056 0.3199555220002309 -0.012882203540441506	-0.09181320547130548 0.012882203540433838 0.5421935255472923
0.3124798392887236 0.0012910473572189138 0.09181320547132803	0.0012910473572003353 0.3199555220004542 -0.012882203540450061	-0.091813205471317 0.012882203540450547 0.5421935255471212
0.3124798392886833 0.001291047357244458 0.09181320547132335	0.001291047357252476 0.31995552200031774 -0.012882203540448355	-0.09181320547130653 0.012882203540446162 0.5421935255472056
0.3124798392886674 0.0012910473572880525 0.0918132054713316	0.0012910473573043667 0.31995552200021365 -0.012882203540427704	-0.09181320547131742 0.01288220354044356 0.5421935255472491
0.3124798392887131 0.0012910473572281742 0.0918132054713312	0.0012910473572170524 0.3199555220003917 -0.012882203540423992	-0.0918132054713138 0.012882203540422417 0.5421935255473281
0.31247983928872675 0.0012910473573054249 0.09181320547134186	0.0012910473573199662 0.3199555220003274 -0.01288220354041307	-0.09181320547132459 0.012882203540422549 0.5421935255472105
0.31247983928867573 0.0012910473572762945 0.09181320547131254	0.0012910473572908627 0.3199555220003414 -0.012882203540426837	-0.09181320547130417 0.012882203540430508 0.5421935255472532
0.31247983928864437 0.0012910473572080331 0.09181320547132131	0.0012910473571842427 0.3199555220003599 -0.01288220354044739	-0.09181320547131087 0.012882203540438217 0.5421935255471779
0.312479839288501 0.0012910473572090827 0.09181320547131387	0.0012910473572148615 0.319955522000211 -0.012882203540428107	-0.09181320547129507 0.012882203540434317 0.5421935255472713
0.3124798392886626 0.0012910473571564104 0.0918132054713246	0.0012910473571550157 0.3199555220005038 -0.012882203540428475	-0.09181320547130453 0.012882203540431195 0.5421935255472913
0.31247983928863904 0.001291047357255323 0.09181320547129684	0.001291047357277819 0.31995552200034694 -0.012882203540416783	-0.09181320547127944 0.012882203540430306 0.5421935255472613
0.3124798392885158 0.0012910473571977636 0.09181320547131624	0.0012910473571562794 0.3199555220002379 -0.012882203540479163	-0.09181320547130759 0.012882203540454898 0.5421935255472291
0.3124798392886404 0.0012910473572560087 0.09181320547129687	0.0012910473572784156 0.31995552200034716 -0.012882203540416734	-0.09181320547127943 0.0128822035404303 0.5421935255472626
0.3124798392886616 0.0012910473571565466 0.09181320547132427	0.0012910473571552195 0.31995552200050403 -0.0128822035404286	-0.09181320547130414 0.012882203540431285 0.542193525547289
0.3124798392885026 0.001291047357209421 0.09181320547131405	0.0012910473572151472 0.31995552200021155 -0.012882203540428044	-0.09181320547129505 0.012882203540434276 0.542193525547273
0.31247983928864476 0.0012910473572079473 0.09181320547132148	0.0012910473571844032 0.31995552200035976 -0.012882203540447418	-0.09181320547131089 0.012882203540438335 0.5421935255471769
0.31247983928867523 0.001291047357276766 0.09181320547131255	0.0012910473572913003 0.3199555220003403 -0.012882203540426823	-0.09181320547130402 0.012882203540430591 0.5421935255472524
0.3124798392887249 0.0012910473573053615 0.09181320547134182	0.0012910473573200139 0.31995552200032606 -0.01288220354041298	-0.09181320547132485 0.012882203540422549 0.5421935255472117
0.31247983928871365 0.001291047357227862 0.09181320547133104	0.001291047357216758 0.3199555220003915 -0.012882203540424117	-0.09181320547131372 0.012882203540422459 0.542193525547325
0.31247983928866596 0.001291047357288343 0.09181320547133155	0.0012910473573045813 0.3199555220002136 -0.012882203540427573	-0.09181320547131726 0.012882203540443407 0.542193525547252
0.3124798392886828 0.001291047357244746 0.0918132054713236	0.0012910473572526797 0.31995552200031796 -0.012882203540448278	-0.09181320547130668 0.012882203540446106 0.5421935255472038
0.31247983928872314 0.0012910473572182906 0.09181320547132817	0.001291047357199683 0.31995552200045496 -0.012882203540450034	-0.09181320547131712 0.012882203540450422 0.5421935255471234
0.31247983928862666 0.0012910473572725952 0.09181320547131822	0.0012910473572727691 0.31995552200023175 -0.012882203540441506	-0.09181320547130524 0.012882203540433748 0.5421935255472928
0.31247983928861317 0.0012910473572076437 0.0918132054713193	0.0012910473572166487 0.3199555220002979 -0.01288220354044367	-0.09181320547131441 0.012882203540448008 0.5421935255472105
0.3124798392886168 0.0012910473572329355 0.09181320547131848	0.0012910473572486326 0.3199555220003333 -0.01288220354042726	-0.09181320547128587 0.012882203540440278 0.5421935255472817
0.3124798392886714 0.0012910473571844864 0.09181320547132135	0.001291047357145067 0.31995552200043154 -0.012882203540459512	-0.09181320547130556 0.012882203540446453 0.5421935255473512
0.3124798392886559 0.001291047357245825 0.09181320547129553	0.0012910473572678135 0.3199555220003253 -0.01288220354042948	-0.09181320547127844 0.012882203540443955 0.5421935255472585
0.31247983928851986 0.0012910473571709187 0.09181320547131619	0.0012910473571681536 0.3199555220002845 -0.012882203540478282	-0.0918132054713003 0.012882203540472995 0.5421935255471345
0.3124798392885415 0.0012910473572193618 0.09181320547128684	0.001291047357231818 0.3199555220001925 -0.012882203540445405	-0.09181320547128333 0.012882203540449243 0.5421935255472363
0.3124798392886946 0.0012910473571597406 0.09181320547132076	0.0012910473571247898 0.319955522000542 -0.012882203540461858	-0.091813205471295 0.012882203540452893 0.5421935255472355
0.3124798392885699 0.0012910473571997368 0.09181320547130545	0.0012910473572211685 0.3199555220002874 -0.012882203540441402	-0.09181320547129129 0.012882203540458811 0.5421935255472052
0.31247983928865963 0.001291047357290822 0.0918132054713326	0.0012910473573001353 0.319955522000204 -0.012882203540438543	-0.09181320547131597 0.012882203540437002 0.542193525547252
0.3124798392887148 0.0012910473572515947 0.09181320547131583	0.001291047357246982 0.31995552200038413 -0.012882203540432471	-0.09181320547130643 0.012882203540433707 0.5421935255473436
0.31247983928877554 0.001291047357243653 0.09181320547133673	0.0012910473572294925 0.3199555220004784 -0.012882203540436475	-0.09181320547131626 0.012882203540429377 0.542193525547263
0.3124798392887428 0.0012910473572560772 0.09181320547133551	0.001291047357261002 0.31995552200042243 -0.012882203540433727	-0.09181320547131597 0.012882203540427094 0.5421935255471629
0.31247983928865075 0.001291047357214272 0.09181320547132112	0.0012910473571980541 0.31995552200037997 -0.012882203540437592	-0.09181320547131194 0.012882203540444517 0.5421935255471826
0.3124798392886246 0.0012910473572435143 0.09181320547133454	0.0012910473572368105 0.3199555220002311 -0.012882203540433852	-0.09181320547131193 0.012882203540423659 0.5421935255472725
0.312479839288679 0.0012910473572294561 0.09181320547132786	0.0012910473572417184 0.3199555220004256 -0.012882203540417997	-0.09181320547132288 0.012882203540433582 0.5421935255471705
0.31247983928873474 0.001291047357299222 0.09181320547132804	0.0012910473573072294 0.3199555220003757 -0.012882203540414285	-0.09181320547130153 0.012882203540415027 0.5421935255473289
0.31247983928862166 0.0012910473572392339 0.0918132054713222	0.001291047357212503 0.3199555220002587 -0.012882203540444774	-0.09181320547132087 0.01288220354043116 0.5421935255472935
0.31247983928861506 0.0012910473572327664 0.09181320547132053	0.0012910473572478698 0.31995552200034094 -0.012882203540414236	-0.09181320547128848 0.012882203540428114 0.5421935255472929
0.31247983928865686 0.0012910473571627282 0.09181320547132257	0.0012910473571607112 0.3199555220005077 -0.012882203540428544	-0.09181320547130267 0.012882203540432915 0.542193525547292
0.3124798392885352 0.001291047357221407 0.09181320547129017	0.0012910473572362107 0.31995552200020394 -0.012882203540433505	-0.09181320547128634 0.0128822035404378 0.5421935255472403
0.3124798392885429 0.0012910473571714088 0.0918132054713156	0.0012910473571361002 0.3199555220003493 -0.012882203540481536	-0.09181320547129611 0.012882203540461823 0.5421935255471138
0.3124798392885937 0.0012910473572206316 0.09181320547128236	0.0012910473572493083 0.31995552200029964 -0.012882203540431222	-0.09181320547128233 0.012882203540449326 0.5421935255471849
0.3124798392886983 0.001291047357241166 0.09181320547133723	0.0012910473572394503 0.3199555220004089 -0.012882203540424735	-0.09181320547130405 0.012882203540422563 0.5421935255473295
0.3124798392885826 0.0012910473571919913 0.09181320547131125	0.0012910473571937026 0.3199555220003695 -0.012882203540419815	-0.09181320547129616 0.012882203540434498 0.5421935255473211
0.3124798392886972 0.0012910473572282036 0.09181320547133265	0.0012910473572090748 0.31995552200038013 -0.012882203540434886	-0.09181320547131278 0.012882203540415416 0.5421935255473186
0.3124798392886552 0.001291047357322672 0.09181320547131952	0.0012910473573449952 0.31995552200023364 -0.012882203540407922	-0.09181320547131296 0.012882203540427156 0.5421935255472985
0.31247983928865336 0.0012910473572399469 0.09181320547130468	0.0012910473572304336 0.31995552200037153 -0.012882203540443539	-0.09181320547130499 0.012882203540454044 0.5421935255471998
0.31247983928869427 0.0012910473572548065 0.0918132054713416	0.0012910473572453258 0.31995552200031796 -0.012882203540445308	-0.09181320547131798 0.01288220354042819 0.5421935255472161
0.31247983928863077 0.0012910473572095129 0.09181320547131855	0.0012910473572248643 0.3199555220003128 -0.012882203540432277	-0.09181320547131652 0.012882203540452726 0.5421935255472106
0.3124798392887453 0.001291047357269791 0.09181320547133948	0.0012910473572716598 0.3199555220003583 -0.012882203540431465	-0.0918132054713042 0.012882203540427052 0.542193525547287
0.3124798392887008 0.0012910473572478659 0.0918132054713283	0.0012910473572251327 0.3199555220003491 -0.012882203540446904	-0.09181320547132672 0.012882203540443844 0.5421935255472419
0.312479839288736 0.0012910473573005746 0.09181320547132497	0.0012910473573097027 0.3199555220003685 -0.012882203540425179	-0.09181320547129877 0.012882203540426185 0.5421935255473141
0.31247983928861817 0.0012910473572077122 0.0918132054713193	0.001291047357215449 0.31995552200029886 -0.012882203540441735	-0.09181320547131419 0.012882203540447182 0.5421935255472126
0.3124798392885067 0.001291047357207322 0.0918132054713108	0.0012910473572128323 0.31995552200019767 -0.012882203540439632	-0.09181320547129204 0.012882203540445968 0.5421935255472593
0.31247983928869993 0.0012910473571538933 0.09181320547132366	0.0012910473571189612 0.31995552200053956 -0.012882203540461733	-0.09181320547129702 0.012882203540451095 0.5421935255472372
0.3124798392885939 0.0012910473572222917 0.09181320547128063	0.0012910473572502771 0.31995552200029187 -0.01288220354044338	-0.09181320547128081 0.01288220354046083 0.5421935255471784
0.3124798392885576 0.0012910473572482492 0.09181320547132801	0.001291047357245979 0.31995552200018473 -0.012882203540471822	-0.09181320547130306 0.012882203540460657 0.5421935255471787
0.3124798392886233 0.0012910473572080913 0.0918132054712844	0.001291047357217447 0.31995552200035715 -0.012882203540433852	-0.09181320547128391 0.012882203540448861 0.5421935255472867
0.312479839288755 0.0012910473571704035 0.09181320547133368	0.001291047357141003 0.31995552200055716 -0.012882203540448743	-0.09181320547129715 0.012882203540428877 0.5421935255473798
0.31247983928854517 0.0012910473572545081 0.09181320547131146	0.0012910473572845973 0.3199555220001918 -0.0128822035404218	-0.09181320547129958 0.012882203540453802 0.5421935255472503
0.3124798392886805 0.0012910473572389945 0.09181320547132563	0.0012910473572393475 0.31995552200030203 -0.01288220354045519	-0.09181320547130631 0.012882203540439834 0.5421935255472086
0.3124798392886141 0.0012910473572453922 0.09181320547133476	0.001291047357231426 0.3199555220002221 -0.012882203540445648	-0.09181320547131026 0.012882203540417435 0.5421935255472701
0.312479839288625 0.0012910473572371305 0.09181320547130677	0.0012910473572601538 0.31995552200033095 -0.012882203540413625	-0.09181320547131283 0.012882203540438737 0.5421935255472581
0.31247983928879286 0.001291047357290305 0.0918132054713473	0.001291047357288722 0.31995552200046834 -0.01288220354042107	-0.09181320547131083 0.012882203540412258 0.5421935255472387
0.31247983928862744 0.0012910473572354756 0.09181320547132027	0.0012910473572154487 0.3199555220002637 -0.012882203540435289	-0.09181320547132037 0.012882203540441305 0.5421935255472989
0.3124798392887324 0.0012910473572747567 0.09181320547134059	0.001291047357276998 0.3199555220003728 -0.012882203540422278	-0.09181320547130543 0.012882203540416706 0.5421935255472925
0.3124798392886881 0.0012910473572233967 0.09181320547132896	0.0012910473572361426 0.319955522000419 -0.01288220354042035	-0.09181320547132443 0.012882203540434983 0.5421935255471684
0.3124798392886176 0.0012910473572741096 0.09181320547132062	0.001291047357272923 0.3199555220002397 -0.012882203540430619	-0.09181320547130745 0.012882203540423937 0.5421935255473054
0.3124798392886437 0.0012910473572105554 0.09181320547132131	0.001291047357186615 0.31995552200036015 -0.012882203540449659	-0.0918132054713104 0.01288220354043957 0.5421935255471746
0.31247983928855305 0.0012910473572072833 0.09181320547130571	0.0012910473572288104 0.3199555220003035 -0.012882203540430577	-0.09181320547129126 0.012882203540446294 0.542193525547215
0.3124798392886986 0.0012910473572410289 0.0918132054713368	0.0012910473572390695 0.3199555220004071 -0.012882203540426858	-0.09181320547130419 0.012882203540424991 0.5421935255473264
0.3124798392886255 0.001291047357203702 0.09181320547128792	0.001291047357212592 0.3199555220003601 -0.012882203540424894	-0.09181320547128756 0.01288220354044075 0.5421935255472917
0.3124798392885999 0.0012910473571891845 0.0918132054713272	0.001291047357159055 0.3199555220003606 -0.01288220354046981	-0.09181320547129927 0.012882203540441145 0.5421935255472528
0.3124798392885753 0.0012910473572685655 0.09181320547128868	0.0012910473573060533 0.3199555220001969 -0.01288220354041418	-0.09181320547129201 0.012882203540446904 0.5421935255472289
0.31247983928871537 0.0012910473571955587 0.09181320547132962	0.0012910473571854488 0.31995552200050986 -0.012882203540445461	-0.09181320547129473 0.012882203540429168 0.5421935255472837
0.31247983928853373 0.0012910473571705475 0.09181320547130034	0.0012910473571673227 0.3199555220003418 -0.012882203540433984	-0.09181320547129451 0.012882203540459207 0.5421935255471777
0.31247983928849976 0.0012910473571749168 0.09181320547129829	0.0012910473572044076 0.31995552200029476 -0.01288220354042495	-0.09181320547129837 0.012882203540462017 0.5421935255472135
0.3124798392887286 0.0012910473572690928 0.09181320547134068	0.0012910473572633977 0.31995552200034844 -0.012882203540438598	-0.09181320547130285 0.012882203540418462 0.5421935255472861
0.31247983928863354 0.0012910473572661863 0.09181320547130477	0.001291047357251894 0.31995552200026767 -0.012882203540438737	-0.09181320547131502 0.012882203540446599 0.5421935255473218
0.3124798392888027 0.0012910473572820616 0.09181320547134811	0.0012910473572815264 0.31995552200045646 -0.012882203540429238	-0.09181320547131104 0.012882203540419149 0.5421935255472391
0.3124798392886231 0.0012910473572137673 0.09181320547131792	0.0012910473572290589 0.3199555220003191 -0.01288220354043089	-0.09181320547131566 0.012882203540449617 0.5421935255472102
0.31247983928862816 0.0012910473572401299 0.09181320547133263	0.001291047357233792 0.3199555220002218 -0.012882203540442123	-0.09181320547130996 0.012882203540432166 0.5421935255472674
0.3124798392887171 0.0012910473572263987 0.0918132054713279	0.001291047357207903 0.31995552200046284 -0.01288220354044619	-0.09181320547131648 0.012882203540448042 0.5421935255471217
0.3124798392886856 0.001291047357267267 0.09181320547131284	0.0012910473572829402 0.3199555220003232 -0.012882203540437447	-0.09181320547130394 0.012882203540441381 0.5421935255472392
0.3124798392886553 0.0012910473572912656 0.09181320547133315	0.001291047357300088 0.3199555220002066 -0.012882203540434914	-0.09181320547131669 0.012882203540433172 0.5421935255472542
0.31247983928859274 0.0012910473571859501 0.09181320547130917	0.0012910473571876363 0.3199555220003512 -0.012882203540428114	-0.09181320547129393 0.012882203540444365 0.5421935255473131
0.3124798392887501 0.0012910473571783989 0.09181320547133288	0.0012910473571485339 0.3199555220005642 -0.012882203540445898	-0.09181320547129679 0.012882203540427198 0.5421935255473814
0.3124798392885766 0.0012910473572694545 0.09181320547128889	0.0012910473573048455 0.3199555220001894 -0.012882203540421786	-0.09181320547129165 0.012882203540454322 0.5421935255472278
0.3124798392885757 0.0012910473572008666 0.09181320547132134	0.0012910473571908806 0.31995552200029015 -0.012882203540488399	-0.09181320547129325 0.012882203540462524 0.542193525547136
0.31247983928857487 0.0012910473571863656 0.09181320547127425	0.001291047357189744 0.31995552200033517 -0.012882203540444857	-0.09181320547128453 0.012882203540469199 0.5421935255471492
0.31247983928866563 0.0012910473571916552 0.09181320547133535	0.00129104735716616 0.3199555220004064 -0.012882203540456078	-0.09181320547129562 0.012882203540427448 0.5421935255473267
0.31247983928877787 0.001291047357216987 0.09181320547134535	0.0012910473572009 0.31995552200054633 -0.0128822035404359	-0.09181320547129242 0.012882203540414236 0.5421935255473582
0.31247983928850964 0.0012910473572034873 0.0918132054713004	0.0012910473571948146 0.31995552200024036 -0.01288220354043259	-0.09181320547130409 0.012882203540454287 0.5421935255472925
0.3124798392887272 0.0012910473572676781 0.09181320547134152	0.001291047357261742 0.31995552200035 -0.012882203540433554	-0.09181320547130366 0.01288220354041441 0.5421935255472888
0.31247983928861933 0.0012910473572435481 0.09181320547130539	0.0012910473572659122 0.3199555220003349 -0.01288220354041588	-0.09181320547131151 0.012882203540441187 0.5421935255472552
0.31247983928868867 0.0012910473572559024 0.09181320547134308	0.0012910473572474899 0.3199555220003262 -0.012882203540438668	-0.09181320547131862 0.012882203540421501 0.5421935255472135
0.3124798392886575 0.0012910473572098347 0.09181320547131937	0.0012910473571936427 0.3199555220003696 -0.012882203540440305	-0.09181320547131085 0.012882203540448917 0.5421935255471817
0.31247983928868306 0.001291047357241338 0.09181320547132503	0.0012910473572496418 0.3199555220003213 -0.012882203540439084	-0.09181320547130803 0.012882203540438189 0.5421935255472117
0.31247983928872936 0.0012910473573057041 0.09181320547134135	0.0012910473573187562 0.31995552200031924 -0.01288220354041781	-0.09181320547132445 0.012882203540427656 0.5421935255472085
0.3124798392887043 0.0012910473572581623 0.09181320547131712	0.001291047357253532 0.3199555220003962 -0.012882203540423805	-0.091813205471308 0.012882203540425331 0.5421935255473541
0.3124798392887028 0.0012910473572239865 0.09181320547133157	0.001291047357205398 0.3199555220003706 -0.012882203540437884	-0.09181320547131115 0.012882203540419933 0.5421935255473165
0.31247983928854267 0.0012910473572551179 0.09181320547131201	0.0012910473572842838 0.31995552200019634 -0.012882203540413993	-0.09181320547129973 0.012882203540446516 0.5421935255472597
0.3124798392887215 0.0012910473571890648 0.09181320547133046	0.001291047357179399 0.319955522000501 -0.01288220354045009	-0.09181320547129546 0.01288220354043209 0.5421935255472766
0.3124798392885634 0.0012910473571927416 0.0918132054712752	0.0012910473571973386 0.3199555220003462 -0.012882203540440146	-0.09181320547128499 0.012882203540463842 0.5421935255471483
0.312479839288518 0.0012910473572016346 0.09181320547132812	0.001291047357175534 0.31995552200020005 -0.012882203540483146	-0.09181320547129732 0.012882203540443789 0.5421935255472019
0.3124798392885339 0.0012910473571931826 0.09181320547127496	0.001291047357228689 0.31995552200029775 -0.012882203540420127	-0.09181320547128967 0.01288220354045952 0.5421935255471869
0.31247983928854484 0.0012910473572140656 0.09181320547127579	0.0012910473572142235 0.3199555220002333 -0.012882203540440035	-0.09181320547129493 0.012882203540459831 0.542193525547268
0.31247983928877243 0.0012910473572229544 0.09181320547134225	0.0012910473572072057 0.31995552200054767 -0.012882203540438432	-0.09181320547128932 0.012882203540418899 0.5421935255473507
0.31247983928850437 0.0012910473571691563 0.09181320547129952	0.0012910473571989892 0.3199555220002896 -0.012882203540421334	-0.09181320547129962 0.012882203540460449 0.5421935255472176
0.31247983928861534 0.0012910473572439914 0.09181320547133434	0.0012910473572300147 0.31995552200021454 -0.012882203540450776	-0.09181320547130979 0.012882203540422667 0.5421935255472645
0.31247983928865813 0.0012910473572358182 0.09181320547130636	0.0012910473572253032 0.3199555220003716 -0.012882203540439494	-0.09181320547130688 0.012882203540449846 0.5421935255472079
0.31247983928874074 0.0012910473572606352 0.09181320547133368	0.001291047357265246 0.3199555220004211 -0.01288220354043939	-0.09181320547131422 0.012882203540434116 0.5421935255471625
0.3124798392886637 0.0012910473572899195 0.09181320547133195	0.0012910473573058221 0.3199555220002175 -0.01288220354042157	-0.0918132054713178 0.012882203540437974 0.5421935255472538
0.3124798392887117 0.0012910473572294444 0.0918132054713296	0.0012910473572186449 0.31995552200038807 -0.01288220354043107	-0.09181320547131143 0.012882203540428537 0.54219352554732
0.31247983928877676 0.0012910473572385513 0.09181320547133946	0.0012910473572245065 0.3199555220004783 -0.012882203540432673	-0.09181320547131921 0.012882203540424172 0.5421935255472662
0.3124798392886585 0.00129104735732204 0.09181320547131909	0.0012910473573454757 0.3199555220002282 -0.012882203540415499	-0.09181320547131278 0.012882203540433734 0.5421935255472871
0.3124798392886727 0.0012910473572411265 0.09181320547132621	0.0012910473572419773 0.3199555220003073 -0.012882203540450464	-0.09181320547130677 0.012882203540434144 0.5421935255472115
0.31247983928852957 0.0012910473571739207 0.09181320547129786	0.0012910473571708997 0.31995552200034394 -0.012882203540438897	-0.09181320547129247 0.012882203540463315 0.5421935255471698
0.3124798392886634 0.0012910473571914709 0.09181320547133667	0.0012910473571665247 0.3199555220004082 -0.01288220354045299	-0.09181320547129662 0.012882203540424852 0.5421935255473348
0.3124798392885394 0.0012910473571889616 0.09181320547127654	0.0012910473572249753 0.31995552200029126 -0.012882203540422604	-0.09181320547129099 0.012882203540462413 0.5421935255471875
0.31247983928862705 0.0012910473572314484 0.09181320547133609	0.001291047357214423 0.3199555220003386 -0.012882203540470413	-0.09181320547129032 0.012882203540439917 0.5421935255472182
