0.6695691602150806
0.674300358182232
0.6694499659298534
0.6695691611006125
0.6743003591884744
0.6694499642438327
0.6695691606686041
0.6743003582196105
0.6694499649516295
0.6695691581767957
0.6743003551562727
0.6694499697130913
0.669569156029242
0.6743003526070825
0.6694499738819799
0.6695691562873254
0.6743003527042457
0.6694499732866949
0.6695691582770738
0.6743003550267171
0.6694499694838443
0.6695691597750827
0.6743003573727939
0.6694499667296295
0.6695691606609231
0.6743003588102114
0.6694499650885954
0.6695691612279973
0.674300359066178
0.6694499639728799
0.6695691595336895
0.6743003567979445
0.669449967069341
0.6695691568743076
0.6743003536310115
0.6694499722511718
0.669569155878753
0.674300352314994
0.6694499741539586
0.6695691571546594
0.6743003536801687
0.669449971572946
0.669569159198732
0.6743003563341086
0.6694499677905684
0.6695691601820952
0.6743003581485917
0.6694499661787605
0.6695691587618703
0.6743003558937619
0.6694499687246529
0.6695691573791078
0.674300353910385
0.6694499713163085
0.6695691564399028
0.6743003531092518
0.6694499732073513
0.6695691579016854
0.6743003550523996
0.6694499704417884
0.669569160654721
0.6743003583199516
0.6694499651360923
0.6695691619464548
0.6743003600664733
0.6694499627015071
0.6695691609646891
0.6743003591681906
0.6694499646724988
0.6695691594102562
0.674300357001461
0.6694499675712637
0.6695691581022609
0.6743003548466309
0.6694499699284013
0.6695691567517722
0.6743003532575809
0.6694499725822456
0.669569156791562
0.6743003537113264
0.6694499725357441
0.6695691593278412
0.674300356726292
0.6694499677061578
0.6695691616321708
0.6743003595330588
0.669449963283443
0.6695691616127925
0.6743003598720969
0.6694499633649116
0.6695691566681448
0.674300353386922
0.669449972723522
0.6695691573019752
0.6743003537628136
0.6694499714847024
0.6695691583555828
0.6743003553997442
0.6694499695233288
0.6695691597639124
0.6743003576674591
0.6694499669333422
0.6695691617616941
0.6743003599384128
0.6694499631289528
0.6695691618294988
0.6743003598206241
0.6694499628771536
0.669569159537446
0.6743003571090866
0.6694499673249799
0.669569157218949
0.6743003541962432
0.6694499717728142
0.669569156776137
0.6743003532862286
0.6694499724753237
0.6695691578502956
0.6743003545116548
0.669449970448495
0.6695691589326296
0.6743003564376868
0.6694499684731803
0.6695691608517385
0.6743003589670502
0.6694499649022186
0.6695691621104869
0.6743003602496238
0.6694499623657999
0.6695691608941321
0.674300358687395
0.6694499646960845
0.6695691582341168
0.6743003555152624
0.6694499698608564
0.6695691579610835
0.6743003547886198
0.6694499701218835
0.6695691602366667
0.6743003577085644
0.6694499657484684
0.669569160955657
0.6743003590228824
0.6694499645444318
0.6695691604993771
0.6743003585157648
0.6694499653920233
0.6695691595643734
0.6743003568207506
0.6694499670344587
0.669569157458454
0.6743003540530956
0.6694499710759834
0.6695691556998863
0.6743003521775459
0.6694499744556104
0.6695691567037088
0.6743003533428912
0.6694499725465102
0.6695691592791841
0.6743003563788026
0.6694499675921916
0.6695691607883992
0.6743003586122776
0.6694499647603662
0.6695691607830704
0.6743003589416046
0.6694499648945917
0.6695691601479125
0.6743003578217618
0.6694499659894108
0.6695691586656854
0.6743003555240495
0.6694499687515441
0.6695691562755333
0.6743003527762428
0.6694499733251988
0.6695691558992525
0.6743003524101953
0.669449974110071
0.6695691624008191
0.6743003605935227
0.6694499618979837
0.6695691617654465
0.6743003599600993
0.6694499631759097
0.6695691594635675
0.6743003572408841
0.6694499675972937
0.6695691578768221
0.6743003548607879
0.6694499705317642
0.6695691574761033
0.6743003540009737
0.6694499712260622
0.6695691574524423
0.6743003543940731
0.6694499713206248
0.6695691591582826
0.6743003567885287
0.6694499682149171
0.6695691616532382
0.6743003597536863
0.6694499633407973
0.6695691623939877
0.6743003606361887
0.669449961917033
0.6695691607271893
0.6743003587533771
0.6694499652210764
0.6695691584244136
0.6743003558398613
0.6694499695159849
0.6695691576274014
0.6743003542814504
0.6694499709660631
0.6695691573704077
0.6743003540013887
0.6694499714396847
0.669569158046369
0.6743003553515725
0.6694499702728917
0.6695691604530487
0.6743003583668348
0.6694499656971059
0.669569159600591
0.6743003568422413
0.6694499669903221
0.6695691568573298
0.6743003536161766
0.6694499722632129
0.6695691558356986
0.6743003522882391
0.669449974219082
0.6695691572229675
0.6743003537284047
0.6694499714780753
0.6695691591417062
0.6743003562895523
0.6694499678675978
0.6695691602620936
0.6743003582218756
0.669449965867291
0.669569161040527
0.6743003591408658
0.6694499643244662
0.6695691607397293
0.6743003582702752
0.669449964853786
0.6695691581320485
0.6743003551289676
0.6694499697794681
0.6695691560148074
0.6743003525933927
0.6694499738916517
0.6695691563526833
0.6743003527475074
0.6694499732091463
0.6695691582037999
0.6743003549824889
0.6694499695749302
0.6695691598109983
0.6743003573942807
0.669449966684148
0.6695691606841765
0.674300358822495
0.669449965059856
0.6695691611597332
0.6743003590252884
0.6694499640569913
0.6695691566613532
0.6743003531991282
0.6694499726970238
0.6695691568783907
0.6743003537690242
0.6694499724270818
0.6695691593056424
0.6743003567100294
0.6694499677299216
0.66956916157512
0.6743003594957877
0.6694499633625259
0.6695691617055624
0.6743003599352155
0.6694499632407436
0.6695691601061613
0.6743003580937633
0.6694499662792622
0.66956915880784
0.6743003559322032
0.6694499686637169
0.669569157344188
0.6743003538782866
0.6694499713648399
0.6695691564746326
0.6743003531364845
0.6694499731547725
0.6695691578798519
0.67430035504108
0.669449970481756
0.6695691606475965
0.6743003583101395
0.6694499651328356
0.6695691619811017
0.6743003600891422
0.669449962666445
0.6695691609243534
0.6743003591474102
0.6694499647193308
0.6695691594228151
0.6743003570045747
0.6694499675566778
0.6695691581445741
0.6743003548751865
0.6694499698741952
0.6695691589864845
0.67430035647754
0.6694499684029378
0.669569160755118
0.6743003589014613
0.669449965027801
0.6695691622023886
0.6743003603107671
0.6694499622462602
0.6695691608699887
0.6743003586721111
0.6694499647275086
0.6695691581731111
0.6743003554740769
0.6694499699401697
0.6695691567698548
0.6743003534543603
0.6694499725914442
0.6695691572197443
0.674300353706849
0.6694499715914155
0.6695691583923837
0.6743003554301782
0.6694499694746283
0.6695691597607625
0.6743003576568181
0.6694499669413241
0.6695691617538646
0.674300359937481
0.6694499631307442
0.6695691618340379
0.6743003598269355
0.6694499628837921
0.6695691595390656
0.6743003571048891
0.6694499673093011
0.6695691572169145
0.6743003541945397
0.6694499717862455
0.6695691567757134
0.6743003532924826
0.6694499724697822
0.6695691578373159
0.6743003544957225
0.6694499704674046
0.6695691607471078
0.6743003589096881
0.6694499649436622
0.6695691602041567
0.6743003578660411
0.6694499659152452
0.6695691585790058
0.6743003554622637
0.669449968866261
0.669569156356797
0.6743003528304229
0.6694499732153693
0.6695691558778556
0.6743003523988853
0.6694499741436446
0.6695691579061546
0.6743003547502889
0.6694499701877938
0.6695691603295518
0.6743003577684995
0.6694499656313724
0.6695691608819169
0.674300358975859
0.6694499646388727
0.6695691605204824
0.6743003585329059
0.6694499653639927
0.6695691595932207
0.6743003568330965
0.6694499670005595
0.6695691574096171
0.6743003540241973
0.6694499711317938
0.6695691557300303
0.674300352200529
0.6694499744277389
0.6695691567137892
0.6743003533450327
0.6694499725211247
0.6695691592407995
0.6743003563528815
0.6694499676518411
0.6695691608277616
0.6743003586444575
0.6694499647034737
0.6695691584969165
0.6743003558924243
0.6694499694175873
0.6695691575741106
0.6743003542386774
0.6694499710368708
0.6695691574194983
0.6743003540425987
0.6694499713743698
0.6695691579851348
0.6743003553046134
0.6694499703568009
0.6695691605091034
0.674300358404334
0.6694499656160675
0.6695691623856914
0.6743003605879871
0.6694499619279601
0.6695691617266584
0.6743003599316523
0.6694499632169671
0.6695691595314026
0.6743003572829289
0.669449967515457
0.6695691578240026
0.6743003548305254
0.6694499705976078
0.6695691574780656
0.6743003540018941
0.6694499712234951
0.6695691575083161
0.6743003544274049
0.6694499712506459
0.6695691590768849
0.6743003567366586
0.6694499683150709
0.6695691617037579
0.6743003597892404
0.6694499632832993
0.6695691624105876
0.674300360644259
0.6694499618863863
0.6695691606594115
0.6743003587080304
0.6694499653166078
0.6695691562666654
0.6743003526901807
0.6694499733240855
0.669569158297085
0.674300355046498
0.6694499694519276
0.669569159750115
0.6743003573483897
0.6694499667643765
0.6695691607171056
0.6743003588531666
0.669449965014767
0.6695691611343533
0.6743003590011244
0.6694499640956779
0.6695691596223132
0.674300356856973
0.669449966952067
0.6695691568509241
0.6743003536173395
0.6694499722844248
0.6695691558194383
0.674300352274289
0.669449974228233
0.6695691572542266
0.6743003537453268
0.6694499714455864
0.6695691591189579
0.6743003562814149
0.6694499678934087
0.6695691602445724
0.6743003582064163
0.6694499658906261
0.6695691611137475
0.6743003591892853
0.6694499642305498
0.669569160639642
0.674300358204367
0.669449964981045
0.6695691581945258
0.6743003551712503
0.6694499697022296
0.6695691560352184
0.6743003526060279
0.6694499738610216
0.6695691606684672
0.6743003583253104
0.6694499651074586
0.6695691618922339
0.6743003600300944
0.6694499627808237
0.6695691610217741
0.6743003592114576
0.6694499645931091
0.6695691593646829
0.6743003569633381
0.6694499676324959
0.6695691581562122
0.6743003548904114
0.6694499698570704
0.6695691566760551
0.674300353201913
0.6694499726838026
0.669569156861703
0.6743003537581311
0.6694499724382144
0.669569159309267
0.6743003567177316
0.6694499677386583
0.6695691615842178
0.6743003594988746
0.6694499633381286
0.6695691616948389
0.6743003599240873
0.6694499632632156
0.6695691601174018
0.674300358109026
0.6694499662606603
0.6695691587736645
0.6743003559030011
0.6694499687089799
0.6695691574224159
0.6743003539337357
0.6694499712632119
0.6695691563733248
0.6743003530679568
0.669449973287106
0.6695691579429192
0.6743003550823785
0.6694499703981895
0.6695691618873071
0.6743003598604618
0.669449962808274
0.669569159556269
0.67430035711962
0.6694499672936419
0.669569157140385
0.6743003541438192
0.6694499718803597
0.6695691568609912
0.6743003533458964
0.6694499723621259
0.6695691577918257
0.674300354466251
0.669449970525732
0.6695691589745048
0.6743003564743764
0.669449968416789
0.669569160807561
0.6743003589307446
0.6694499649649007
0.6695691621501962
0.6743003602762722
0.669449962304826
0.6695691608830163
0.6743003586850206
0.6694499647222405
0.6695691582059772
0.6743003554935347
0.6694499698864862
0.6695691567188049
0.674300353417072
0.669449972665051
0.6695691572633458
0.6743003537431838
0.669449971531547
0.6695691583476262
0.6743003553923053
0.6694499695339797
0.6695691598299021
0.6743003577093092
0.6694499668495987
0.6695691616690329
0.6743003598783457
0.6694499632452041
0.669569157355411
0.6743003539843286
0.6694499712086694
0.669569155764113
0.6743003522203277
0.6694499743733708
0.6695691567249157
0.6743003533571816
0.6694499725178513
0.6695691591896815
0.6743003563192349
0.6694499677094428
0.6695691608858297
0.6743003586776812
0.6694499646330047
0.66956916072233
0.6743003588971164
0.6694499649743704
0.6695691601706438
0.6743003578451694
0.669449965957614
0.6695691586601195
0.6743003555129858
0.6694499687645571
0.6695691562781063
0.6743003527781501
0.6694499733113046
0.6695691558978358
0.6743003524147302
0.6694499741253492
0.6695691579574206
0.6743003547830639
0.6694499701140932
0.6695691602471604
0.6743003577115214
0.6694499657433812
0.6695691609497751
0.674300359026585
0.6694499645481514
0.6695691604730587
0.6743003584930694
0.6694499654270901
0.6695691596418349
0.6743003568738948
0.6694499669344856
0.669569157527825
0.6743003544493048
0.6694499712217561
0.6695691590632418
0.6743003567233473
0.6694499683410404
0.6695691617125983
0.6743003597918568
0.6694499632595061
0.6695691624133971
0.6743003606514189
0.6694499618960994
0.6695691606427407
0.6743003586973138
0.6694499653276608
0.6695691585177553
0.6743003558998532
0.6694499693964451
0.6695691575743254
0.6743003542451727
0.6694499710346269
0.6695691573702325
0.674300354007497
0.6694499714379774
0.6695691580806947
0.6743003553679676
0.6694499702339483
0.66956916041784
0.6743003583436344
0.6694499657327269
0.669569162409327
0.6743003606040567
0.6694499618997894
0.669569161786898
0.6743003599716805
0.66944996313603
0.6695691594320988
0.6743003572162669
0.669449967646409
0.6695691579049049
0.6743003548872162
0.6694499704916537
0.6695691574356574
0.67430035396664
0.6694499712795325