0.6695795729833248
0.6743086839247217
0.669458926460964
0.6695795737424323
0.6743086839910837
0.669458924713031
0.669579575653686
0.6743086858698231
0.6694589210214237
0.6695795758376485
0.6743086862834471
0.6694589206178428
0.6695795738083308
0.6743086843635225
0.6694589247258327
0.6695795717675199
0.6743086826142439
0.669458928815052
0.6695795716959952
0.6743086829687053
0.6694589290330785
0.6695795727000835
0.6743086839794005
0.6694589271028546
0.6695795732344115
0.6743086837728118
0.6694589258294104
0.669579574635898
0.674308684787646
0.669458922939462
0.6695795761413991
0.6743086864890889
0.6694589200713532
0.6695795750034368
0.6743086854942697
0.6694589223115958
0.6695795725580964
0.6743086832392206
0.6694589271901401
0.6695795715295618
0.6743086825797506
0.6694589293595257
0.6695795721893771
0.6743086835825347
0.6694589280880606
0.6695795748474596
0.6743086850058364
0.6694589224586451
0.6695795744785463
0.6743086846021938
0.6694589231847397
0.6695795741348075
0.6743086849881689
0.6694589240702173
0.6695795723245533
0.6743086834920942
0.6694589277242218
0.6695795706257504
0.6743086817281501
0.669458931023953
0.6695795716080863
0.6743086826736495
0.6694589291505804
0.6695795738124679
0.6743086847210049
0.6694589246672198
0.6695795750105127
0.6743086854260089
0.669458922246537
0.6695795746112719
0.6743086846352515
0.6694589228879866
0.6695795744270754
0.6743086848831764
0.66945892339455
0.6695795733713619
0.6743086844808734
0.669458925616348
0.6695795712748573
0.6743086824079422
0.6694589297905537
0.6695795707944012
0.6743086818776851
0.6694589307316021
0.6695795726599203
0.6743086836865034
0.6694589269805369
0.6695795747254633
0.6743086854152771
0.6694589228875558
0.6695795735854366
0.6743086839675501
0.6694589251825428
0.6695795723942306
0.6743086833585268
0.669458927600283
0.6695795724091016
0.6743086838191255
0.6694589277601605
0.6695795720994813
0.6743086830827297
0.6694589282201671
0.6695795732256605
0.6743086836747059
0.6694589258720282
0.6695795756109943
0.6743086859829699
0.6694589211322909
0.6695795762774861
0.6743086865631052
0.6694589198112391
0.6695795745586294
0.6743086848444366
0.6694589231799357
0.6695795727915206
0.6743086834046227
0.6694589267795568
0.6695795723932079
0.6743086836795633
0.6694589277166663
0.6695795722570168
0.6743086835379739
0.669458928029659
0.669579572315142
0.674308682980202
0.6694589276682319
0.669579574526739
0.6743086849014779
0.6694589233383057
0.6695795762488186
0.6743086865912564
0.669458919839977
0.669579575587085
0.6743086858481964
0.6694589211442153
0.6695795708006429
0.6743086819455377
0.6694589307398922
0.6695795721982819
0.6743086834509262
0.6694589279821825
0.6695795737224084
0.674308684605173
0.6694589248890379
0.6695795742393853
0.6743086843974972
0.6694589236660112
0.6695795750560506
0.6743086852107265
0.6694589220713862
0.6695795750182625
0.6743086856929096
0.6694589222714558
0.6695795728103076
0.6743086836990348
0.6694589266607374
0.6695795709323284
0.6743086819671309
0.6694589304829159
0.6695795712430512
0.6743086824849863
0.669458929820558
0.6695795731378702
0.6743086842767565
0.6694589261355407
0.669579574030069
0.6743086845398057
0.6694589241752147
0.6695795745867033
0.67430868460492
0.6694589229495185
0.6695795752828227
0.6743086857189255
0.6694589216752218
0.6695795741551682
0.6743086849642546
0.6694589240369888
0.6695795715868562
0.6743086825420721
0.6694589290911248
0.6695795736438355
0.67430868435307
0.6694589250455636
0.6695795756819221
0.6743086861509224
0.669458920974842
0.6695795755203884
0.6743086856880127
0.6694589212351129
0.6695795740654726
0.6743086842585896
0.669458924082414
0.6695795733166703
0.6743086842289507
0.6694589257586225
0.6695795723606763
0.6743086837094205
0.6694589277980767
0.6695795711396619
0.6743086821845039
0.6694589300499207
0.6695795724200428
0.6743086831927161
0.6694589275283142
0.6695795748998674
0.6743086855032623
0.6694589225642336
0.6695795758223355
0.6743086861448934
0.6694589206209347
0.6695795748506412
0.6743086849357158
0.6694589225687225
0.6695795735687926
0.6743086840775255
0.6694589251195232
0.6695795729819995
0.674308684214153
0.6694589265419495
0.6695795715609938
0.674308682814878
0.6694589292842426
0.669579571496328
0.6743086823593192
0.6694589293781112
0.6695795761315179
0.6743086864773231
0.6694589200946441
0.6695795749650199
0.6743086854613507
0.669458922349631
0.6695795726352236
0.674308683302658
0.6694589270990877
0.6695795714539812
0.6743086825233744
0.6694589294537359
0.6695795722366749
0.674308683610835
0.6694589280253211
0.6695795729462118
0.6743086839056804
0.6694589265136183
0.669579573806334
0.6743086840348411
0.6694589246257965
0.6695795755609245
0.674308685797242
0.6694589211427182
0.6695795759142682
0.6743086863474945
0.6694589205224394
0.6695795737938679
0.6743086843501738
0.6694589247368251
0.6695795717201982
0.6743086825728271
0.6694589288849617
0.6695795717615505
0.6743086830275815
0.6694589289415023
0.6695795726627358
0.6743086839479704
0.6694589271545377
0.6695795732280627
0.6743086837610764
0.6694589258388228
0.6695795746646289
0.6743086848198416
0.6694589228959815
0.6695795734309877
0.6743086845349975
0.6694589255322159
0.669579571228307
0.6743086823667543
0.6694589298598361
0.6695795707791118
0.6743086818647226
0.669458930742937
0.6695795727387336
0.6743086837514471
0.669458926883466
0.6695795746308154
0.6743086853408734
0.6694589230100454
0.6695795749129811
0.674308685051625
0.6694589223699438
0.6695795744388011
0.6743086845811868
0.6694589232411178
0.6695795741843937
0.6743086850174386
0.6694589240035922
0.6695795722494763
0.6743086834365215
0.6694589278186156
0.6695795707009713
0.6743086817906296
0.6694589309348143
0.669579571569981
0.6743086826403895
0.6694589291887867
0.6695795738024028
0.6743086847094109
0.6694589246905903
0.6695795750450769
0.6743086854624338
0.6694589221953097
0.6695795745924672
0.6743086846143372
0.6694589229139749
0.6695795744020248
0.6743086848610349
0.6694589234299955
0.6695795722175683
0.6743086835091049
0.6694589280850607
0.6695795723951645
0.6743086830468643
0.6694589275580687
0.6695795744518893
0.6743086848383051
0.6694589234415416
0.6695795762594545
0.6743086866005059
0.6694589198226433
0.6695795756533988
0.6743086859030205
0.6694589210579415
0.6695795734882625
0.6743086838881543
0.6694589253120439
0.6695795724671549
0.6743086834142351
0.6694589275008942
0.6695795723730871
0.6743086837994379
0.6694589278106025
0.6695795721260063
0.6743086830922871
0.669458928185773
0.6695795731818117
0.6743086836461543
0.6694589259231745
0.6695795756716475
0.67430868603306
0.6694589210648486
0.6695795762220056
0.674308686515372
0.6694589198700829
0.6695795745877624
0.6743086848647054
0.6694589231526503
0.6695795727891447
0.6743086834124541
0.66945892677749
0.6695795723961898
0.6743086836727803
0.6694589277124423
0.6695795740541339
0.674308684548292
0.6694589241415664
0.6695795745399968
0.6743086845746284
0.6694589230152781
0.6695795753695566
0.6743086857866118
0.6694589215580337
0.6695795740643986
0.6743086848896227
0.6694589241563862
0.6695795716217563
0.6743086825721
0.6694589290480445
0.6695795708435047
0.6743086819811116
0.6694589306792424
0.6695795721148767
0.674308683379913
0.6694589280964081
0.6695795737899468
0.674308684661
0.6694589247961747
0.669579574213883
0.6743086843829266
0.6694589237017511
0.6695795750547741
0.6743086851989021
0.6694589220751664
0.6695795750129083
0.674308685695996
0.6694589222705147
0.6695795728461026
0.6743086837281123
0.669458926626628
0.6695795708690877
0.6743086819133257
0.6694589305521657
0.6695795713063398
0.6743086825336138
0.6694589297473558
0.6695795730989431
0.6743086842544879
0.6694589261830617
0.6695795747822098
0.6743086848875142
0.6694589226575541
0.6695795736099359
0.6743086840998329
0.6694589250622818
0.6695795729355515
0.6743086841872832
0.669458926606739
0.6695795716396205
0.6743086828720571
0.6694589291802454
0.6695795714058479
0.6743086822864861
0.6694589294929516
0.6695795736964534
0.6743086843983387
0.6694589249842614
0.6695795756937366
0.6743086861609283
0.6694589209503871
0.669579575465733
0.6743086856380631
0.6694589213142625
0.669579574115797
0.6743086843048701
0.6694589240121709
0.6695795733057726
0.674308684221702
0.6694589257735136
0.6695795723320044
0.6743086836782921
0.6694589278393204
0.6695795711737494
0.6743086822188473
0.6694589299970188
0.6695795724247925
0.6743086831957497
0.6694589275333908
0.6695795748397801
0.6743086854525387
0.6694589226319674
0.6695795759086416
0.6743086862134371
0.669458920514521
0.6695795718147552
0.6743086826494487
0.6694589287637159
0.6695795716748874
0.6743086829613828
0.6694589290563465
0.6695795727140186
0.6743086839804071
0.6694589270834944
0.6695795731904151
0.6743086837426202
0.6694589258913362
0.6695795747210418
0.6743086848562735
0.6694589228232339
0.6695795760567933
0.6743086864187098
0.6694589201851147
0.6695795750268195
0.6743086855144278
0.6694589222806866
0.6695795726137953
0.6743086832853469
0.669458927115063
0.6695795714372028
0.6743086825028051
0.6694589294841491
0.6695795722612758
0.6743086836395952
0.6694589279898004
0.6695795729518322
0.6743086839071601
0.6694589265050228
0.6695795737552297
0.6743086839897873
0.6694589246973799
0.6695795756285324
0.6743086858567515
0.6694589210470558
0.6695795758869558
0.674308686323926
0.6694589205659042
0.6695795737476429
0.674308684311619
0.6694589247913132
0.669579571545049
0.6743086826202733
0.6694589292206358
0.6695795738890412
0.674308684781036
0.6694589245754132
0.6695795749556794
0.6743086853900356
0.6694589223162358
0.6695795746445108
0.6743086846509484
0.6694589228415175
0.6695795743795112
0.6743086848540184
0.669458923461247
0.6695795734559923
0.6743086845447824
0.6694589255032545
0.6695795711820991
0.6743086823324796
0.6694589299103164
0.6695795708390883
0.6743086819161143
0.6694589306782814
0.6695795726879656
0.6743086837098489
0.6694589269370448
0.6695795746548419
0.6743086853533945
0.6694589229864134
0.669579574907599
0.6743086850578945
0.6694589223752611
0.6695795744599395
0.6743086845909864
0.6694589232105908
0.6695795741195034
0.674308684966224
0.6694589240932
0.6695795723392375
0.6743086835112261
0.6694589276966929
0.6695795706464719
0.6743086817445536
0.6694589310091451
0.6695795755995679
0.6743086859726094
0.6694589211571058
0.6695795762231893
0.674308686517518
0.6694589198737039
0.6695795746509877
0.6743086849185954
0.6694589230635485
0.669579572712291
0.674308683346204
0.6694589268836229
0.6695795724405568
0.6743086837076289
0.6694589276510652
0.6695795722139259
0.6743086835147222
0.6694589280896466
0.6695795723841201
0.6743086830279934
0.6694589275779295
0.6695795744423856
0.6743086848343326
0.6694589234432738
0.6695795763072585
0.6743086866414779
0.6694589197734091
0.6695795755820635
0.6743086858443263
0.6694589211398786
0.6695795735489192
0.6743086839314485
0.6694589252385105
0.6695795724325342
0.6743086833968963
0.6694589275461891
0.6695795724064039
0.6743086838161766
0.6694589277633781
0.6695795720586983
0.6743086830437772
0.6694589282778693
0.6695795732776468
0.674308683722735
0.669458925796127
0.6695795750987531
0.674308685761565
0.6694589221602238
0.6695795727683911
0.6743086836633887
0.6694589267209412
0.6695795708960053
0.6743086819372004
0.6694589305270118
0.6695795713357815
0.6743086825608482
0.6694589296996771
0.6695795730477703
0.6743086842058295
0.6694589262560917
0.6695795740828325
0.6743086845750383
0.6694589241018948
0.6695795745560443
0.6743086845919446
0.6694589229923469
0.6695795753243952
0.6743086857424991
0.6694589216232342
0.6695795740932462
0.6743086849166373
0.6694589241090247
0.6695795716491008
0.6743086825954173
0.6694589290228022
0.6695795707637417
0.6743086819154364
0.6694589307754146
0.66957957220199
0.6743086834468115
0.669458927985649
0.6695795737322285
0.6743086846230683
0.6694589248736358
0.6695795742530644
0.6743086844033166
0.6694589236460442
0.6695795749968668
0.6743086851616547
0.6694589221537912
0.6695795722930029
0.6743086836583978
0.6694589278909482
0.6695795712345862
0.6743086822618973
0.6694589299226152
0.6695795723554476
0.6743086831383448
0.6694589276134431
0.6695795748876219
0.6743086854939957
0.6694589225823921
0.6695795758988875
0.6743086862089902
0.6694589205165535
0.6695795747657562
0.6743086848648916
0.6694589226848009
0.6695795736180311
0.6743086841140029
0.6694589250511188
0.6695795729685197
0.6743086842133024
0.6694589265602668
0.6695795715681248
0.6743086828101762
0.6694589292795574
0.669579571467857
0.6743086823397815
0.669458929404775
0.6695795736989296
0.6743086844002827
0.6694589249873395
0.6695795756195
0.674308686099645
0.6694589210441438
0.6695795755636786
0.6743086857165983
0.6694589211854798
0.6695795740451328
0.674308684253069
0.6694589241082841
0.6695795733445526
0.6743086842425652
0.6694589257188726