0.6680935471033033
0.6695041945681606
0.662406885613184
0.6680935471033437
0.669504194568151
0.6624068856132077
0.6680935471033311
0.6695041945681285
0.6624068856131633
0.668093547103318
0.6695041945681889
0.6624068856132415
0.6680935471033658
0.669504194568174
0.6624068856132247
0.6680935471033569
0.6695041945681607
0.6624068856131977
0.6680935471033622
0.6695041945681437
0.6624068856132288
0.6680935471033667
0.6695041945681628
0.6624068856131731
0.6680935471033156
0.6695041945681763
0.6624068856131946
0.6680935471033408
0.6695041945681564
0.6624068856132103
0.6680935471033578
0.669504194568151
0.6624068856131925
0.6680935471033054
0.6695041945681648
0.6624068856132179
0.668093547103365
0.6695041945681758
0.6624068856132552
0.6680935471033492
0.6695041945681226
0.662406885613152
0.6680935471033587
0.6695041945681937
0.6624068856132409
0.6680935471033471
0.6695041945681488
0.6624068856132017
0.6680935471033229
0.6695041945681424
0.6624068856131784
0.6680935471033163
0.6695041945682005
0.6624068856132219
0.6680935471033723
0.6695041945681445
0.6624068856131717
0.6680935471033527
0.6695041945681399
0.6624068856132251
0.6680935471033431
0.6695041945681384
0.6624068856132252
0.6680935471033863
0.6695041945681846
0.6624068856131913
0.6680935471033312
0.6695041945681847
0.6624068856132383
0.6680935471033307
0.6695041945681384
0.6624068856131594
0.6680935471033442
0.6695041945681206
0.6624068856131714
0.6680935471033304
0.6695041945681613
0.6624068856132082
0.6680935471033738
0.6695041945681898
0.6624068856132257
0.6680935471033462
0.6695041945681407
0.6624068856131972
0.6680935471033633
0.6695041945681752
0.6624068856132523
0.6680935471033165
0.6695041945681356
0.6624068856131651
0.6680935471033265
0.6695041945681306
0.662406885613162
0.6680935471033195
0.669504194568202
0.6624068856132288
0.6680935471033602
0.669504194568165
0.6624068856131902
0.6680935471033478
0.6695041945681605
0.6624068856132128
0.6680935471033442
0.6695041945681219
0.6624068856131807
0.6680935471033733
0.6695041945681761
0.6624068856132204
0.6680935471033104
0.6695041945681861
0.6624068856132466
0.668093547103344
0.6695041945681672
0.6624068856131785
0.6680935471033596
0.6695041945681368
0.6624068856132238
0.6680935471033077
0.6695041945681578
0.662406885613166
0.6680935471033567
0.6695041945681675
0.6624068856132078
0.6680935471033622
0.6695041945681455
0.6624068856131999
0.6680935471033768
0.6695041945681904
0.6624068856132264
0.6680935471033036
0.6695041945681661
0.662406885613218
0.6680935471033491
0.6695041945681386
0.6624068856132208
0.6680935471033245
0.6695041945681848
0.6624068856132415
0.6680935471033729
0.669504194568145
0.6624068856131715
0.6680935471033459
0.6695041945681587
0.6624068856132079
0.6680935471033402
0.6695041945681339
0.6624068856131984
0.6680935471033714
0.6695041945681854
0.6624068856131997
0.6680935471033217
0.669504194568157
0.6624068856131964
0.6680935471033307
0.6695041945681518
0.6624068856132047
0.6680935471033422
0.6695041945681319
0.6624068856132217
0.6680935471033234
0.6695041945681788
0.662406885613183
0.6680935471033795
0.6695041945681718
0.6624068856132524
0.6680935471033477
0.6695041945681304
0.6624068856131498
0.6680935471033618
0.6695041945681618
0.6624068856132055
0.6680935471033248
0.6695041945681649
0.6624068856132084
0.6680935471033616
0.6695041945681488
0.6624068856131937
0.668093547103326
0.6695041945681477
0.6624068856132066
0.6680935471033671
0.6695041945681734
0.6624068856132248
0.6680935471033476
0.6695041945681464
0.6624068856132252
0.6680935471033492
0.6695041945681177
0.6624068856131814
0.668093547103369
0.669504194568189
0.6624068856132046
0.6680935471033085
0.6695041945681792
0.6624068856132133
0.6680935471033258
0.6695041945681706
0.662406885613193
0.6680935471033463
0.6695041945681103
0.6624068856131746
0.6680935471033157
0.6695041945681666
0.6624068856132119
0.6680935471033549
0.6695041945681726
0.6624068856132576
0.6680935471033628
0.6695041945681593
0.6624068856131695
0.668093547103373
0.6695041945681777
0.662406885613256
0.668093547103312
0.6695041945681566
0.6624068856131651
0.6680935471033423
0.6695041945681239
0.6624068856131754
0.668093547103346
0.6695041945681519
0.6624068856132088
0.6680935471033279
0.6695041945682021
0.662406885613213
0.6680935471033627
0.6695041945681556
0.662406885613199
0.6680935471033413
0.6695041945681409
0.6624068856132257
0.6680935471033753
0.6695041945681732
0.66240688561322
0.6680935471033169
0.6695041945681628
0.662406885613194
0.6680935471033321
0.6695041945681663
0.6624068856131908
0.6680935471033368
0.6695041945681248
0.6624068856131906
0.6680935471033149
0.6695041945681788
0.6624068856131944
0.6680935471033599
0.6695041945681512
0.6624068856132086
0.6680935471033553
0.6695041945681457
0.6624068856131967
0.6680935471033544
0.6695041945681725
0.6624068856132561
0.6680935471033285
0.6695041945681777
0.6624068856131842
0.6680935471033591
0.6695041945681331
0.6624068856132181
0.6680935471033276
0.6695041945681427
0.6624068856131606
0.6680935471033145
0.6695041945681751
0.6624068856131919
0.6680935471033875
0.6695041945681715
0.6624068856132184
0.6680935471033604
0.6695041945681461
0.6624068856132268
0.668093547103386
0.6695041945681872
0.6624068856131895
0.6680935471033131
0.6695041945681839
0.6624068856132463
0.6680935471033347
0.6695041945681512
0.6624068856132055
0.6680935471033462
0.6695041945681102
0.6624068856131768
0.6680935471033091
0.6695041945681826
0.6624068856131957
0.6680935471033528
0.6695041945681663
0.662406885613225
0.6680935471033485
0.669504194568159
0.6624068856131824
0.6680935471033622
0.6695041945681479
0.6624068856132067
0.6680935471033136
0.6695041945681669
0.6624068856132113
0.6680935471033407
0.6695041945681339
0.6624068856132236
0.6680935471033413
0.6695041945681695
0.6624068856131784
0.6680935471033341
0.6695041945681834
0.6624068856132437
0.6680935471033678
0.669504194568161
0.6624068856131706
0.668093547103346
0.669504194568132
0.6624068856131793
0.6680935471033678
0.6695041945681615
0.6624068856131708
0.6680935471033345
0.6695041945681843
0.6624068856132429
0.6680935471033416
0.6695041945681682
0.6624068856131793
0.6680935471033407
0.6695041945681343
0.6624068856132226
0.6680935471033135
0.6695041945681657
0.6624068856132116
0.6680935471033624
0.6695041945681484
0.6624068856132075
0.6680935471033485
0.6695041945681584
0.6624068856131811
0.6680935471033526
0.6695041945681677
0.6624068856132268
0.66809354710331
0.6695041945681828
0.6624068856131947
0.6680935471033458
0.6695041945681107
0.6624068856131773
0.6680935471033345
0.6695041945681512
0.6624068856132053
0.6680935471033123
0.6695041945681841
0.6624068856132453
0.6680935471033856
0.6695041945681877
0.6624068856131904
0.6680935471033607
0.6695041945681458
0.6624068856132249
0.6680935471033462
0.6695041945681324
0.6624068856131805
0.6680935471033143
0.6695041945681749
0.662406885613191
0.6680935471033281
0.6695041945681426
0.662406885613161
0.6680935471033593
0.6695041945681339
0.662406885613219
0.6680935471033287
0.6695041945681778
0.6624068856131835
0.6680935471033544
0.6695041945681727
0.662406885613257
0.6680935471033548
0.6695041945681455
0.6624068856131957
0.6680935471033597
0.6695041945681508
0.6624068856132084
0.6680935471033151
0.669504194568179
0.662406885613195
0.6680935471033375
0.6695041945681253
0.6624068856131897
0.6680935471033325
0.6695041945681667
0.6624068856131917
0.668093547103317
0.6695041945681625
0.6624068856131936
0.6680935471033758
0.6695041945681726
0.6624068856132199
0.6680935471033413
0.6695041945681406
0.6624068856132267
0.6680935471033622
0.6695041945681555
0.6624068856131976
0.6680935471033872
0.6695041945681712
0.6624068856132197
0.6680935471033468
0.6695041945681526
0.662406885613209
0.6680935471033427
0.6695041945681234
0.6624068856131756
0.6680935471033123
0.6695041945681567
0.6624068856131651
0.6680935471033727
0.6695041945681768
0.6624068856132551
0.6680935471033622
0.66950419456816
0.6624068856131704
0.6680935471033549
0.6695041945681726
0.6624068856132558
0.6680935471033156
0.6695041945681665
0.6624068856132136
0.6680935471033461
0.6695041945681097
0.6624068856131744
0.6680935471033254
0.6695041945681697
0.6624068856131927
0.6680935471033088
0.6695041945681794
0.6624068856132144
0.6680935471033693
0.669504194568189
0.662406885613203
0.66809354710335
0.6695041945681183
0.6624068856131834
0.6680935471033469
0.6695041945681452
0.662406885613225
0.6680935471033667
0.6695041945681729
0.662406885613224
0.6680935471033276
0.6695041945682014
0.6624068856132137
0.6680935471033607
0.6695041945681484
0.6624068856131926
0.6680935471033242
0.6695041945681641
0.662406885613209
0.6680935471033614
0.6695041945681621
0.6624068856132046
0.6680935471033473
0.6695041945681305
0.6624068856131504
0.6680935471033791
0.6695041945681715
0.6624068856132526
0.6680935471033228
0.6695041945681786
0.662406885613182
0.6680935471033423
0.6695041945681317
0.6624068856132225
0.6680935471033307
0.6695041945681518
0.6624068856132035
0.6680935471033219
0.6695041945681571
0.6624068856131963
0.6680935471033711
0.6695041945681857
0.6624068856131998
0.6680935471033405
0.6695041945681348
0.6624068856131974
0.668093547103346
0.6695041945681585
0.6624068856132087
0.6680935471033733
0.6695041945681451
0.6624068856131704
0.6680935471033238
0.6695041945681848
0.6624068856132423
0.6680935471033259
0.6695041945681481
0.6624068856132068
0.6680935471033043
0.6695041945681659
0.6624068856132178
0.6680935471033761
0.6695041945681905
0.6624068856132277
0.6680935471033622
0.6695041945681461
0.6624068856131986
0.6680935471033569
0.6695041945681673
0.6624068856132094
0.6680935471033077
0.6695041945681579
0.6624068856131644
0.66809354710336
0.6695041945681365
0.6624068856132237
0.6680935471033438
0.6695041945681677
0.6624068856131794
0.6680935471033103
0.6695041945681859
0.6624068856132457
0.6680935471033735
0.6695041945681762
0.6624068856132215
0.6680935471033441
0.6695041945681218
0.6624068856131797
0.668093547103348
0.6695041945681613
0.6624068856132135
0.6680935471033604
0.6695041945681652
0.662406885613191
0.6680935471033194
0.6695041945682025
0.662406885613228
0.6680935471033262
0.6695041945681306
0.6624068856131633
0.6680935471033491
0.6695041945681386
0.6624068856132206
0.6680935471033633
0.6695041945681752
0.6624068856132526
0.6680935471033462
0.6695041945681397
0.6624068856131968
0.6680935471033739
0.6695041945681899
0.6624068856132254
0.6680935471033301
0.6695041945681609
0.6624068856132094
0.6680935471033437
0.6695041945681208
0.6624068856131708
0.6680935471033304
0.6695041945681389
0.6624068856131604
0.6680935471033312
0.669504194568185
0.6624068856132383
0.6680935471033866
0.6695041945681846
0.66240688561319
0.6680935471033427
0.6695041945681381
0.6624068856132265
0.6680935471033524
0.6695041945681403
0.6624068856132242
0.6680935471033722
0.6695041945681444
0.6624068856131728
0.6680935471033167
0.6695041945682005
0.6624068856132225
0.6680935471033229
0.6695041945681415
0.6624068856131785
0.6680935471033477
0.6695041945681487
0.6624068856132033
0.6680935471033163
0.6695041945681354
0.662406885613164
0.6680935471033486
0.6695041945681218
0.6624068856131529
0.6680935471033642
0.6695041945681763
0.6624068856132543
0.6680935471033054
0.669504194568165
0.6624068856132184
0.668093547103358
0.6695041945681517
0.6624068856131928
0.6680935471033409
0.6695041945681559
0.6624068856132092
0.6680935471033158
0.6695041945681769
0.6624068856131957
0.668093547103366
0.6695041945681619
0.662406885613172
0.6680935471033621
0.6695041945681439
0.6624068856132301
0.6680935471033569
0.6695041945681612
0.6624068856131977
0.668093547103366
0.6695041945681741
0.6624068856132238
0.6680935471033178
0.6695041945681884
0.6624068856132425
0.6680935471033305
0.6695041945681287
0.6624068856131622
0.6680935471033438
0.6695041945681519
0.6624068856132078
0.6680935471033027
0.6695041945681615
0.6624068856131847
0.6680935471033588
0.6695041945681942
0.6624068856132406
0.668093547103364
0.669504194568188
0.6624068856132366
0.6680935471033129
0.6695041945681404
0.6624068856131624
0.6680935471033513
0.6695041945681335
0.6624068856132199
0.6680935471033245
0.6695041945681479
0.6624068856132058
0.6680935471033344
0.6695041945681968
0.6624068856132143
0.6680935471033871
0.6695041945681701
0.6624068856132168
0.6680935471033462
0.6695041945681315
0.6624068856131761
0.6680935471033458
0.669504194568131
0.6624068856131774
0.6680935471033868
0.6695041945681692
0.662406885613215
0.668093547103334
0.6695041945681961
0.6624068856132137
0.6680935471033244
0.6695041945681481
0.6624068856132058
0.6680935471033512
0.6695041945681338
0.6624068856132194
0.668093547103312
0.6695041945681406
0.6624068856131641
0.6680935471033637
0.6695041945681879
0.6624068856132362
0.6680935471033423
0.6695041945681324
0.6624068856131694