0.6701588073914135
0.6724952684522392
0.677323034656865
0.6701588073914687
0.6724952684523209
0.6773230346568876
0.6701588073914271
0.67249526845226
0.6773230346568423
0.6701588073914788
0.6724952684523013
0.6773230346568333
0.6701588073914458
0.6724952684522912
0.6773230346568665
0.6701588073914704
0.6724952684523259
0.6773230346568437
0.6701588073914725
0.6724952684523131
0.6773230346568543
0.6701588073914603
0.6724952684523009
0.677323034656873
0.6701588073914749
0.6724952684523272
0.677323034656878
0.670158807391469
0.6724952684523027
0.677323034656881
0.6701588073914908
0.672495268452341
0.6773230346568633
0.6701588073914492
0.672495268452278
0.6773230346568662
0.670158807391478
0.6724952684523273
0.6773230346568779
0.6701588073914082
0.672495268452243
0.6773230346568812
0.670158807391457
0.6724952684522861
0.6773230346568742
0.6701588073914694
0.6724952684523087
0.6773230346568815
0.6701588073914172
0.6724952684522452
0.6773230346568775
0.6701588073914599
0.672495268452284
0.6773230346568708
0.6701588073914315
0.6724952684522634
0.6773230346568497
0.6701588073914728
0.6724952684523097
0.6773230346568426
0.6701588073914508
0.6724952684523074
0.6773230346568564
0.6701588073914673
0.6724952684523062
0.6773230346568464
0.6701588073914798
0.6724952684523149
0.6773230346568574
0.6701588073914603
0.6724952684523028
0.6773230346568642
0.670158807391482
0.6724952684523541
0.6773230346568816
0.6701588073914655
0.6724952684522953
0.6773230346568728
0.6701588073914788
0.6724952684523264
0.6773230346568603
0.6701588073914232
0.672495268452262
0.6773230346568933
0.67015880739148
0.6724952684523242
0.6773230346568807
0.6701588073914307
0.6724952684522579
0.6773230346568564
0.6701588073914312
0.6724952684522596
0.6773230346568468
0.6701588073914623
0.6724952684522942
0.6773230346568857
0.670158807391414
0.6724952684522406
0.6773230346568639
0.6701588073914532
0.6724952684522735
0.6773230346568535
0.6701588073914377
0.6724952684522851
0.6773230346568555
0.6701588073914677
0.6724952684522996
0.6773230346568617
0.6701588073914639
0.6724952684523023
0.6773230346568672
0.6701588073914689
0.6724952684522969
0.6773230346568518
0.6701588073914899
0.6724952684523474
0.6773230346568738
0.6701588073914592
0.6724952684523104
0.6773230346568817
0.6701588073914722
0.6724952684523327
0.6773230346568873
0.6701588073914428
0.6724952684522656
0.6773230346568704
0.6701588073914768
0.6724952684523398
0.6773230346568704
0.6701588073914474
0.672495268452291
0.6773230346568812
0.6701588073914875
0.6724952684523241
0.6773230346568411
0.6701588073914798
0.6724952684523036
0.6773230346568325
0.6701588073914286
0.6724952684522807
0.6773230346568646
0.670158807391448
0.6724952684522834
0.6773230346568595
0.6701588073914191
0.6724952684522457
0.6773230346568334
0.670158807391445
0.672495268452269
0.677323034656873
0.6701588073914445
0.6724952684522925
0.6773230346568644
0.6701588073914679
0.6724952684522828
0.6773230346568486
0.6701588073914733
0.6724952684523231
0.6773230346568754
0.67015880739147
0.6724952684523052
0.6773230346568657
0.6701588073914775
0.6724952684523346
0.6773230346568957
0.67015880739144
0.6724952684522746
0.6773230346568948
0.6701588073914737
0.6724952684523278
0.677323034656881
0.6701588073914657
0.6724952684523033
0.6773230346568746
0.6701588073914911
0.672495268452358
0.6773230346568706
0.6701588073914464
0.6724952684522749
0.6773230346568523
0.6701588073914478
0.6724952684522802
0.6773230346568567
0.6701588073914712
0.6724952684523144
0.6773230346568461
0.6701588073914346
0.6724952684522891
0.677323034656848
0.6701588073914456
0.6724952684522626
0.677323034656853
0.6701588073914262
0.6724952684522585
0.6773230346568497
0.6701588073914435
0.6724952684522685
0.6773230346568696
0.6701588073914515
0.6724952684523093
0.6773230346568527
0.6701588073914659
0.6724952684522849
0.6773230346568473
0.6701588073914593
0.6724952684523153
0.6773230346568849
0.6701588073914422
0.6724952684522786
0.6773230346568786
0.6701588073914804
0.6724952684523307
0.6773230346568968
0.6701588073914639
0.6724952684522991
0.6773230346568855
0.6701588073914821
0.6724952684523462
0.6773230346568876
0.6701588073914682
0.6724952684523027
0.6773230346568855
0.6701588073914828
0.67249526845232
0.677323034656854
0.6701588073914747
0.6724952684523139
0.6773230346568397
0.6701588073914513
0.6724952684523018
0.6773230346568646
0.6701588073914679
0.6724952684522958
0.6773230346568602
0.6701588073914466
0.6724952684522801
0.6773230346568467
0.6701588073914454
0.6724952684522619
0.6773230346568684
0.6701588073914361
0.6724952684522902
0.6773230346568742
0.670158807391444
0.6724952684522639
0.6773230346568689
0.6701588073914408
0.6724952684522947
0.6773230346568612
0.6701588073914414
0.6724952684522634
0.6773230346568613
0.6701588073914562
0.6724952684523158
0.6773230346568772
0.6701588073914686
0.6724952684523064
0.6773230346568586
0.6701588073914901
0.6724952684523434
0.6773230346568766
0.6701588073914593
0.6724952684522997
0.6773230346568724
0.6701588073914764
0.6724952684523268
0.677323034656884
0.6701588073914693
0.6724952684523016
0.677323034656877
0.6701588073914723
0.6724952684523147
0.677323034656854
0.670158807391465
0.6724952684523072
0.6773230346568566
0.6701588073914626
0.6724952684523036
0.6773230346568742
0.670158807391468
0.6724952684522788
0.677323034656843
0.670158807391452
0.6724952684523096
0.6773230346568668
0.6701588073914473
0.6724952684522716
0.6773230346568934
0.6701588073914275
0.6724952684522663
0.6773230346568777
0.6701588073914241
0.6724952684522342
0.6773230346568837
0.6701588073914413
0.6724952684522993
0.677323034656877
0.6701588073914629
0.6724952684522878
0.6773230346568504
0.6701588073914715
0.6724952684523267
0.6773230346568637
0.670158807391469
0.6724952684523023
0.6773230346568502
0.6701588073914806
0.672495268452323
0.6773230346568632
0.6701588073914602
0.6724952684523111
0.6773230346568734
0.6701588073914664
0.6724952684523218
0.677323034656865
0.670158807391461
0.6724952684523102
0.6773230346568698
0.6701588073914789
0.6724952684523222
0.6773230346568607
0.6701588073914688
0.6724952684523029
0.6773230346568495
0.6701588073914708
0.672495268452326
0.6773230346568616
0.6701588073914639
0.6724952684522885
0.6773230346568491
0.6701588073914417
0.6724952684523006
0.677323034656878
0.6701588073914226
0.6724952684522352
0.6773230346568859
0.6701588073914286
0.6724952684522663
0.6773230346568759
0.6701588073914466
0.6724952684522707
0.6773230346568947
0.6701588073914516
0.6724952684523103
0.6773230346568703
0.6701588073914685
0.6724952684522787
0.6773230346568457
0.6701588073914622
0.6724952684523025
0.6773230346568745
0.6701588073914668
0.6724952684523084
0.6773230346568591
0.6701588073914714
0.6724952684523154
0.6773230346568553
0.6701588073914674
0.6724952684523229
0.6773230346568653
0.6701588073914758
0.6724952684523255
0.6773230346568806
0.6701588073914588
0.6724952684522991
0.6773230346568724
0.6701588073914919
0.6724952684523444
0.6773230346568768
0.6701588073914684
0.672495268452306
0.6773230346568575
0.6701588073914568
0.6724952684523158
0.6773230346568773
0.6701588073914411
0.6724952684522632
0.6773230346568622
0.6701588073914404
0.6724952684522947
0.6773230346568617
0.6701588073914456
0.6724952684522643
0.677323034656868
0.6701588073914346
0.67249526845229
0.6773230346568746
0.6701588073914451
0.6724952684522634
0.6773230346568696
0.6701588073914468
0.6724952684522805
0.6773230346568484
0.6701588073914678
0.6724952684522948
0.6773230346568606
0.6701588073914531
0.6724952684523028
0.6773230346568653
0.6701588073914726
0.6724952684523139
0.6773230346568415
0.6701588073914696
0.6724952684523016
0.6773230346568755
0.6701588073914688
0.6724952684523029
0.6773230346568826
0.6701588073914813
0.672495268452346
0.6773230346568857
0.6701588073914639
0.6724952684522996
0.6773230346568827
0.6701588073914799
0.6724952684523309
0.677323034656895
0.6701588073914437
0.6724952684522791
0.6773230346568793
0.6701588073914597
0.6724952684523157
0.6773230346568853
0.6701588073914657
0.6724952684522844
0.6773230346568495
0.6701588073914525
0.6724952684523089
0.6773230346568535
0.6701588073914418
0.6724952684522678
0.6773230346568714
0.6701588073914275
0.6724952684522594
0.6773230346568528
0.6701588073914465
0.672495268452263
0.6773230346568548
0.6701588073914342
0.672495268452288
0.6773230346568471
0.6701588073914706
0.6724952684523144
0.6773230346568465
0.6701588073914457
0.6724952684522805
0.6773230346568555
0.6701588073914846
0.6724952684523199
0.6773230346568511
0.6701588073914895
0.6724952684523571
0.6773230346568675
0.670158807391465
0.6724952684523041
0.6773230346568742
0.6701588073914744
0.6724952684523275
0.6773230346568813
0.6701588073914393
0.6724952684522741
0.6773230346568948
0.6701588073914785
0.6724952684523356
0.6773230346568972
0.6701588073914687
0.6724952684523059
0.6773230346568696
0.6701588073914733
0.6724952684523237
0.6773230346568773
0.6701588073914685
0.672495268452283
0.67732303465685
0.6701588073914428
0.6724952684522914
0.6773230346568662
0.670158807391446
0.6724952684522683
0.6773230346568742
0.670158807391419
0.6724952684522455
0.6773230346568334
0.6701588073914492
0.6724952684522847
0.6773230346568592
0.6701588073914293
0.6724952684522809
0.6773230346568646
0.6701588073914786
0.6724952684523029
0.677323034656829
0.6701588073914477
0.6724952684522741
0.677323034656848
0.6701588073914458
0.6724952684522907
0.6773230346568812
0.6701588073914775
0.6724952684523411
0.6773230346568719
0.6701588073914428
0.6724952684522654
0.6773230346568699
0.6701588073914715
0.6724952684523313
0.6773230346568856
0.6701588073914599
0.6724952684523111
0.6773230346568844
0.6701588073914881
0.6724952684523466
0.6773230346568743
0.6701588073914698
0.6724952684522972
0.6773230346568513
0.6701588073914634
0.6724952684523027
0.6773230346568675
0.6701588073914664
0.6724952684522998
0.6773230346568629
0.6701588073914394
0.672495268452286
0.6773230346568555
0.6701588073914522
0.6724952684522729
0.6773230346568544
0.6701588073914138
0.6724952684522416
0.6773230346568654
0.6701588073914604
0.6724952684522936
0.6773230346568853
0.6701588073914297
0.6724952684522578
0.6773230346568446
0.6701588073914893
0.6724952684523244
0.6773230346568402
0.6701588073914782
0.672495268452324
0.6773230346568804
0.6701588073914244
0.6724952684522624
0.6773230346568933
0.6701588073914796
0.6724952684523264
0.6773230346568598
0.6701588073914667
0.6724952684522956
0.6773230346568742
0.6701588073914821
0.6724952684523553
0.6773230346568856
0.670158807391458
0.6724952684523022
0.6773230346568664
0.6701588073914811
0.6724952684523142
0.6773230346568587
0.6701588073914674
0.6724952684523061
0.6773230346568482
0.6701588073914504
0.6724952684523073
0.6773230346568585
0.6701588073914733
0.6724952684523091
0.6773230346568426
0.6701588073914304
0.672495268452263
0.6773230346568483
0.6701588073914609
0.6724952684522849
0.6773230346568693
0.6701588073914171
0.6724952684522449
0.6773230346568762
0.6701588073914695
0.672495268452307
0.6773230346568758
0.670158807391432
0.6724952684522583
0.6773230346568534
0.6701588073914075
0.6724952684522439
0.6773230346568839
0.6701588073914801
0.672495268452328
0.6773230346568795
0.670158807391449
0.6724952684522769
0.6773230346568666
0.670158807391491
0.672495268452342
0.6773230346568659
0.6701588073914682
0.6724952684523036
0.6773230346568833
0.6701588073914748
0.6724952684523264
0.6773230346568784
0.6701588073914627
0.6724952684523005
0.6773230346568715
0.6701588073914719
0.672495268452314
0.6773230346568544
0.6701588073914709
0.6724952684523268
0.677323034656844
0.6701588073914472
0.6724952684522911
0.6773230346568655
0.6701588073914797
0.6724952684523009
0.6773230346568304
0.6701588073914289
0.6724952684522607
0.6773230346568411
0.6701588073914675
0.6724952684523196
0.6773230346568859
0.6701588073914135
0.6724952684522385
0.6773230346568613
0.6701588073914573
0.6724952684522855
0.677323034656873
0.670158807391454
0.6724952684522969
0.677323034656886
0.67015880739143
0.6724952684522765
0.6773230346568706
0.6701588073914881
0.6724952684523283
0.6773230346568432
0.6701588073914477
0.672495268452273
0.6773230346568568
0.6701588073914825
0.6724952684523293
0.6773230346568637
0.6701588073914666
0.6724952684523081
0.6773230346568783
0.6701588073914693
0.6724952684523146
0.6773230346568678
0.6701588073914679
0.6724952684523153
0.6773230346568695
0.6701588073914673
0.6724952684523098
0.67732303465688
0.670158807391483
0.6724952684523287
0.6773230346568618
0.6701588073914464
0.6724952684522714
0.6773230346568554
0.6701588073914884
0.672495268452329
0.6773230346568428
0.6701588073914285
0.6724952684522767
0.67732303465687
0.6701588073914553
0.6724952684522976
0.6773230346568848
0.6701588073913894
0.6724952684522005
0.6773230346568562