0.6701456755455037
0.6725202523666529
0.6773569615876549
0.6701456755455198
0.6725202523666476
0.6773569615876737
0.6701456755455291
0.6725202523666918
0.6773569615876547
0.6701456755455468
0.6725202523666682
0.6773569615876206
0.6701456755455378
0.6725202523666871
0.6773569615876466
0.6701456755455448
0.6725202523666906
0.6773569615876532
0.6701456755455514
0.6725202523667025
0.6773569615876511
0.6701456755455433
0.67252025236671
0.6773569615876478
0.6701456755455382
0.6725202523666965
0.6773569615876693
0.6701456755455578
0.6725202523667091
0.6773569615876726
0.6701456755455437
0.6725202523666909
0.6773569615876469
0.6701456755455477
0.6725202523667162
0.6773569615876567
0.6701456755455419
0.6725202523666758
0.6773569615876529
0.6701456755455153
0.6725202523666828
0.6773569615876748
0.6701456755454982
0.6725202523666226
0.6773569615876713
0.6701456755455255
0.6725202523666542
0.6773569615876587
0.6701456755455111
0.6725202523666695
0.6773569615876633
0.6701456755455232
0.6725202523666451
0.6773569615876673
0.6701456755455252
0.6725202523666713
0.6773569615876357
0.6701456755455412
0.6725202523666779
0.6773569615876325
0.6701456755455274
0.6725202523666807
0.6773569615876528
0.6701456755455497
0.672520252366702
0.6773569615876368
0.6701456755455428
0.6725202523666888
0.6773569615876498
0.6701456755455494
0.6725202523667069
0.6773569615876596
0.6701456755455366
0.6725202523666833
0.6773569615876721
0.6701456755455676
0.6725202523667317
0.6773569615876729
0.6701456755455448
0.6725202523666935
0.6773569615876455
0.6701456755455357
0.6725202523667035
0.6773569615876772
0.6701456755455191
0.6725202523666497
0.67735696158767
0.6701456755455206
0.6725202523666858
0.6773569615876629
0.6701456755455315
0.6725202523666991
0.6773569615876442
0.6701456755455188
0.6725202523666507
0.6773569615876663
0.6701456755455042
0.6725202523666455
0.6773569615876637
0.670145675545527
0.6725202523666585
0.6773569615876618
0.6701456755455102
0.6725202523666746
0.6773569615876324
0.6701456755455457
0.6725202523666935
0.677356961587639
0.6701456755455248
0.6725202523666705
0.6773569615876616
0.6701456755455595
0.6725202523667099
0.6773569615876325
0.6701456755455412
0.6725202523666802
0.677356961587648
0.6701456755455584
0.6725202523667263
0.6773569615876704
0.6701456755455402
0.6725202523666861
0.6773569615876693
0.6701456755455555
0.6725202523667133
0.6773569615876642
0.6701456755455206
0.6725202523666581
0.6773569615876558
0.6701456755455356
0.6725202523666978
0.6773569615876811
0.6701456755455439
0.6725202523666725
0.6773569615876462
0.6701456755455447
0.6725202523666679
0.6773569615876261
0.6701456755455171
0.6725202523666711
0.6773569615876442
0.6701456755455206
0.6725202523666529
0.6773569615876729
0.6701456755454989
0.6725202523666385
0.6773569615876391
0.6701456755455273
0.6725202523666707
0.6773569615876456
0.6701456755455037
0.6725202523666591
0.6773569615876548
0.6701456755455588
0.6725202523666937
0.6773569615876451
0.6701456755455272
0.672520252366668
0.677356961587649
0.6701456755455643
0.6725202523667366
0.677356961587645
0.6701456755455422
0.6725202523666842
0.6773569615876702
0.670145675545553
0.6725202523667184
0.6773569615876857
0.6701456755455146
0.67252025236666
0.6773569615876733
0.6701456755455537
0.6725202523667131
0.6773569615876691
0.6701456755455434
0.6725202523666878
0.677356961587658
0.6701456755455474
0.6725202523667109
0.6773569615876651
0.6701456755455399
0.6725202523666867
0.6773569615876476
0.6701456755455395
0.672520252366678
0.6773569615876349
0.6701456755455124
0.672520252366669
0.6773569615876417
0.6701456755455321
0.6725202523666622
0.6773569615876491
0.6701456755454914
0.6725202523666247
0.6773569615876383
0.6701456755455328
0.6725202523666687
0.6773569615876545
0.6701456755455086
0.672520252366644
0.6773569615876464
0.670145675545571
0.6725202523667186
0.6773569615876422
0.670145675545521
0.672520252366674
0.6773569615876586
0.6701456755455529
0.6725202523667224
0.6773569615876706
0.6701456755455228
0.6725202523666609
0.6773569615876895
0.6701456755455493
0.6725202523667239
0.6773569615876807
0.6701456755455357
0.6725202523666909
0.6773569615876682
0.6701456755455637
0.6725202523667314
0.6773569615876741
0.6701456755455464
0.6725202523666876
0.6773569615876505
0.6701456755455486
0.672520252366694
0.6773569615876438
0.6701456755455271
0.6725202523666872
0.6773569615876406
0.6701456755455488
0.6725202523666944
0.6773569615876341
0.6701456755455117
0.6725202523666549
0.6773569615876516
0.6701456755455379
0.6725202523666709
0.6773569615876519
0.6701456755454869
0.6725202523666223
0.677356961587641
0.6701456755455449
0.6725202523666906
0.6773569615876673
0.6701456755455103
0.6725202523666485
0.6773569615876498
0.6701456755455506
0.6725202523667052
0.6773569615876476
0.6701456755454969
0.6725202523666404
0.6773569615876743
0.6701456755455584
0.6725202523667193
0.6773569615876707
0.6701456755455442
0.6725202523666894
0.6773569615876696
0.6701456755455565
0.6725202523667339
0.6773569615876676
0.6701456755455353
0.6725202523666857
0.6773569615876662
0.6701456755455621
0.6725202523667084
0.6773569615876665
0.6701456755455508
0.6725202523667021
0.6773569615876514
0.6701456755455448
0.6725202523667063
0.6773569615876326
0.6701456755455222
0.6725202523666763
0.6773569615876631
0.6701456755455608
0.6725202523666955
0.6773569615876482
0.6701456755455077
0.6725202523666504
0.6773569615876467
0.6701456755455378
0.6725202523667011
0.6773569615876678
0.6701456755454889
0.6725202523666256
0.6773569615876637
0.670145675545539
0.6725202523666785
0.677356961587682
0.6701456755454818
0.6725202523666254
0.6773569615876562
0.6701456755455524
0.6725202523667011
0.6773569615876467
0.6701456755455282
0.6725202523666636
0.6773569615876597
0.6701456755455708
0.6725202523667329
0.6773569615876481
0.6701456755455423
0.6725202523666799
0.6773569615876484
0.6701456755455497
0.6725202523667054
0.677356961587659
0.670145675545541
0.6725202523666924
0.67735696158767
0.6701456755455446
0.672520252366706
0.6773569615876566
0.6701456755455395
0.6725202523666867
0.6773569615876542
0.6701456755455558
0.672520252366708
0.677356961587638
0.6701456755455272
0.6725202523666622
0.6773569615876536
0.6701456755455681
0.672520252366715
0.6773569615876426
0.6701456755455021
0.672520252366656
0.6773569615876471
0.6701456755455344
0.6725202523666858
0.67735696158768
0.6701456755454747
0.6725202523665965
0.6773569615876751
0.6701456755455324
0.672520252366684
0.6773569615876802
0.670145675545503
0.6725202523666551
0.6773569615876505
0.6701456755455675
0.6725202523667151
0.6773569615876468
0.6701456755455284
0.6725202523666639
0.6773569615876565
0.6701456755455559
0.6725202523667089
0.6773569615876394
0.6701456755455386
0.6725202523666856
0.6773569615876555
0.670145675545545
0.672520252366706
0.6773569615876569
0.6701456755455402
0.6725202523666926
0.6773569615876696
0.6701456755455495
0.6725202523667057
0.6773569615876583
0.670145675545542
0.6725202523666808
0.6773569615876487
0.6701456755455711
0.6725202523667326
0.6773569615876475
0.6701456755455291
0.6725202523666638
0.6773569615876593
0.67014567554555
0.6725202523666995
0.6773569615876462
0.6701456755454817
0.6725202523666243
0.6773569615876578
0.6701456755455389
0.6725202523666789
0.6773569615876838
0.6701456755454898
0.6725202523666268
0.6773569615876659
0.6701456755455393
0.6725202523667028
0.6773569615876708
0.6701456755455066
0.6725202523666503
0.6773569615876489
0.6701456755455608
0.6725202523666948
0.6773569615876488
0.6701456755455216
0.6725202523666758
0.6773569615876611
0.6701456755455449
0.6725202523667063
0.6773569615876323
0.6701456755455524
0.672520252366703
0.677356961587652
0.670145675545561
0.6725202523667078
0.6773569615876658
0.6701456755455371
0.6725202523666857
0.6773569615876646
0.6701456755455562
0.6725202523667337
0.677356961587666
0.6701456755455442
0.6725202523666891
0.6773569615876676
0.6701456755455583
0.6725202523667186
0.6773569615876694
0.6701456755454963
0.67252025236664
0.677356961587672
0.6701456755455527
0.6725202523667058
0.6773569615876469
0.6701456755455109
0.6725202523666487
0.6773569615876502
0.670145675545545
0.6725202523666909
0.6773569615876693
0.6701456755454869
0.6725202523666216
0.677356961587642
0.6701456755455379
0.6725202523666707
0.6773569615876551
0.670145675545513
0.672520252366655
0.6773569615876532
0.6701456755455479
0.6725202523666947
0.6773569615876341
0.6701456755455262
0.6725202523666873
0.677356961587641
0.6701456755455482
0.6725202523666937
0.6773569615876449
0.6701456755455466
0.6725202523666869
0.677356961587648
0.6701456755455649
0.6725202523667317
0.6773569615876706
0.6701456755455342
0.6725202523666902
0.6773569615876645
0.6701456755455502
0.6725202523667249
0.6773569615876807
0.6701456755455228
0.6725202523666611
0.6773569615876889
0.6701456755455519
0.6725202523667222
0.6773569615876698
0.6701456755455215
0.6725202523666745
0.6773569615876598
0.670145675545569
0.6725202523667175
0.6773569615876449
0.6701456755455087
0.6725202523666443
0.6773569615876491
0.6701456755455333
0.6725202523666691
0.6773569615876569
0.6701456755454912
0.6725202523666239
0.6773569615876389
0.6701456755455333
0.6725202523666625
0.6773569615876484
0.6701456755455104
0.672520252366668
0.6773569615876402
0.6701456755455406
0.6725202523666778
0.6773569615876325
0.6701456755455413
0.6725202523666862
0.6773569615876459
0.6701456755455472
0.6725202523667108
0.6773569615876651
0.6701456755455435
0.672520252366688
0.677356961587657
0.6701456755455526
0.6725202523667136
0.67735696158767
0.6701456755455152
0.6725202523666598
0.677356961587674
0.6701456755455519
0.6725202523667182
0.6773569615876867
0.6701456755455416
0.6725202523666841
0.6773569615876716
0.6701456755455653
0.6725202523667378
0.6773569615876469
0.6701456755455268
0.6725202523666696
0.6773569615876527
0.6701456755455596
0.6725202523666947
0.677356961587648
0.6701456755455033
0.6725202523666591
0.6773569615876536
0.6701456755455266
0.6725202523666697
0.677356961587644
0.6701456755455004
0.6725202523666385
0.6773569615876376
0.67014567554552
0.6725202523666536
0.6773569615876718
0.6701456755455177
0.6725202523666719
0.6773569615876422
0.6701456755455444
0.672520252366668
0.6773569615876254
0.6701456755455439
0.6725202523666735
0.6773569615876454
0.670145675545535
0.672520252366698
0.6773569615876811
0.6701456755455194
0.6725202523666588
0.6773569615876541
0.670145675545557
0.6725202523667133
0.6773569615876649
0.670145675545541
0.6725202523666871
0.6773569615876713
0.6701456755455596
0.6725202523667275
0.6773569615876719
0.670145675545541
0.6725202523666798
0.6773569615876487
0.6701456755455588
0.6725202523667091
0.6773569615876347
0.6701456755455258
0.6725202523666707
0.6773569615876633
0.670145675545545
0.6725202523666939
0.6773569615876391
0.6701456755455103
0.6725202523666759
0.6773569615876331
0.6701456755455258
0.6725202523666585
0.6773569615876617
0.6701456755455024
0.6725202523666456
0.6773569615876638
0.67014567554552
0.6725202523666505
0.6773569615876656
0.6701456755455307
0.6725202523666991
0.6773569615876444
0.6701456755455207
0.6725202523666858
0.6773569615876622
0.6701456755455191
0.6725202523666493
0.6773569615876693
0.6701456755455357
0.6725202523667018
0.6773569615876761
0.6701456755455454
0.6725202523666928
0.6773569615876467
0.6701456755455656
0.6725202523667316
0.6773569615876747
0.6701456755455362
0.6725202523666843
0.6773569615876747
0.6701456755455496
0.6725202523667075
0.6773569615876625
0.6701456755455428
0.6725202523666878
0.6773569615876525
0.6701456755455512
0.6725202523667015
0.6773569615876371
0.6701456755455251
0.6725202523666796
0.6773569615876516
0.6701456755455415
0.6725202523666773
0.6773569615876297
0.6701456755455254
0.6725202523666698
0.6773569615876333
0.6701456755455236
0.6725202523666444
0.6773569615876658
0.6701456755455131
0.6725202523666696
0.6773569615876607
0.6701456755455246
0.6725202523666545
0.6773569615876567
0.6701456755454993
0.6725202523666216
0.677356961587672
0.6701456755455151
0.6725202523666814
0.6773569615876756
0.6701456755455406
0.6725202523666748
0.6773569615876529
0.670145675545549
0.672520252366717
0.6773569615876581
0.6701456755455437
0.6725202523666909
0.677356961587648
0.6701456755455588
0.6725202523667088
0.6773569615876747
0.6701456755455388
0.6725202523666964
0.6773569615876691
0.6701456755455432
0.6725202523667088
0.6773569615876464
0.6701456755455522
0.6725202523667021
0.677356961587651
0.6701456755455438
0.6725202523666901
0.67735696158765
0.6701456755455385
0.6725202523666864
0.6773569615876438
0.6701456755455465
0.6725202523666675
0.6773569615876185
0.6701456755455287
0.6725202523666912
0.6773569615876538
0.6701456755455198
0.6725202523666474
0.6773569615876723
0.670145675545503
0.6725202523666525
0.677356961587656