0.6696866414052403
0.6678674082867726
0.6827395318450574
0.6696866413894429
0.6678674083611167
0.682739531809825
0.6696866413821754
0.6678674083945962
0.6827395317945806
0.6696866414051058
0.6678674082874996
0.6827395318452872
0.6696866413893904
0.6678674083613434
0.6827395318103315
0.6696866413824651
0.6678674083942269
0.6827395317947829
0.6696866414052952
0.6678674082869344
0.68273953184533
0.6696866413892174
0.6678674083613589
0.6827395318103621
0.6696866413822767
0.6678674083944157
0.6827395317944385
0.6696866414053593
0.6678674082869192
0.6827395318447798
0.6696866413891935
0.6678674083616816
0.6827395318103623
0.6696866413821595
0.6678674083946634
0.6827395317948985
0.6696866414055345
0.6678674082867679
0.6827395318450846
0.6696866413894234
0.6678674083613372
0.6827395318103615
0.6696866413821309
0.6678674083946052
0.6827395317949307
0.6696866413821765
0.6678674083946022
0.6827395317949048
0.6696866414053984
0.6678674082867863
0.6827395318449689
0.6696866413893843
0.6678674083611436
0.6827395318101556
0.6696866413820666
0.6678674083945652
0.6827395317946826
0.6696866414052539
0.6678674082868497
0.6827395318449464
0.6696866413894191
0.6678674083612848
0.68273953181009
0.6696866413822328
0.6678674083948253
0.6827395317949466
0.6696866414052427
0.667867408287166
0.6827395318454504
0.6696866413894464
0.6678674083612057
0.68273953181024
0.6696866413823335
0.6678674083943661
0.6827395317945639
0.6696866414051994
0.6678674082870468
0.6827395318450881
0.669686641389244
0.6678674083614354
0.6827395318101914
0.6696866413822957
0.6678674083941846
0.6827395317945307
0.6696866414054412
0.6678674082870125
0.6827395318450867
0.669686641389248
0.667867408361781
0.6827395318105521
0.6696866413893416
0.6678674083613219
0.6827395318103935
0.6696866413823357
0.6678674083945149
0.6827395317948408
0.6696866414053169
0.6678674082871194
0.6827395318452807
0.669686641389253
0.6678674083615217
0.6827395318103312
0.6696866413821763
0.6678674083943128
0.6827395317945311
0.6696866414053355
0.6678674082866438
0.6827395318447593
0.6696866413892812
0.667867408361517
0.6827395318102041
0.6696866413821875
0.6678674083947294
0.682739531794885
0.669686641405394
0.6678674082868004
0.6827395318452387
0.6696866413894789
0.6678674083613565
0.6827395318103621
0.6696866413822503
0.667867408394671
0.6827395317949259
0.6696866414051772
0.6678674082871414
0.6827395318450762
0.6696866413893794
0.6678674083611502
0.682739531809951
0.6696866413822495
0.6678674083943453
0.6827395317944788
0.6696866414052505
0.6678674082870786
0.6827395318451593
0.6696866414053034
0.6678674082868346
0.6827395318448879
0.6696866413893661
0.6678674083611025
0.6827395318100709
0.669686641382198
0.667867408394631
0.6827395317948463
0.6696866414052647
0.6678674082871539
0.6827395318454273
0.6696866413894071
0.6678674083613971
0.6827395318103027
0.6696866413822911
0.6678674083942779
0.6827395317947039
0.6696866414052554
0.6678674082869869
0.6827395318450278
0.6696866413892297
0.6678674083615073
0.6827395318100742
0.66968664138225
0.6678674083943347
0.6827395317945038
0.6696866414053395
0.6678674082869904
0.6827395318450269
0.6696866413893384
0.6678674083614973
0.6827395318105508
0.6696866413823399
0.6678674083945723
0.6827395317949613
0.6696866414053967
0.6678674082868119
0.6827395318451115
0.6696866413893054
0.6678674083614002
0.6827395318101952
0.6696866413821229
0.6678674083947208
0.6827395317945972
0.6696866413822616
0.6678674083945185
0.6827395317945444
0.669686641405336
0.6678674082865765
0.6827395318447951
0.6696866413891958
0.6678674083613374
0.6827395318101552
0.6696866413821746
0.6678674083944991
0.6827395317947735
0.669686641405381
0.6678674082869742
0.6827395318451261
0.6696866413894047
0.6678674083614318
0.6827395318103128
0.669686641382153
0.6678674083947282
0.6827395317950176
0.6696866414053115
0.667867408287081
0.6827395318451736
0.6696866413894416
0.6678674083610372
0.6827395318099567
0.6696866413821796
0.667867408394345
0.6827395317945186
0.6696866414052036
0.6678674082871454
0.6827395318451033
0.6696866413893825
0.6678674083614269
0.6827395318102945
0.6696866413823616
0.6678674083943812
0.6827395317947726
0.6696866414053149
0.6678674082870195
0.6827395318453311
0.6696866413892951
0.6678674083617289
0.6827395318105405
0.6696866413894376
0.667867408361451
0.6827395318103535
0.669686641382325
0.6678674083943779
0.6827395317946017
0.669686641405151
0.6678674082872831
0.6827395318450808
0.6696866413891863
0.6678674083615314
0.6827395318102675
0.669686641382341
0.6678674083941695
0.6827395317944038
0.6696866414053615
0.6678674082866536
0.6827395318449765
0.6696866413892403
0.667867408361507
0.6827395318104994
0.6696866413822335
0.6678674083947468
0.6827395317949977
0.6696866414054556
0.6678674082868694
0.68273953184506
0.6696866413893825
0.6678674083613074
0.6827395318101737
0.6696866413820581
0.667867408394798
0.6827395317947753
0.6696866414052514
0.6678674082869592
0.6827395318449444
0.6696866413894698
0.6678674083611496
0.6827395318099454
0.6696866413822533
0.6678674083943692
0.6827395317948657
0.6696866414052378
0.667867408287082
0.6827395318454722
0.6696866414053614
0.667867408286823
0.6827395318451195
0.6696866413896245
0.6678674083609208
0.682739531810246
0.6696866413822427
0.6678674083945306
0.6827395317950476
0.6696866414051649
0.6678674082873483
0.6827395318453615
0.6696866413893696
0.6678674083613503
0.6827395318100247
0.6696866413822893
0.6678674083943898
0.6827395317943061
0.6696866414051224
0.6678674082870988
0.6827395318450684
0.6696866413892155
0.6678674083614581
0.682739531810342
0.6696866413824494
0.6678674083943006
0.6827395317946606
0.6696866414054679
0.6678674082867256
0.6827395318452462
0.6696866413892071
0.6678674083616045
0.6827395318105862
0.6696866413822344
0.6678674083945236
0.6827395317947874
0.6696866414054216
0.6678674082868991
0.6827395318447174
0.6696866413892453
0.6678674083615557
0.6827395318100117
0.6696866413820022
0.6678674083947224
0.6827395317948504
0.6696866413821407
0.6678674083946536
0.6827395317945043
0.6696866414054238
0.667867408286912
0.6827395318447282
0.6696866413893491
0.6678674083614138
0.6827395318103213
0.669686641382106
0.6678674083947457
0.6827395317950928
0.6696866414054563
0.6678674082867637
0.6827395318452427
0.6696866413895544
0.6678674083611322
0.6827395318101576
0.6696866413821112
0.6678674083945699
0.6827395317947738
0.6696866414051262
0.6678674082870508
0.6827395318450746
0.6696866413893883
0.6678674083613061
0.6827395318098339
0.6696866413822735
0.6678674083944653
0.6827395317945302
0.6696866414051693
0.6678674082873766
0.6827395318453546
0.6696866413893454
0.6678674083614116
0.6827395318105749
0.6696866413825102
0.667867408394048
0.6827395317947076
0.6696866414053635
0.6678674082867954
0.6827395318451024
0.6696866413891075
0.6678674083616007
0.6827395318103533
0.6696866413893483
0.6678674083612265
0.6827395318103779
0.6696866413823512
0.6678674083942833
0.6827395317943912
0.6696866414052625
0.6678674082869192
0.6827395318449349
0.6696866413891756
0.6678674083616645
0.6827395318103099
0.6696866413822765
0.6678674083944449
0.6827395317946919
0.6696866414054548
0.6678674082868794
0.6827395318450719
0.6696866413893415
0.6678674083616405
0.6827395318104886
0.6696866413821292
0.667867408394618
0.6827395317949544
0.6696866414053444
0.6678674082866597
0.6827395318449538
0.6696866413894504
0.6678674083610224
0.6827395318099263
0.6696866413820945
0.6678674083946504
0.6827395317947503
0.6696866414051581
0.6678674082872751
0.6827395318451187
0.6696866413894252
0.6678674083612886
0.6827395318101328
0.6696866413823429
0.6678674083945464
0.6827395317948473
0.669686641405234
0.667867408287133
0.6827395318454482
0.6696866414053151
0.6678674082870013
0.682739531845357
0.6696866413894563
0.6678674083612839
0.6827395318102676
0.6696866413822736
0.6678674083945331
0.6827395317947458
0.669686641405193
0.6678674082871614
0.6827395318450689
0.6696866413892818
0.6678674083612071
0.6827395318100558
0.6696866413823419
0.6678674083941671
0.6827395317944608
0.6696866414053273
0.6678674082870635
0.6827395318452083
0.6696866413892599
0.6678674083616275
0.6827395318105453
0.6696866413822923
0.6678674083945473
0.6827395317947944
0.6696866414053746
0.6678674082869863
0.6827395318451084
0.6696866413892777
0.667867408361372
0.6827395318102718
0.6696866413820861
0.6678674083944565
0.6827395317946348
0.6696866414053295
0.6678674082866045
0.6827395318447943
0.6696866413893824
0.6678674083613508
0.6827395318100895
0.6696866413821956
0.6678674083948732
0.6827395317950333
0.6696866413822057
0.667867408394527
0.6827395317947076
0.669686641405406
0.6678674082868158
0.6827395318451366
0.6696866413894523
0.667867408361434
0.6827395318104945
0.6696866413822242
0.6678674083946388
0.6827395317950083
0.6696866414053342
0.6678674082869751
0.6827395318450147
0.6696866413893487
0.667867408361234
0.68273953181
0.6696866413821286
0.6678674083945979
0.6827395317945748
0.6696866414052567
0.667867408287028
0.6827395318450354
0.6696866413894085
0.6678674083611265
0.6827395318102513
0.6696866413823002
0.6678674083945407
0.6827395317947855
0.6696866414052601
0.6678674082871414
0.6827395318454308
0.6696866413892983
0.6678674083615042
0.6827395318103474
0.6696866413822566
0.667867408394231
0.6827395317945273
0.6696866414052998
0.6678674082868228
0.6827395318448692
0.6696866413892244
0.6678674083616039
0.6827395318101191
0.6696866413893516
0.6678674083612492
0.6827395318099833
0.6696866413822836
0.6678674083942655
0.6827395317944507
0.6696866414051845
0.6678674082871424
0.6827395318451034
0.6696866413893621
0.6678674083615481
0.6827395318104637
0.669686641382381
0.6678674083944671
0.6827395317948426
0.6696866414053856
0.6678674082868226
0.6827395318452052
0.6696866413892824
0.6678674083615785
0.6827395318103888
0.6696866413821683
0.6678674083946715
0.6827395317946602
0.6696866414053491
0.6678674082866105
0.6827395318447634
0.6696866413892846
0.6678674083611948
0.6827395318100494
0.6696866413821475
0.6678674083946352
0.6827395317948406
0.6696866414053186
0.6678674082871368
0.6827395318452882
0.6696866413894496
0.6678674083613771
0.6827395318103628
0.6696866413822271
0.6678674083944615
0.6827395317948417
0.6696866414052425
0.6678674082870564
0.6827395318451437
0.6696866414054317
0.6678674082870382
0.6827395318450485
0.6696866413893938
0.6678674083610423
0.6827395318100269
0.6696866413821267
0.6678674083945866
0.6827395317946503
0.6696866414052021
0.667867408287046
0.6827395318451073
0.6696866413894493
0.6678674083612411
0.6827395318101018
0.6696866413823501
0.6678674083943177
0.6827395317947348
0.6696866414052418
0.6678674082871447
0.6827395318454546
0.6696866413893299
0.6678674083617114
0.6827395318104568
0.6696866413823102
0.6678674083944166
0.6827395317945482
0.6696866414052521
0.6678674082868495
0.6827395318449185
0.6696866413891707
0.6678674083614392
0.6827395318102083
0.6696866413822786
0.6678674083942959
0.6827395317946531
0.6696866414054136
0.667867408286761
0.6827395318450091
0.6696866413892858
0.6678674083615018
0.6827395318104285
0.6696866413821476
0.6678674083948599
0.6827395317950431
0.6696866413823149
0.6678674083944804
0.6827395317948524
0.66968664140554
0.6678674082867199
0.6827395318450882
0.6696866413892602
0.6678674083615295
0.6827395318103856
0.6696866413820795
0.6678674083947914
0.682739531794837
0.669686641405347
0.6678674082869536
0.6827395318447657
0.6696866413893892
0.6678674083612947
0.6827395318099719
0.6696866413821178
0.667867408394511
0.6827395317948546
0.6696866414052975
0.667867408286914
0.6827395318453715
0.6696866413895671
0.6678674083611265
0.6827395318103102
0.6696866413822935
0.6678674083944338
0.6827395317948037
0.6696866414051054
0.6678674082874836
0.6827395318452654
0.6696866413892641
0.6678674083614892
0.6827395318100831
0.6696866413823324
0.6678674083942326
0.6827395317943086
0.6696866414052435
0.667867408286809
0.6827395318450593
0.6696866413892444
0.6678674083614742
0.6827395318104852
0.6696866413893251
0.6678674083614395
0.6827395318100581
0.6696866413824034
0.6678674083943172
0.6827395317945348
0.6696866414053171
0.6678674082869972
0.6827395318453211
0.6696866413892639
0.6678674083615168
0.6827395318106223
0.6696866413824025
0.6678674083942148
0.6827395317948078
0.6696866414054166
0.6678674082868249
0.6827395318448368
0.6696866413891307
0.6678674083616762
0.6827395318101599
0.6696866413820237
0.6678674083947731
0.6827395317946678
0.6696866414054083
0.667867408286874
0.6827395318448473
0.6696866413895204
0.6678674083610872
0.6827395318103462
0.6696866413821622
0.6678674083946547
0.6827395317950937
0.669686641405307
0.6678674082869893
0.6827395318453178
0.6696866413895022
0.6678674083611691
0.6827395318100282
0.6696866413822269
0.6678674083945272
0.6827395317945151
0.6696866414050063
0.6678674082871862
0.6827395318451261