0.6695795729833236
0.674308683924727
0.6694589264609614
0.6695795737424388
0.6743086839910813
0.6694589247130284
0.6695795756536873
0.6743086858698256
0.6694589210214226
0.6695795758376484
0.6743086862834502
0.6694589206178403
0.6695795738083287
0.6743086843635248
0.6694589247258301
0.6695795717675177
0.6743086826142466
0.6694589288150488
0.6695795716959994
0.674308682968702
0.6694589290330768
0.6695795727000884
0.674308683979402
0.6694589271028526
0.6695795732344045
0.674308683772812
0.6694589258294079
0.669579574635896
0.6743086847876438
0.6694589229394601
0.6695795761414014
0.674308686489097
0.6694589200713491
0.6695795750034387
0.6743086854942728
0.6694589223115965
0.6695795725581006
0.6743086832392149
0.6694589271901354
0.6695795715295579
0.6743086825797578
0.6694589293595241
0.6695795721893787
0.6743086835825326
0.669458928088057
0.669579574847466
0.6743086850058337
0.6694589224586425
0.6695795744785468
0.6743086846021954
0.6694589231847388
0.6695795741348065
0.6743086849881748
0.6694589240702165
0.6695795723245535
0.6743086834920966
0.6694589277242181
0.669579570625752
0.6743086817281505
0.6694589310239506
0.6695795716080899
0.6743086826736497
0.6694589291505793
0.6695795738124698
0.6743086847210071
0.6694589246672176
0.6695795750105042
0.6743086854260026
0.6694589222465354
0.6695795746112779
0.6743086846352575
0.6694589228879843
0.6695795744270759
0.6743086848831819
0.669458923394547
0.6695795733713572
0.6743086844808701
0.6694589256163483
0.66957957127486
0.6743086824079396
0.6694589297905489
0.6695795707944002
0.6743086818776929
0.669458930731602
0.6695795726599227
0.6743086836864991
0.6694589269805336
0.669579574725462
0.674308685415284
0.6694589228875539
0.6695795735854351
0.6743086839675525
0.669458925182542
0.6695795723942315
0.6743086833585334
0.6694589276002822
0.6695795724091056
0.6743086838191275
0.6694589277601549
0.6695795720994799
0.6743086830827318
0.6694589282201662
0.6695795732256604
0.674308683674706
0.6694589258720255
0.6695795756110001
0.6743086859829694
0.6694589211322883
0.669579576277484
0.6743086865631054
0.6694589198112375
0.6695795745586346
0.6743086848444427
0.6694589231799315
0.6695795727915135
0.674308683404621
0.6694589267795539
0.6695795723932072
0.6743086836795669
0.6694589277166659
0.6695795722570222
0.6743086835379704
0.669458928029655
0.6695795723151392
0.6743086829802043
0.6694589276682315
0.6695795745267397
0.6743086849014766
0.6694589233383021
0.6695795762488166
0.674308686591264
0.6694589198399766
0.6695795755870915
0.6743086858481915
0.669458921144211
0.6695795708006436
0.6743086819455418
0.669458930739889
0.6695795721982823
0.6743086834509289
0.6694589279821792
0.6695795737224051
0.674308684605174
0.6694589248890368
0.669579574239388
0.6743086843974955
0.6694589236660077
0.6695795750560596
0.6743086852107296
0.6694589220713854
0.6695795750182583
0.6743086856929098
0.6694589222714536
0.6695795728103094
0.6743086836990364
0.6694589266607341
0.669579570932324
0.6743086819671338
0.6694589304829136
0.6695795712430571
0.6743086824849922
0.6694589298205567
0.6695795731378729
0.6743086842767476
0.6694589261355376
0.6695795740300676
0.6743086845398139
0.6694589241752136
0.6695795745867015
0.6743086846049161
0.6694589229495149
0.6695795752828194
0.6743086857189273
0.6694589216752215
0.6695795741551746
0.6743086849642528
0.6694589240369838
0.6695795715868563
0.6743086825420744
0.6694589290911256
0.6695795736438366
0.6743086843530739
0.6694589250455611
0.6695795756819206
0.6743086861509217
0.6694589209748392
0.6695795755203929
0.6743086856880143
0.6694589212351105
0.6695795740654795
0.6743086842585921
0.6694589240824139
0.6695795733166636
0.6743086842289484
0.6694589257586183
0.6695795723606789
0.6743086837094252
0.669458927798075
0.6695795711396615
0.6743086821845097
0.6694589300499169
0.6695795724200486
0.674308683192719
0.6694589275283134
0.6695795748998685
0.6743086855032568
0.6694589225642303
0.6695795758223335
0.6743086861449024
0.6694589206209329
0.669579574850639
0.6743086849357072
0.6694589225687195
0.6695795735687936
0.6743086840775347
0.6694589251195218
0.6695795729820034
0.6743086842141495
0.6694589265419456
0.66957957156099
0.6743086828148753
0.6694589292842437
0.6695795714963275
0.6743086823593262
0.6694589293781064
0.6695795761315162
0.6743086864773258
0.6694589200946406
0.6695795749650234
0.6743086854613504
0.669458922349629
0.6695795726352285
0.6743086833026573
0.6694589270990847
0.6695795714539741
0.6743086825233733
0.6694589294537332
0.6695795722366813
0.6743086836108414
0.6694589280253191
0.6695795729462117
0.6743086839056825
0.6694589265136136
0.6695795738063359
0.6743086840348461
0.6694589246257987
0.669579575560923
0.674308685797236
0.6694589211427133
0.6695795759142712
0.6743086863475016
0.6694589205224377
0.6695795737938686
0.6743086843501693
0.6694589247368221
0.669579571720198
0.6743086825728364
0.6694589288849597
0.6695795717615475
0.67430868302757
0.6694589289414987
0.6695795726627375
0.6743086839479746
0.6694589271545375
0.669579573228062
0.6743086837610812
0.6694589258388203
0.669579574664628
0.6743086848198399
0.66945892289598
0.6695795734309878
0.6743086845349928
0.6694589255322146
0.6695795712283119
0.674308682366757
0.6694589298598335
0.6695795707791075
0.6743086818647226
0.6694589307429345
0.6695795727387395
0.6743086837514507
0.6694589268834636
0.6695795746308105
0.6743086853408778
0.6694589230100412
0.6695795749129817
0.6743086850516284
0.6694589223699452
0.6695795744388054
0.6743086845811808
0.6694589232411123
0.669579574184398
0.6743086850174493
0.6694589240035926
0.6695795722494744
0.6743086834365193
0.6694589278186104
0.6695795707009687
0.6743086817906347
0.6694589309348123
0.6695795715699835
0.6743086826403848
0.6694589291887836
0.6695795738024086
0.6743086847094171
0.669458924690589
0.669579575045073
0.6743086854624336
0.6694589221953073
0.6695795745924682
0.6743086846143411
0.6694589229139724
0.6695795744020213
0.674308684861037
0.669458923429993
0.6695795722175728
0.674308683509106
0.6694589280850582
0.6695795723951583
0.6743086830468588
0.669458927558068
0.6695795744518912
0.6743086848383106
0.6694589234415371
0.6695795762594497
0.6743086866005089
0.6694589198226408
0.6695795756534042
0.6743086859030227
0.6694589210579409
0.6695795734882676
0.6743086838881508
0.6694589253120391
0.6695795724671563
0.674308683414244
0.6694589275008945
0.6695795723730822
0.6743086837994304
0.6694589278105967
0.6695795721260078
0.6743086830922961
0.6694589281857733
0.6695795731818173
0.6743086836461512
0.6694589259231696
0.6695795756716525
0.6743086860330629
0.6694589210648483
0.6695795762220006
0.6743086865153753
0.6694589198700809
0.6695795745877644
0.6743086848647104
0.6694589231526464
0.6695795727891386
0.6743086834124489
0.6694589267774891
0.6695795723961945
0.6743086836727816
0.6694589277124399
0.6695795740541306
0.6743086845482937
0.669458924141564
0.6695795745399985
0.674308684574632
0.669458923015275
0.6695795753695524
0.6743086857866118
0.6694589215580307
0.6695795740644042
0.6743086848896286
0.669458924156385
0.6695795716217591
0.6743086825720952
0.6694589290480405
0.669579570843502
0.6743086819811172
0.6694589306792406
0.6695795721148746
0.6743086833799095
0.669458928096403
0.6695795737899515
0.67430868466101
0.6694589247961753
0.6695795742138871
0.6743086843829207
0.6694589237017458
0.6695795750547746
0.6743086851989059
0.6694589220751685
0.6695795750129035
0.6743086856960003
0.669458922270511
0.6695795728461081
0.6743086837281154
0.669458926626625
0.6695795708690837
0.6743086819133254
0.6694589305521634
0.6695795713063455
0.6743086825336169
0.6694589297473532
0.6695795730989436
0.6743086842544828
0.6694589261830596
0.6695795747822086
0.6743086848875123
0.6694589226575527
0.6695795736099353
0.6743086840998387
0.6694589250622789
0.6695795729355536
0.6743086841872874
0.6694589266067389
0.6695795716396178
0.6743086828720459
0.6694589291802422
0.6695795714058481
0.6743086822864957
0.6694589294929498
0.669579573696454
0.674308684398334
0.6694589249842577
0.6695795756937393
0.6743086861609362
0.669458920950386
0.6695795754657312
0.6743086856380569
0.6694589213142579
0.6695795741157989
0.6743086843048747
0.6694589240121736
0.6695795733057721
0.6743086842217039
0.6694589257735086
0.6695795723320115
0.6743086836782983
0.669458927839319
0.6695795711737424
0.6743086822188462
0.6694589299970166
0.6695795724247973
0.6743086831957488
0.6694589275333879
0.6695795748397841
0.6743086854525385
0.6694589226319662
0.6695795759086403
0.6743086862134393
0.6694589205145184
0.669579571814755
0.6743086826494558
0.6694589287637119
0.6695795716748842
0.67430868296138
0.6694589290563471
0.6695795727140221
0.6743086839804031
0.6694589270834903
0.6695795731904166
0.6743086837426294
0.6694589258913348
0.669579574721039
0.6743086848562647
0.6694589228232308
0.6695795760567909
0.6743086864187187
0.6694589201851133
0.6695795750268206
0.6743086855144226
0.6694589222806833
0.6695795726138011
0.6743086832853498
0.6694589271150628
0.6695795714372019
0.674308682502811
0.6694589294841453
0.6695795722612781
0.6743086836395988
0.669458927989798
0.6695795729518259
0.6743086839071583
0.6694589265050186
0.669579573755237
0.6743086839897902
0.6694589246973797
0.6695795756285369
0.6743086858567531
0.6694589210470534
0.6695795758869545
0.6743086863239247
0.6694589205659014
0.669579573747644
0.674308684311623
0.6694589247913105
0.6695795715450492
0.6743086826202758
0.6694589292206361
0.6695795738890469
0.6743086847810348
0.6694589245754085
0.669579574955676
0.6743086853900375
0.6694589223162357
0.6695795746445088
0.6743086846509445
0.6694589228415142
0.6695795743795099
0.6743086848540264
0.6694589234612457
0.6695795734559945
0.6743086845447734
0.669458925503251
0.6695795711821044
0.6743086823324856
0.6694589299103155
0.6695795708390831
0.6743086819161175
0.6694589306782791
0.6695795726879674
0.6743086837098502
0.6694589269370418
0.6695795746548383
0.674308685353395
0.669458922986411
0.6695795749076077
0.6743086850578979
0.6694589223752606
0.6695795744599431
0.6743086845909845
0.669458923210587
0.6695795741194999
0.6743086849662254
0.6694589240931994
0.6695795723392381
0.6743086835112285
0.6694589276966894
0.669579570646473
0.6743086817445575
0.6694589310091423
0.6695795755995743
0.6743086859726043
0.6694589211571015
0.6695795762231866
0.6743086865175255
0.669458919873703
0.6695795746509878
0.6743086849185944
0.6694589230635453
0.6695795727122886
0.6743086833462062
0.6694589268836227
0.6695795724405628
0.6743086837076258
0.6694589276510611
0.6695795722139255
0.6743086835147258
0.6694589280896465
0.6695795723841129
0.6743086830279919
0.6694589275779266
0.6695795744423908
0.6743086848343388
0.6694589234432703
0.6695795763072561
0.6743086866414776
0.6694589197734069
0.6695795755820688
0.6743086858443261
0.6694589211398763
0.6695795735489186
0.6743086839314487
0.6694589252385081
0.6695795724325329
0.6743086833968984
0.6694589275461885
0.6695795724064075
0.6743086838161785
0.669458927763373
0.6695795720586996
0.6743086830437839
0.6694589282778681
0.6695795732776456
0.6743086837227374
0.6694589257961265
0.6695795750987514
0.6743086857615719
0.6694589221602217
0.6695795727683935
0.674308683663384
0.6694589267209384
0.6695795708960046
0.6743086819372079
0.6694589305270113
0.6695795713357843
0.6743086825608453
0.6694589296996721
0.6695795730477667
0.674308684205826
0.6694589262560922
0.6695795740828332
0.6743086845750438
0.6694589241018924
0.6695795745560504
0.6743086845919504
0.669458922992344
0.6695795753243869
0.6743086857424925
0.669458921623233
0.6695795740932486
0.6743086849166391
0.6694589241090221
0.6695795716491042
0.6743086825954179
0.6694589290228008
0.6695795707637431
0.6743086819154365
0.6694589307754116
0.6695795722019904
0.6743086834468146
0.6694589279856458
0.6695795737322277
0.6743086846230743
0.6694589248736342
0.6695795742530646
0.674308684403318
0.6694589236460431
0.6695795749968738
0.6743086851616523
0.6694589221537876
0.6695795722930042
0.6743086836583954
0.6694589278909447
0.6695795712345824
0.6743086822619045
0.6694589299226139
0.6695795723554516
0.6743086831383391
0.6694589276134391
0.6695795748876235
0.6743086854939987
0.6694589225823929
0.66957957589889
0.6743086862089983
0.6694589205165492
0.6695795747657546
0.6743086848648896
0.6694589226847993
0.6695795736180247
0.6743086841140034
0.6694589250511167
0.6695795729685247
0.6743086842133036
0.6694589265602648
0.6695795715681285
0.6743086828101725
0.6694589292795561
0.669579571467855
0.6743086823397841
0.6694589294047719
0.6695795736989286
0.6743086844002856
0.6694589249873375
0.6695795756195002
0.6743086860996483
0.6694589210441411
0.6695795755636795
0.674308685716601
0.669458921185479
0.669579574045139
0.6743086842530666
0.6694589241082816
0.6695795733445513
0.6743086842425702
0.6694589257188696