0.6701456755455459
0.6725202523666934
0.6773569615870788
0.6701456755455621
0.6725202523666853
0.6773569615870974
0.6701456755455688
0.6725202523667289
0.6773569615870788
0.670145675545589
0.6725202523667065
0.6773569615870452
0.670145675545582
0.6725202523667292
0.6773569615870716
0.6701456755455872
0.6725202523667292
0.6773569615870771
0.6701456755455918
0.6725202523667402
0.6773569615870755
0.6701456755455848
0.6725202523667484
0.6773569615870714
0.6701456755455799
0.6725202523667355
0.6773569615870934
0.670145675545599
0.6725202523667504
0.677356961587097
0.6701456755455888
0.6725202523667311
0.6773569615870699
0.6701456755455893
0.6725202523667533
0.6773569615870811
0.6701456755455821
0.6725202523667124
0.6773569615870778
0.6701456755455578
0.6725202523667239
0.6773569615870992
0.6701456755455415
0.6725202523666627
0.6773569615870954
0.6701456755455679
0.6725202523666917
0.6773569615870823
0.670145675545551
0.6725202523667069
0.6773569615870891
0.6701456755455661
0.6725202523666844
0.6773569615870898
0.6701456755455669
0.6725202523667131
0.6773569615870593
0.6701456755455816
0.6725202523667155
0.6773569615870574
0.6701456755455708
0.6725202523667198
0.6773569615870775
0.6701456755455917
0.6725202523667395
0.6773569615870605
0.6701456755455837
0.672520252366728
0.6773569615870744
0.6701456755455921
0.6725202523667474
0.6773569615870834
0.6701456755455802
0.6725202523667234
0.6773569615870956
0.6701456755456063
0.672520252366768
0.6773569615870968
0.6701456755455877
0.6725202523667317
0.6773569615870697
0.6701456755455792
0.6725202523667434
0.677356961587101
0.6701456755455601
0.6725202523666893
0.6773569615870949
0.6701456755455626
0.672520252366726
0.6773569615870864
0.6701456755455711
0.6725202523667353
0.677356961587068
0.6701456755455621
0.6725202523666897
0.6773569615870892
0.6701456755455479
0.6725202523666876
0.6773569615870886
0.6701456755455681
0.6725202523666962
0.6773569615870856
0.6701456755455515
0.6725202523667133
0.6773569615870558
0.6701456755455861
0.6725202523667294
0.6773569615870639
0.6701456755455686
0.672520252366711
0.6773569615870858
0.6701456755456021
0.6725202523667501
0.677356961587056
0.6701456755455837
0.6725202523667209
0.677356961587072
0.6701456755455985
0.6725202523667626
0.6773569615870956
0.6701456755455818
0.6725202523667245
0.6773569615870931
0.6701456755455968
0.6725202523667528
0.6773569615870887
0.6701456755455639
0.672520252366698
0.6773569615870796
0.6701456755455792
0.672520252366738
0.6773569615871046
0.6701456755455837
0.6725202523667099
0.6773569615870714
0.6701456755455868
0.6725202523667062
0.67735696158705
0.6701456755455597
0.6725202523667133
0.6773569615870678
0.6701456755455621
0.6725202523666913
0.6773569615870968
0.6701456755455424
0.6725202523666781
0.6773569615870645
0.6701456755455685
0.6725202523667081
0.6773569615870693
0.6701456755455453
0.6725202523666995
0.6773569615870787
0.6701456755455993
0.6725202523667333
0.67735696158707
0.6701456755455726
0.6725202523667094
0.6773569615870729
0.6701456755456042
0.6725202523667719
0.6773569615870696
0.6701456755455838
0.6725202523667225
0.6773569615870942
0.6701456755455949
0.6725202523667577
0.6773569615871096
0.6701456755455567
0.6725202523667007
0.6773569615870976
0.670145675545595
0.6725202523667533
0.6773569615870927
0.6701456755455864
0.6725202523667256
0.6773569615870821
0.6701456755455889
0.6725202523667474
0.6773569615870895
0.6701456755455839
0.6725202523667291
0.6773569615870721
0.6701456755455801
0.6725202523667156
0.6773569615870594
0.6701456755455537
0.6725202523667073
0.6773569615870648
0.6701456755455727
0.672520252366699
0.6773569615870729
0.6701456755455341
0.6725202523666653
0.6773569615870635
0.6701456755455754
0.6725202523667084
0.6773569615870778
0.6701456755455526
0.6725202523666851
0.6773569615870699
0.6701456755456092
0.6725202523667531
0.6773569615870667
0.6701456755455639
0.6725202523667131
0.6773569615870827
0.6701456755455963
0.6725202523667615
0.6773569615870936
0.6701456755455646
0.6725202523667014
0.6773569615871147
0.6701456755455903
0.6725202523667632
0.6773569615871043
0.670145675545577
0.6725202523667291
0.6773569615870916
0.6701456755456031
0.672520252366767
0.6773569615870989
0.6701456755455909
0.6725202523667276
0.6773569615870736
0.6701456755455906
0.6725202523667327
0.6773569615870673
0.6701456755455707
0.672520252366726
0.6773569615870653
0.6701456755455883
0.6725202523667313
0.6773569615870584
0.6701456755455534
0.6725202523666951
0.6773569615870754
0.6701456755455802
0.6725202523667109
0.6773569615870756
0.6701456755455312
0.6725202523666632
0.677356961587065
0.6701456755455846
0.6725202523667255
0.6773569615870916
0.670145675545552
0.6725202523666879
0.6773569615870737
0.6701456755455912
0.6725202523667433
0.6773569615870724
0.6701456755455404
0.6725202523666822
0.6773569615870991
0.6701456755456017
0.6725202523667584
0.677356961587094
0.6701456755455857
0.6725202523667271
0.6773569615870945
0.6701456755455958
0.6725202523667704
0.677356961587092
0.6701456755455784
0.6725202523667259
0.6773569615870901
0.670145675545603
0.6725202523667493
0.6773569615870909
0.6701456755455908
0.6725202523667405
0.6773569615870754
0.6701456755455869
0.6725202523667437
0.6773569615870563
0.6701456755455659
0.6725202523667165
0.6773569615870869
0.6701456755456018
0.6725202523667355
0.6773569615870727
0.670145675545551
0.6725202523666916
0.67735696158707
0.6701456755455784
0.6725202523667362
0.6773569615870918
0.670145675545531
0.6725202523666647
0.6773569615870888
0.6701456755455816
0.672520252366717
0.6773569615871049
0.6701456755455244
0.6725202523666673
0.6773569615870803
0.6701456755455929
0.6725202523667388
0.6773569615870709
0.6701456755455706
0.6725202523667029
0.6773569615870842
0.6701456755456113
0.6725202523667684
0.6773569615870725
0.6701456755455845
0.6725202523667201
0.6773569615870724
0.6701456755455921
0.6725202523667467
0.6773569615870834
0.6701456755455827
0.672520252366732
0.6773569615870938
0.6701456755455864
0.672520252366744
0.6773569615870805
0.6701456755455804
0.6725202523667262
0.6773569615870788
0.6701456755455992
0.6725202523667491
0.6773569615870616
0.670145675545572
0.6725202523667038
0.6773569615870774
0.6701456755456066
0.6725202523667494
0.6773569615870669
0.6701456755455437
0.6725202523666949
0.6773569615870711
0.670145675545577
0.6725202523667245
0.6773569615871033
0.6701456755455167
0.6725202523666387
0.6773569615871011
0.6701456755455755
0.6725202523667227
0.6773569615871031
0.6701456755455447
0.6725202523666947
0.6773569615870745
0.6701456755456059
0.6725202523667495
0.6773569615870716
0.6701456755455732
0.6725202523667044
0.6773569615870805
0.6701456755455991
0.6725202523667495
0.6773569615870632
0.6701456755455789
0.6725202523667251
0.6773569615870798
0.6701456755455868
0.6725202523667435
0.6773569615870809
0.6701456755455817
0.6725202523667319
0.6773569615870939
0.6701456755455922
0.6725202523667471
0.6773569615870823
0.6701456755455847
0.6725202523667209
0.6773569615870727
0.6701456755456114
0.6725202523667686
0.6773569615870714
0.6701456755455719
0.672520252366703
0.6773569615870837
0.6701456755455906
0.672520252366738
0.6773569615870703
0.6701456755455238
0.6725202523666667
0.6773569615870816
0.6701456755455817
0.6725202523667182
0.6773569615871075
0.670145675545532
0.672520252366666
0.6773569615870907
0.6701456755455798
0.6725202523667384
0.6773569615870944
0.6701456755455498
0.6725202523666914
0.6773569615870723
0.6701456755456017
0.6725202523667345
0.6773569615870735
0.6701456755455657
0.6725202523667162
0.6773569615870851
0.6701456755455877
0.672520252366744
0.6773569615870563
0.6701456755455928
0.6725202523667408
0.6773569615870766
0.6701456755456023
0.6725202523667486
0.6773569615870905
0.6701456755455799
0.6725202523667254
0.677356961587088
0.6701456755455955
0.6725202523667697
0.6773569615870901
0.670145675545585
0.672520252366727
0.6773569615870925
0.6701456755456017
0.6725202523667579
0.6773569615870925
0.6701456755455397
0.6725202523666812
0.6773569615870967
0.6701456755455935
0.6725202523667431
0.6773569615870717
0.6701456755455528
0.6725202523666879
0.677356961587074
0.6701456755455848
0.672520252366726
0.6773569615870934
0.6701456755455308
0.6725202523666629
0.6773569615870663
0.6701456755455804
0.6725202523667108
0.6773569615870783
0.6701456755455542
0.6725202523666952
0.6773569615870766
0.6701456755455875
0.6725202523667313
0.6773569615870583
0.6701456755455695
0.6725202523667262
0.6773569615870657
0.6701456755455899
0.672520252366732
0.6773569615870685
0.6701456755455908
0.6725202523667266
0.6773569615870716
0.6701456755456043
0.6725202523667673
0.6773569615870956
0.6701456755455755
0.6725202523667285
0.6773569615870884
0.6701456755455916
0.6725202523667635
0.6773569615871045
0.670145675545565
0.6725202523667018
0.677356961587114
0.6701456755455949
0.6725202523667608
0.6773569615870926
0.6701456755455647
0.6725202523667131
0.6773569615870846
0.6701456755456074
0.6725202523667524
0.6773569615870697
0.6701456755455526
0.6725202523666856
0.6773569615870726
0.6701456755455755
0.6725202523667089
0.6773569615870811
0.6701456755455337
0.6725202523666649
0.6773569615870639
0.6701456755455737
0.6725202523666993
0.677356961587072
0.6701456755455519
0.6725202523667064
0.6773569615870636
0.670145675545581
0.6725202523667149
0.6773569615870568
0.670145675545585
0.6725202523667281
0.6773569615870705
0.6701456755455888
0.6725202523667471
0.6773569615870895
0.6701456755455867
0.6725202523667257
0.6773569615870809
0.6701456755455943
0.6725202523667535
0.6773569615870938
0.6701456755455572
0.6725202523667007
0.6773569615870982
0.6701456755455937
0.6725202523667575
0.6773569615871106
0.6701456755455832
0.6725202523667226
0.677356961587096
0.6701456755456059
0.672520252366773
0.6773569615870711
0.6701456755455724
0.6725202523667112
0.6773569615870759
0.6701456755456003
0.6725202523667346
0.6773569615870725
0.6701456755455446
0.6725202523666989
0.6773569615870776
0.6701456755455686
0.6725202523667071
0.6773569615870673
0.6701456755455437
0.6725202523666782
0.6773569615870627
0.6701456755455617
0.6725202523666922
0.6773569615870955
0.6701456755455606
0.6725202523667146
0.6773569615870658
0.6701456755455864
0.6725202523667064
0.6773569615870498
0.6701456755455838
0.6725202523667106
0.6773569615870709
0.6701456755455788
0.672520252366738
0.6773569615871051
0.6701456755455628
0.6725202523666987
0.677356961587078
0.6701456755455983
0.6725202523667532
0.6773569615870882
0.6701456755455827
0.6725202523667252
0.6773569615870949
0.6701456755455995
0.6725202523667637
0.6773569615870969
0.6701456755455836
0.6725202523667198
0.677356961587072
0.6701456755456014
0.6725202523667497
0.6773569615870583
0.6701456755455701
0.6725202523667111
0.6773569615870875
0.6701456755455852
0.6725202523667302
0.6773569615870635
0.6701456755455517
0.6725202523667148
0.6773569615870569
0.6701456755455671
0.6725202523666964
0.6773569615870856
0.6701456755455459
0.6725202523666871
0.6773569615870889
0.6701456755455635
0.6725202523666896
0.6773569615870885
0.6701456755455708
0.6725202523667358
0.6773569615870682
0.6701456755455626
0.6725202523667262
0.6773569615870861
0.6701456755455597
0.6725202523666883
0.6773569615870941
0.6701456755455797
0.6725202523667426
0.6773569615870996
0.6701456755455885
0.6725202523667312
0.6773569615870709
0.6701456755456046
0.6725202523667674
0.6773569615870993
0.6701456755455794
0.6725202523667242
0.677356961587098
0.6701456755455923
0.6725202523667482
0.6773569615870865
0.6701456755455836
0.6725202523667267
0.6773569615870765
0.6701456755455929
0.6725202523667392
0.6773569615870607
0.6701456755455695
0.6725202523667188
0.6773569615870763
0.6701456755455814
0.6725202523667144
0.6773569615870545
0.6701456755455677
0.6725202523667122
0.6773569615870569
0.6701456755455666
0.6725202523666834
0.6773569615870889
0.670145675545553
0.6725202523667067
0.6773569615870862
0.6701456755455668
0.6725202523666916
0.6773569615870803
0.6701456755455426
0.6725202523666618
0.6773569615870965
0.6701456755455575
0.6725202523667224
0.6773569615870999
0.6701456755455818
0.672520252366712
0.6773569615870775
0.6701456755455906
0.6725202523667543
0.677356961587082
0.6701456755455886
0.6725202523667305
0.6773569615870716
0.6701456755456009
0.6725202523667503
0.6773569615870996
0.6701456755455804
0.6725202523667358
0.6773569615870935
0.6701456755455845
0.6725202523667473
0.6773569615870701
0.6701456755455923
0.6725202523667402
0.6773569615870754
0.6701456755455859
0.6725202523667289
0.6773569615870734
0.6701456755455824
0.6725202523667291
0.6773569615870683
0.6701456755455889
0.6725202523667067
0.6773569615870425
0.6701456755455689
0.6725202523667277
0.677356961587078
0.6701456755455628
0.6725202523666849
0.677356961587096
0.6701456755455454
0.6725202523666928
0.6773569615870796