0.6662836131458301
0.6624749534862363
0.6975629149103234
0.6662836131458298
0.6624749534862382
0.697562914910335
0.6662836131458285
0.6624749534862394
0.6975629149103385
0.6662836131458265
0.6624749534862386
0.6975629149103352
0.6662836131458256
0.6624749534862403
0.6975629149103308
0.6662836131458294
0.6624749534862416
0.697562914910334
0.6662836131458276
0.6624749534862393
0.6975629149103197
0.6662836131458306
0.6624749534862391
0.6975629149103315
0.666283613145833
0.6624749534862375
0.6975629149103326
0.6662836131458276
0.6624749534862377
0.6975629149103337
0.6662836131458262
0.6624749534862345
0.6975629149103109
0.6662836131458263
0.6624749534862358
0.6975629149103125
0.6662836131458233
0.6624749534862376
0.6975629149103235
0.6662836131458258
0.6624749534862395
0.6975629149103217
0.6662836131458281
0.6624749534862362
0.6975629149103326
0.666283613145831
0.6624749534862402
0.6975629149103146
0.6662836131458307
0.6624749534862339
0.6975629149103222
0.6662836131458325
0.662474953486237
0.6975629149103262
0.6662836131458262
0.662474953486239
0.6975629149103229
0.6662836131458243
0.6624749534862413
0.6975629149103162
0.666283613145826
0.6624749534862395
0.697562914910317
0.6662836131458285
0.6624749534862409
0.6975629149103385
0.6662836131458305
0.6624749534862435
0.6975629149103455
0.666283613145834
0.662474953486243
0.6975629149103597
0.6662836131458336
0.6624749534862363
0.6975629149103375
0.6662836131458291
0.6624749534862362
0.6975629149103381
0.666283613145825
0.6624749534862377
0.6975629149103326
0.6662836131458227
0.6624749534862353
0.6975629149103276
0.6662836131458263
0.6624749534862351
0.6975629149103164
0.6662836131458283
0.6624749534862363
0.6975629149103232
0.6662836131458268
0.6624749534862442
0.697562914910337
0.6662836131458295
0.6624749534862377
0.6975629149103224
0.6662836131458321
0.6624749534862355
0.697562914910326
0.6662836131458286
0.662474953486238
0.6975629149103115
0.6662836131458245
0.6624749534862373
0.6975629149103137
0.6662836131458255
0.6624749534862324
0.6975629149103149
0.6662836131458252
0.6624749534862326
0.697562914910317
0.6662836131458256
0.6624749534862381
0.6975629149103333
0.6662836131458301
0.6624749534862406
0.6975629149103334
0.6662836131458353
0.6624749534862389
0.6975629149103315
0.6662836131458335
0.6624749534862371
0.6975629149103323
0.6662836131458311
0.6624749534862429
0.6975629149103408
0.6662836131458252
0.6624749534862404
0.6975629149103348
0.6662836131458274
0.6624749534862389
0.6975629149103253
0.6662836131458285
0.6624749534862384
0.6975629149103253
0.6662836131458241
0.6624749534862402
0.6975629149103327
0.6662836131458267
0.66247495348624
0.6975629149103357
0.6662836131458322
0.6624749534862413
0.6975629149103199
0.6662836131458298
0.662474953486239
0.6975629149103271
0.6662836131458312
0.6624749534862397
0.6975629149103237
0.6662836131458316
0.662474953486238
0.6975629149103284
0.6662836131458283
0.6624749534862335
0.6975629149103134
0.6662836131458254
0.6624749534862334
0.6975629149103117
0.6662836131458244
0.6624749534862358
0.6975629149103134
0.666283613145829
0.6624749534862377
0.6975629149103248
0.6662836131458278
0.662474953486235
0.6975629149103225
0.666283613145831
0.6624749534862373
0.6975629149103337
0.666283613145829
0.6624749534862356
0.6975629149103297
0.6662836131458292
0.6624749534862366
0.6975629149103275
0.6662836131458267
0.6624749534862368
0.6975629149103437
0.6662836131458287
0.662474953486238
0.697562914910323
0.6662836131458266
0.6624749534862371
0.697562914910313
0.666283613145829
0.6624749534862417
0.6975629149103245
0.6662836131458276
0.6624749534862413
0.6975629149103384
0.666283613145831
0.6624749534862393
0.6975629149103411
0.6662836131458346
0.6624749534862404
0.6975629149103373
0.6662836131458281
0.6624749534862377
0.6975629149103341
0.6662836131458237
0.6624749534862339
0.6975629149103197
0.6662836131458238
0.6624749534862344
0.6975629149103291
0.6662836131458233
0.6624749534862363
0.6975629149103229
0.6662836131458234
0.6624749534862371
0.6975629149103391
0.6662836131458276
0.6624749534862369
0.6975629149103239
0.6662836131458328
0.6624749534862351
0.6975629149103195
0.6662836131458312
0.6624749534862351
0.6975629149103202
0.6662836131458306
0.6624749534862377
0.6975629149103313
0.6662836131458282
0.6624749534862383
0.6975629149103266
0.666283613145827
0.6624749534862309
0.6975629149103095
0.6662836131458265
0.6624749534862358
0.6975629149103225
0.6662836131458233
0.6624749534862384
0.6975629149103272
0.6662836131458285
0.6624749534862394
0.6975629149103331
0.6662836131458323
0.6624749534862382
0.6975629149103273
0.6662836131458281
0.6624749534862415
0.6975629149103291
0.6662836131458266
0.6624749534862405
0.6975629149103331
0.6662836131458305
0.6624749534862369
0.6975629149103209
0.6662836131458261
0.6624749534862356
0.6975629149103255
0.666283613145825
0.66247495348624
0.6975629149103304
0.6662836131458276
0.6624749534862421
0.69756291491034
0.6662836131458298
0.6624749534862379
0.697562914910332
0.6662836131458312
0.6624749534862381
0.6975629149103277
0.6662836131458268
0.6624749534862353
0.6975629149103344
0.6662836131458268
0.6624749534862409
0.6975629149103295
0.6662836131458294
0.662474953486237
0.697562914910338
0.6662836131458307
0.6624749534862359
0.697562914910316
0.666283613145827
0.6624749534862369
0.6975629149103179
0.6662836131458276
0.6624749534862369
0.6975629149103071
0.6662836131458278
0.6624749534862385
0.6975629149103206
0.6662836131458247
0.6624749534862372
0.6975629149103185
0.6662836131458272
0.6624749534862393
0.697562914910322
0.6662836131458265
0.6624749534862366
0.6975629149103239
0.6662836131458273
0.6624749534862345
0.6975629149103149
0.6662836131458262
0.6624749534862351
0.6975629149103175
0.6662836131458272
0.6624749534862415
0.6975629149103403
0.6662836131458287
0.6624749534862396
0.6975629149103436
0.6662836131458278
0.6624749534862417
0.6975629149103353
0.6662836131458276
0.6624749534862417
0.6975629149103353
0.6662836131458285
0.6624749534862417
0.6975629149103353
0.6662836131458291
0.6624749534862406
0.6975629149103444
0.6662836131458278
0.662474953486243
0.6975629149103426
0.666283613145827
0.6624749534862346
0.6975629149103173
0.6662836131458285
0.6624749534862338
0.6975629149103163
0.6662836131458262
0.6624749534862363
0.6975629149103253
0.666283613145826
0.6624749534862386
0.6975629149103237
0.6662836131458243
0.6624749534862363
0.6975629149103186
0.6662836131458276
0.6624749534862373
0.6975629149103224
0.6662836131458267
0.6624749534862371
0.6975629149103084
0.6662836131458254
0.6624749534862364
0.6975629149103166
0.6662836131458298
0.6624749534862355
0.6975629149103126
0.666283613145829
0.6624749534862373
0.6975629149103335
0.6662836131458275
0.6624749534862414
0.6975629149103295
0.6662836131458285
0.6624749534862425
0.6975629149103344
0.6662836131458307
0.662474953486237
0.6975629149103297
0.666283613145829
0.6624749534862373
0.6975629149103333
0.6662836131458266
0.6624749534862422
0.6975629149103392
0.6662836131458232
0.6624749534862384
0.6975629149103277
0.6662836131458254
0.662474953486235
0.6975629149103231
0.6662836131458296
0.662474953486237
0.6975629149103206
0.6662836131458265
0.662474953486241
0.6975629149103313
0.6662836131458291
0.6624749534862415
0.6975629149103268
0.666283613145833
0.6624749534862384
0.697562914910328
0.6662836131458294
0.6624749534862401
0.6975629149103346
0.6662836131458241
0.6624749534862395
0.6975629149103271
0.6662836131458271
0.6624749534862366
0.6975629149103213
0.6662836131458277
0.6624749534862318
0.6975629149103091
0.6662836131458278
0.6624749534862383
0.6975629149103313
0.6662836131458267
0.6624749534862348
0.6975629149103375
0.6662836131458314
0.662474953486235
0.6975629149103182
0.6662836131458325
0.6624749534862359
0.6975629149103182
0.6662836131458281
0.6624749534862369
0.69756291491032
0.6662836131458235
0.6624749534862379
0.6975629149103353
0.6662836131458234
0.6624749534862366
0.6975629149103199
0.6662836131458234
0.6624749534862349
0.6975629149103282
0.666283613145823
0.6624749534862339
0.6975629149103179
0.6662836131458278
0.6624749534862372
0.6975629149103325
0.6662836131458342
0.6624749534862399
0.6975629149103404
0.66628361314583
0.6624749534862383
0.697562914910344
0.666283613145827
0.6624749534862402
0.6975629149103417
0.6662836131458272
0.6624749534862397
0.697562914910326
0.6662836131458261
0.6624749534862366
0.6975629149103147
0.6662836131458285
0.6624749534862375
0.6975629149103266
0.6662836131458307
0.6624749534862373
0.6975629149103333
0.6662836131458298
0.6624749534862365
0.697562914910328
0.6662836131458276
0.6624749534862353
0.69756291491033
0.6662836131458301
0.6624749534862366
0.6975629149103366
0.6662836131458274
0.6624749534862342
0.6975629149103256
0.6662836131458281
0.6624749534862365
0.6975629149103266
0.6662836131458234
0.6624749534862344
0.6975629149103157
0.6662836131458238
0.6624749534862322
0.697562914910312
0.6662836131458266
0.6624749534862322
0.6975629149103117
0.666283613145831
0.6624749534862377
0.6975629149103273
0.666283613145831
0.6624749534862397
0.6975629149103214
0.6662836131458303
0.6624749534862383
0.6975629149103246
0.6662836131458317
0.6624749534862411
0.6975629149103171
0.666283613145826
0.6624749534862401
0.697562914910332
0.6662836131458241
0.6624749534862413
0.6975629149103318
0.6662836131458274
0.6624749534862371
0.6975629149103423
0.6662836131458262
0.6624749534862379
0.6975629149103264
0.6662836131458247
0.6624749534862397
0.6975629149103355
0.6662836131458301
0.6624749534862426
0.6975629149103415
0.6662836131458337
0.6624749534862371
0.6975629149103323
0.6662836131458348
0.6624749534862393
0.6975629149103286
0.6662836131458301
0.6624749534862406
0.6975629149103314
0.6662836131458267
0.6624749534862386
0.6975629149103315
0.6662836131458261
0.6624749534862339
0.6975629149103171
0.6662836131458247
0.6624749534862329
0.697562914910314
0.6662836131458234
0.6624749534862371
0.6975629149103103
0.666283613145828
0.662474953486237
0.6975629149103117
0.6662836131458312
0.6624749534862343
0.6975629149103271
0.6662836131458277
0.6624749534862364
0.697562914910323
0.6662836131458255
0.6624749534862422
0.697562914910338
0.6662836131458274
0.6624749534862371
0.6975629149103257
0.6662836131458254
0.6624749534862355
0.6975629149103136
0.6662836131458225
0.6624749534862355
0.697562914910324
0.6662836131458246
0.6624749534862375
0.6975629149103276
0.6662836131458281
0.6624749534862355
0.6975629149103347
0.6662836131458332
0.662474953486237
0.6975629149103361
0.6662836131458332
0.6624749534862422
0.6975629149103599
0.6662836131458298
0.662474953486242
0.6975629149103479
0.6662836131458282
0.6624749534862405
0.6975629149103446
0.6662836131458254
0.6624749534862393
0.6975629149103211
0.6662836131458238
0.6624749534862409
0.6975629149103164
0.6662836131458265
0.662474953486239
0.6975629149103258
0.6662836131458322
0.6624749534862371
0.6975629149103284
0.6662836131458305
0.662474953486234
0.6975629149103243
0.6662836131458314
0.66247495348624
0.6975629149103137
0.6662836131458293
0.6624749534862373
0.6975629149103213
0.6662836131458254
0.6624749534862389
0.6975629149103246
0.6662836131458227
0.6624749534862365
0.6975629149103242
0.6662836131458253
0.6624749534862344
0.6975629149103122
0.6662836131458248
0.6624749534862343
0.6975629149103112
0.6662836131458273
0.662474953486238
0.6975629149103357
0.6662836131458334
0.6624749534862375
0.6975629149103325
0.6662836131458316
0.6624749534862394
0.6975629149103325
0.6662836131458281
0.6624749534862397
0.697562914910322
0.6662836131458291
0.6624749534862425
0.6975629149103326
0.6662836131458256
0.6624749534862416
0.6975629149103264
0.666283613145827
0.6624749534862392
0.6975629149103328
0.6662836131458291
0.6624749534862402
0.6975629149103395
0.6662836131458298
0.6624749534862382
0.697562914910336
0.6662836131458294
0.662474953486236
0.6975629149103244
0.666283613145828
0.6624749534862354
0.6975629149103331
0.6662836131458276
0.6624749534862412
0.6975629149103404
0.6662836131458261
0.6624749534862422
0.6975629149103324
0.666283613145831
0.6624749534862397
0.6975629149103237
0.6662836131458261
0.6624749534862356
0.6975629149103186
0.6662836131458285
0.6624749534862377
0.6975629149103315
0.6662836131458281
0.6624749534862355
0.6975629149103306
0.666283613145829
0.6624749534862344
0.6975629149103066
0.6662836131458291
0.6624749534862342
0.6975629149103078
0.666283613145827
0.6624749534862358
0.6975629149103291
0.6662836131458272
0.6624749534862372
0.6975629149103275
0.6662836131458247
0.6624749534862348
0.6975629149103173
0.6662836131458292
0.6624749534862395
0.6975629149103247
0.666283613145825
0.6624749534862409
0.6975629149103331
0.6662836131458278
0.6624749534862409
0.6975629149103395
0.6662836131458297
0.662474953486236
0.697562914910332