0.670158807391364
0.672495268452126
0.6773230346565375
0.670158807391418
0.672495268452203
0.6773230346565589
0.67015880739138
0.6724952684521491
0.6773230346565126
0.6701588073914287
0.6724952684521883
0.677323034656506
0.670158807391399
0.6724952684521786
0.6773230346565378
0.6701588073914215
0.6724952684522105
0.6773230346565149
0.6701588073914225
0.6724952684521988
0.6773230346565261
0.6701588073914112
0.6724952684521867
0.6773230346565446
0.6701588073914264
0.672495268452216
0.6773230346565502
0.6701588073914202
0.67249526845219
0.6773230346565524
0.6701588073914404
0.6724952684522238
0.6773230346565348
0.670158807391401
0.672495268452165
0.6773230346565389
0.6701588073914273
0.6724952684522127
0.67732303465655
0.6701588073913595
0.6724952684521321
0.6773230346565531
0.6701588073914088
0.6724952684521722
0.6773230346565451
0.6701588073914182
0.672495268452191
0.6773230346565524
0.67015880739137
0.6724952684521335
0.6773230346565489
0.6701588073914113
0.6724952684521708
0.6773230346565422
0.670158807391382
0.6724952684521508
0.6773230346565207
0.6701588073914215
0.6724952684521937
0.6773230346565142
0.6701588073914037
0.6724952684521934
0.677323034656528
0.670158807391418
0.6724952684521925
0.6773230346565176
0.6701588073914309
0.672495268452203
0.677323034656529
0.6701588073914129
0.67249526845219
0.6773230346565347
0.6701588073914304
0.6724952684522373
0.6773230346565535
0.6701588073914162
0.6724952684521801
0.6773230346565442
0.6701588073914309
0.6724952684522132
0.6773230346565315
0.6701588073913758
0.6724952684521508
0.6773230346565654
0.6701588073914304
0.672495268452209
0.6773230346565523
0.6701588073913821
0.6724952684521446
0.6773230346565275
0.6701588073913833
0.6724952684521475
0.6773230346565172
0.670158807391414
0.6724952684521819
0.6773230346565573
0.6701588073913658
0.6724952684521291
0.6773230346565366
0.6701588073914032
0.6724952684521576
0.6773230346565253
0.6701588073913884
0.6724952684521714
0.6773230346565267
0.6701588073914175
0.6724952684521843
0.6773230346565338
0.6701588073914171
0.6724952684521921
0.6773230346565383
0.6701588073914222
0.6724952684521835
0.6773230346565227
0.6701588073914376
0.6724952684522307
0.677323034656546
0.6701588073914094
0.6724952684521959
0.6773230346565535
0.6701588073914231
0.6724952684522197
0.6773230346565584
0.6701588073913938
0.6724952684521539
0.6773230346565428
0.6701588073914285
0.6724952684522268
0.677323034656541
0.6701588073913998
0.6724952684521774
0.6773230346565527
0.6701588073914357
0.6724952684522061
0.6773230346565142
0.6701588073914297
0.6724952684521912
0.6773230346565051
0.6701588073913791
0.6724952684521681
0.677323034656536
0.6701588073913987
0.6724952684521679
0.6773230346565308
0.6701588073913711
0.6724952684521326
0.6773230346565062
0.670158807391396
0.6724952684521543
0.6773230346565442
0.6701588073913958
0.6724952684521819
0.6773230346565359
0.6701588073914193
0.6724952684521687
0.6773230346565201
0.6701588073914237
0.6724952684522079
0.6773230346565482
0.670158807391422
0.6724952684521912
0.6773230346565378
0.6701588073914283
0.6724952684522214
0.6773230346565671
0.6701588073913903
0.6724952684521628
0.677323034656567
0.6701588073914246
0.6724952684522149
0.6773230346565522
0.6701588073914161
0.6724952684521893
0.6773230346565471
0.6701588073914397
0.6724952684522413
0.677323034656542
0.6701588073914004
0.6724952684521637
0.6773230346565231
0.6701588073914002
0.6724952684521681
0.6773230346565281
0.6701588073914201
0.6724952684521984
0.6773230346565176
0.6701588073913846
0.6724952684521757
0.6773230346565191
0.6701588073913967
0.6724952684521484
0.6773230346565242
0.6701588073913779
0.6724952684521486
0.677323034656523
0.6701588073913967
0.6724952684521552
0.6773230346565406
0.6701588073914001
0.6724952684521937
0.677323034656524
0.6701588073914152
0.6724952684521689
0.6773230346565196
0.6701588073914113
0.6724952684522032
0.6773230346565566
0.6701588073913942
0.6724952684521666
0.6773230346565502
0.6701588073914307
0.6724952684522174
0.6773230346565682
0.6701588073914138
0.6724952684521848
0.6773230346565566
0.6701588073914304
0.6724952684522296
0.6773230346565591
0.6701588073914198
0.6724952684521897
0.6773230346565572
0.6701588073914349
0.6724952684522074
0.6773230346565257
0.6701588073914256
0.6724952684521983
0.6773230346565109
0.6701588073914043
0.6724952684521883
0.6773230346565358
0.6701588073914171
0.6724952684521803
0.6773230346565323
0.6701588073913977
0.6724952684521692
0.6773230346565176
0.6701588073913982
0.6724952684521486
0.6773230346565391
0.670158807391385
0.6724952684521752
0.6773230346565469
0.6701588073913943
0.6724952684521484
0.6773230346565405
0.6701588073913922
0.6724952684521823
0.6773230346565321
0.6701588073913918
0.6724952684521506
0.677323034656534
0.6701588073914085
0.6724952684522035
0.6773230346565482
0.6701588073914199
0.6724952684521917
0.6773230346565303
0.6701588073914382
0.672495268452227
0.677323034656549
0.6701588073914122
0.6724952684521869
0.6773230346565431
0.6701588073914273
0.6724952684522154
0.6773230346565555
0.6701588073914186
0.6724952684521874
0.6773230346565482
0.6701588073914219
0.6724952684522
0.6773230346565262
0.6701588073914161
0.6724952684521937
0.6773230346565282
0.6701588073914159
0.6724952684521941
0.6773230346565456
0.670158807391419
0.6724952684521648
0.677323034656514
0.6701588073914012
0.6724952684521934
0.6773230346565386
0.6701588073913989
0.672495268452156
0.6773230346565644
0.6701588073913787
0.6724952684521546
0.6773230346565496
0.6701588073913762
0.672495268452122
0.6773230346565555
0.6701588073913929
0.6724952684521879
0.6773230346565479
0.6701588073914121
0.6724952684521719
0.6773230346565229
0.6701588073914221
0.6724952684522109
0.6773230346565361
0.6701588073914224
0.6724952684521897
0.6773230346565211
0.6701588073914309
0.6724952684522114
0.6773230346565355
0.6701588073914113
0.6724952684521982
0.6773230346565446
0.670158807391417
0.6724952684522079
0.6773230346565368
0.6701588073914119
0.672495268452197
0.6773230346565409
0.6701588073914293
0.6724952684522106
0.6773230346565327
0.6701588073914224
0.6724952684521903
0.6773230346565209
0.6701588073914211
0.6724952684522096
0.6773230346565339
0.6701588073914131
0.672495268452172
0.6773230346565214
0.670158807391393
0.6724952684521892
0.6773230346565491
0.6701588073913749
0.6724952684521228
0.6773230346565577
0.6701588073913801
0.6724952684521549
0.6773230346565479
0.670158807391398
0.6724952684521547
0.6773230346565658
0.6701588073914009
0.6724952684521943
0.6773230346565413
0.6701588073914195
0.6724952684521646
0.6773230346565169
0.6701588073914153
0.6724952684521923
0.6773230346565468
0.6701588073914176
0.6724952684521952
0.6773230346565308
0.6701588073914212
0.6724952684522003
0.6773230346565271
0.6701588073914178
0.6724952684522087
0.677323034656537
0.6701588073914275
0.6724952684522137
0.6773230346565527
0.6701588073914118
0.6724952684521863
0.677323034656543
0.6701588073914396
0.6724952684522281
0.6773230346565495
0.6701588073914195
0.6724952684521905
0.6773230346565291
0.6701588073914093
0.6724952684522034
0.6773230346565486
0.6701588073913913
0.6724952684521505
0.6773230346565353
0.6701588073913916
0.6724952684521819
0.6773230346565332
0.6701588073913969
0.6724952684521487
0.6773230346565395
0.6701588073913831
0.6724952684521743
0.6773230346565471
0.670158807391398
0.6724952684521504
0.6773230346565406
0.6701588073913984
0.6724952684521696
0.6773230346565191
0.6701588073914169
0.6724952684521794
0.6773230346565327
0.6701588073914053
0.6724952684521891
0.6773230346565368
0.6701588073914233
0.6724952684521983
0.6773230346565129
0.6701588073914193
0.6724952684521881
0.6773230346565471
0.6701588073914206
0.6724952684521899
0.677323034656554
0.6701588073914295
0.672495268452229
0.677323034656557
0.6701588073914144
0.6724952684521848
0.6773230346565536
0.6701588073914301
0.6724952684522169
0.6773230346565664
0.6701588073913964
0.6724952684521672
0.6773230346565511
0.6701588073914116
0.6724952684522034
0.6773230346565567
0.6701588073914153
0.6724952684521686
0.6773230346565215
0.6701588073914012
0.672495268452193
0.6773230346565245
0.6701588073913949
0.6724952684521541
0.6773230346565421
0.6701588073913796
0.672495268452149
0.6773230346565255
0.6701588073913973
0.672495268452149
0.6773230346565261
0.6701588073913847
0.6724952684521749
0.6773230346565184
0.6701588073914202
0.6724952684521981
0.6773230346565184
0.6701588073913987
0.6724952684521681
0.6773230346565271
0.6701588073914362
0.6724952684522074
0.6773230346565224
0.6701588073914381
0.6724952684522402
0.6773230346565392
0.670158807391415
0.6724952684521899
0.6773230346565469
0.6701588073914249
0.6724952684522145
0.6773230346565525
0.6701588073913901
0.6724952684521619
0.6773230346565671
0.6701588073914294
0.6724952684522219
0.6773230346565686
0.6701588073914205
0.6724952684521911
0.6773230346565402
0.6701588073914237
0.6724952684522079
0.6773230346565495
0.6701588073914198
0.672495268452169
0.6773230346565215
0.6701588073913944
0.6724952684521808
0.6773230346565374
0.6701588073913969
0.672495268452154
0.6773230346565453
0.6701588073913706
0.6724952684521326
0.6773230346565061
0.6701588073914
0.6724952684521692
0.6773230346565311
0.6701588073913805
0.6724952684521686
0.677323034656536
0.6701588073914286
0.6724952684521903
0.6773230346565011
0.670158807391402
0.672495268452163
0.6773230346565184
0.6701588073913975
0.6724952684521772
0.6773230346565529
0.670158807391429
0.6724952684522276
0.6773230346565428
0.6701588073913939
0.6724952684521533
0.6773230346565426
0.6701588073914222
0.6724952684522185
0.6773230346565569
0.6701588073914102
0.6724952684521968
0.6773230346565557
0.6701588073914364
0.6724952684522296
0.6773230346565471
0.6701588073914239
0.6724952684521842
0.677323034656522
0.670158807391417
0.6724952684521921
0.6773230346565386
0.670158807391416
0.6724952684521845
0.6773230346565348
0.6701588073913892
0.6724952684521723
0.6773230346565271
0.6701588073914024
0.6724952684521575
0.6773230346565254
0.670158807391366
0.6724952684521299
0.6773230346565385
0.6701588073914122
0.6724952684521812
0.6773230346565565
0.6701588073913819
0.6724952684521459
0.677323034656515
0.6701588073914373
0.6724952684522068
0.6773230346565122
0.6701588073914277
0.6724952684522092
0.677323034656552
0.6701588073913769
0.6724952684521517
0.6773230346565655
0.6701588073914314
0.672495268452213
0.6773230346565305
0.6701588073914171
0.6724952684521806
0.6773230346565462
0.6701588073914304
0.6724952684522386
0.6773230346565572
0.6701588073914104
0.6724952684521897
0.6773230346565376
0.6701588073914322
0.6724952684522019
0.6773230346565304
0.670158807391418
0.6724952684521921
0.6773230346565197
0.6701588073914031
0.672495268452193
0.6773230346565295
0.6701588073914218
0.6724952684521932
0.6773230346565141
0.6701588073913811
0.6724952684521504
0.6773230346565192
0.6701588073914124
0.6724952684521726
0.6773230346565406
0.6701588073913698
0.6724952684521338
0.6773230346565475
0.6701588073914182
0.6724952684521899
0.6773230346565471
0.6701588073913824
0.6724952684521448
0.6773230346565244
0.6701588073913585
0.6724952684521331
0.6773230346565553
0.6701588073914303
0.6724952684522135
0.6773230346565514
0.670158807391401
0.6724952684521637
0.6773230346565391
0.6701588073914405
0.672495268452225
0.6773230346565373
0.6701588073914198
0.6724952684521907
0.6773230346565547
0.6701588073914264
0.6724952684522154
0.6773230346565506
0.6701588073914131
0.6724952684521867
0.6773230346565429
0.670158807391422
0.6724952684521988
0.6773230346565264
0.670158807391422
0.6724952684522117
0.6773230346565152
0.6701588073914004
0.6724952684521787
0.6773230346565369
0.670158807391429
0.6724952684521878
0.6773230346565029
0.670158807391381
0.6724952684521497
0.6773230346565118
0.6701588073914171
0.6724952684522024
0.6773230346565569
0.6701588073913647
0.6724952684521252
0.6773230346565338
0.6701588073914095
0.6724952684521718
0.6773230346565444
0.670158807391406
0.6724952684521833
0.6773230346565572
0.6701588073913809
0.6724952684521635
0.6773230346565416
0.6701588073914355
0.6724952684522101
0.6773230346565153
0.6701588073914017
0.6724952684521611
0.6773230346565278
0.6701588073914351
0.6724952684522174
0.6773230346565354
0.6701588073914166
0.6724952684521941
0.6773230346565502
0.6701588073914202
0.6724952684522004
0.6773230346565388
0.6701588073914186
0.6724952684522012
0.6773230346565408
0.6701588073914172
0.6724952684521965
0.6773230346565519
0.6701588073914355
0.6724952684522172
0.6773230346565332
0.6701588073914007
0.6724952684521599
0.6773230346565262
0.6701588073914357
0.6724952684522105
0.6773230346565153
0.6701588073913793
0.6724952684521635
0.6773230346565406
0.6701588073914072
0.6724952684521832
0.677323034656556
0.6701588073913407
0.6724952684520904
0.6773230346565315