0.18  0.2145431744466266
0.18  0.19633314596442325
0.18  0.24574569194405751
0.18  0.2145431744466266
0.18  0.19633314596442325
0.18  0.24574569194405751
0.18  0.2706350938882476
0.18  0.2856681414130112
0.18  0.32570997577254546
0.18  0.2706350938882477
0.18  0.2856681414130112
0.18  0.3257099757725455
0.18  0.21713494254268725
0.18  0.21453279705017164
0.18  0.22201094345855357
0.18  0.21713494254268725
0.18  0.21453279705017164
0.18  0.22201094345855357
0.18  0.2655733905204124
0.18  0.27068631733131243
0.18  0.3149663973825875
0.18  0.2655733905204124
0.18  0.2706863173313127
0.18  0.3149663973825876
0.18  0.26365088480585525
0.18  0.27255305650552486
0.18  0.29957425524232634
0.18  0.26365088480585525
0.18  0.2725530565055246
0.18  0.2995742552423261
0.18  0.28220298980904956
0.18  0.2715908229067193
0.18  0.3535262557549952
0.18  0.2822029898090496
0.18  0.27159082290670566
0.18  0.3535262557549952
0.18  0.21454317444662815
0.18  0.1963331459644298
0.18  0.24574569194405563
0.18  0.21454317444662827
0.18  0.1963331459644298
0.18  0.24574569194405582
0.18  0.2706350938882473
0.18  0.28566814141301156
0.18  0.3257099757725444
0.18  0.27063509388824736
0.18  0.28566814141301156
0.18  0.3257099757725442
0.18  0.2171349425426954
0.18  0.21453279705013986
0.18  0.2220109434585485
0.18  0.2171349425426954
0.18  0.21453279705013958
0.18  0.22201094345854855
0.18  0.2655733905204351
0.18  0.27068631733124
0.18  0.3149663973825548
0.18  0.2655733905204351
0.18  0.27068631733124
0.18  0.3149663973825547
0.18  0.26365088480572774
0.18  0.2725530565054997
0.18  0.29957425524229714
0.18  0.26365088480572774
0.18  0.2725530565054995
0.18  0.299574255242297
0.18  0.2822029898090226
0.18  0.2715908229068454
0.18  0.3535262557550475
0.18  0.2822029898090226
0.18  0.2715908229068454
0.18  0.3535262557550468
0.18  0.2145431744466228
0.18  0.19633314596442333
0.18  0.24574569194405582
0.18  0.21454317444662246
0.18  0.1963331459644245
0.18  0.24574569194405593
0.18  0.2706350938882469
0.18  0.28566814141301
0.18  0.3257099757725442
0.18  0.2706350938882469
0.18  0.2856681414130101
0.18  0.3257099757725442
0.18  0.21713494254269508
0.18  0.21453279705017175
0.18  0.2220109434585632
0.18  0.21713494254269503
0.18  0.21453279705017178
0.18  0.22201094345856323
0.18  0.2655733905204903
0.18  0.27068631733135917
0.18  0.3149663973826282
0.18  0.2655733905205072
0.18  0.27068631733135917
0.18  0.31496639738262827
0.18  0.26365088480575405
0.18  0.27255305650564293
0.18  0.2995742552423463
0.18  0.26365088480575394
0.18  0.272553056505643
0.18  0.2995742552423463
0.18  0.2822029898086607
0.18  0.27159082290643705
0.18  0.35352625575447294
0.18  0.2822029898086607
0.18  0.27159082290643694
0.18  0.3535262557544727
0.18  0.21454317444662122
0.18  0.1963331459644052
0.18  0.2457456919440564
0.18  0.21454317444662116
0.18  0.19633314596440524
0.18  0.24574569194405646
0.18  0.2706350938882472
0.18  0.2856681414130067
0.18  0.32570997577254557
0.18  0.2706350938882472
0.18  0.2856681414130068
0.18  0.32570997577254557
0.18  0.21713494254268725
0.18  0.21453279705018402
0.18  0.22201094345856745
0.18  0.21713494254268725
0.18  0.2145327970501839
0.18  0.22201094345856756
0.18  0.2655733905204643
0.18  0.2706863173314055
0.18  0.3149663973826316
0.18  0.26557339052046425
0.18  0.2706863173314055
0.18  0.31496639738263177
0.18  0.26365088480587906
0.18  0.2725530565056277
0.18  0.2995742552423508
0.18  0.26365088480587906
0.18  0.272553056505624
0.18  0.2995742552423508
0.18  0.2822029898087739
0.18  0.27159082290639
0.18  0.35352625575455027
0.18  0.2822029898087739
0.18  0.2715908229063897
0.18  0.35352625575455027
0.18  0.17853541849333088
0.18  0.19109713627089203
0.18  0.15303480682527104
0.18  0.17853541849333088
0.18  0.191097136270892
0.18  0.15303480682527104
0.18  0.2492536556452949
0.18  0.2610042744733544
0.18  0.2691909204068022
0.18  0.24925365564529461
0.18  0.26100427447335445
0.18  0.2691909204068021
0.18  0.27145767126669673
0.18  0.2731197553389069
0.18  0.3136569836574992
0.18  0.2714576712666832
0.18  0.2731197553389069
0.18  0.3136569836574993
0.18  0.2772739295142625
0.18  0.25795771158046565
0.18  0.3341515452416932
0.18  0.2772739295142622
0.18  0.25795771158046565
0.18  0.3341515452416905
0.18  0.259293846243472
0.18  0.26977450585131607
0.18  0.33050035649679915
0.18  0.259293846243472
0.18  0.2697745058513158
0.18  0.330500356496802
0.18  0.27617140524498973
0.18  0.28261095928035124
0.18  0.3389407321384224
0.18  0.2761714052449707
0.18  0.2826109592803514
0.18  0.3389407321384224
0.18  0.17853541849332932
0.18  0.19109713627089017
0.18  0.15303480682527312
0.18  0.17853541849332943
0.18  0.19109713627089017
0.18  0.15303480682527315
0.18  0.2492536556452945
0.18  0.26100427447333513
0.18  0.2691909204067819
0.18  0.2492536556452945
0.18  0.2610042744733351
0.18  0.269190920406782
0.18  0.27145767126670345
0.18  0.27311975533888083
0.18  0.31365698365750955
0.18  0.27145767126670356
0.18  0.2731197553388809
0.18  0.31365698365750955
0.18  0.2772739295143615
0.18  0.2579577115806316
0.18  0.33415154524180546
0.18  0.2772739295143648
0.18  0.2579577115806316
0.18  0.33415154524180546
0.18  0.2592938462433819
0.18  0.2697745058515278
0.18  0.33050035649678206
0.18  0.25929384624338103
0.18  0.26977450585152785
0.18  0.3305003564967821
0.18  0.27617140524479383
0.18  0.28261095928035607
0.18  0.3389407321381825
0.18  0.27617140524479394
0.18  0.2826109592803561
0.18  0.33894073213818254
0.18  0.17853541849331261
0.18  0.19109713627088296
0.18  0.15303480682527346
0.18  0.17853541849331261
0.18  0.19109713627088296
0.18  0.15303480682527346
0.18  0.24925365564530141
0.18  0.26100427447331526
0.18  0.26919092040678705
0.18  0.24925365564530147
0.18  0.2610042744733155
0.18  0.2691909204067871
0.18  0.2714576712667505
0.18  0.27311975533891336
0.18  0.3136569836575269
0.18  0.2714576712667539
0.18  0.27311975533892685
0.18  0.31365698365752687
0.18  0.277273929514485
0.18  0.2579577115807262
0.18  0.3341515452418558
0.18  0.277273929514485
0.18  0.2579577115807262
0.18  0.3341515452418556
0.18  0.2592938462432801
0.18  0.2697745058513311
0.18  0.33050035649656495
0.18  0.2592938462432801
0.18  0.2697745058513311
0.18  0.33050035649656495
0.18  0.27617140524453604
0.18  0.28261095927996777
0.18  0.33894073213762627
0.18  0.27617140524453615
0.18  0.28261095927996777
0.18  0.3389407321376256
0.18  0.17853541849331325
0.18  0.19109713627089017
0.18  0.15303480682527315
0.18  0.17853541849331325
0.18  0.19109713627089017
0.18  0.15303480682527315
0.18  0.2492536556453004
0.18  0.2610042744733364
0.18  0.2691909204068024
0.18  0.2492536556453004
0.18  0.26100427447333635
0.18  0.2691909204068024
0.18  0.271457671266742
0.18  0.2731197553389534
0.18  0.313656983657504
0.18  0.271457671266742
0.18  0.2731197553389534
0.18  0.313656983657504
0.18  0.27727392951434615
0.18  0.25795771158053776
0.18  0.33415154524171103
0.18  0.27727392951434526
0.18  0.25795771158053765
0.18  0.33415154524171103
0.18  0.2592938462433809
0.18  0.26977450585114776
0.18  0.3305003564966364
0.18  0.2592938462433809
0.18  0.26977450585114804
0.18  0.33050035649663656
0.18  0.2761714052447942
0.18  0.28261095928006175
0.18  0.33894073213802145
0.18  0.2761714052447976
0.18  0.2826109592800617
0.18  0.3389407321380215
