0.6541967388445671
0.6515964703652692
0.697298715168302
0.6540993226921367
0.6542574028703914
0.6969558781398983
0.6566866995426174
0.6546664340231484
0.6973137546483652
0.655414397559883
0.6552704931467436
0.6977689696009755
0.6542651206673757
0.6531785782106889
0.6976540295283324
0.6562202306316207
0.6545719467031927
0.6977199848095187
0.6545894665685985
0.6552380394871187
0.6969899574278371
0.6543636906171543
0.6542587023671969
0.6955296133617299
0.6562912626442443
0.653883236548447
0.6969197972942317
0.6552893922959218
0.656509135834908
0.6977744626325569
0.6531208811517661
0.6547909714935481
0.6977619681040134
0.6555098342346601
0.6557066462944117
0.6979764317506589
0.6552293446873423
0.6562417014609515
0.6974369362271624
0.6549040444465298
0.653626047561436
0.6970859033514851
0.6516959453741766
0.6541836767554183
0.697305830543286
0.6536373366389094
0.6548969938776485
0.6970853943979357
0.6560975395440087
0.6557726556957779
0.6945283729666076
0.6543497315915647
0.6543356224426837
0.6967714815082586
0.654489957649404
0.6549567392195863
0.6978412095453792
0.6557089061052923
0.6541907160014313
0.6981606336359146
0.6544637824027761
0.6549265067318246
0.6981187456649474
0.6553432776231713
0.6547764570758987
0.6977878502932359
0.6546832888204054
0.6542629932123616
0.6880105564446011
0.6556884080258072
0.655293626599598
0.697768822992183
0.6558615232198433
0.6545726628391251
0.6980626822255126
0.6540887228940757
0.656544005107825
0.6981462015780056
0.6553103225262074
0.6553973697367315
0.6978168348744955
0.6543828764617645
0.6543660940083857
0.6967526052067787
0.6557823326553835
0.6560511281830931
0.6945049817631446
0.6542440860533624
0.6540708908126063
0.6969566416267248
0.6562606953221718
0.6552323935457687
0.6974231066499929
0.6543720611387418
0.6543821207806257
0.6967527964226712
0.6524315961226455
0.6540898432900643
0.699340032953915
0.653466082741633
0.6538263610322228
0.6965847972628684
0.6511124254470212
0.6543292905705993
0.6982946948364988
0.6564381239920494
0.6559438150159373
0.6968785218878425
0.6545158270034528
0.6534279112197287
0.6968781542814209
0.6549457162487949
0.6542294397375232
0.6919553464904817
0.6542308831891135
0.6547507814676838
0.6972770522160906
0.6561907569949079
0.6553549994630723
0.6969890050153812
0.6538726430420083
0.6523386348460286
0.6983557962987147
0.653972174403858
0.6534184315312027
0.6965157125729955
0.6540840095693966
0.6524256782566695
0.6993510720015308
0.6543416868422114
0.6543523424070812
0.6967756361153086
0.6546672578601657
0.656662292885362
0.697326367879238
0.6557355702566791
0.6555120977959279
0.6979747538645598
0.655441976845391
0.6553148864341078
0.6978246724357389
0.6534165663481375
0.6539656795105953
0.6965149352419417
0.6542608957577813
0.6569524039642114
0.6957782424438673
0.6525735386946686
0.6546145565537669
0.6981692014671308
0.6580213158298048
0.6557059953996085
0.6976924861282465
0.6549361398773179
0.6574929931375882
0.696159469379433
0.6543712681934055
0.6537299490715155
0.6991356964664287
0.6583968444804615
0.6545529790838485
0.696680585979201
0.6549594224891861
0.6565876323049398
0.6974820958721826
0.6542228428807884
0.6518758812970917
0.6975879929626645
0.6569523301917484
0.6541764578309255
0.6957928086781456
0.653822256172114
0.6534646117548657
0.6965848041871405
0.654965472784207
0.6544556966368003
0.697838930432046
0.6552704569556264
0.6554023203874103
0.697766024103565
0.6548155098967838
0.6531127504722343
0.6977645113456954
0.6565902011721755
0.6541013115901293
0.6981501068038256
0.6523375170840409
0.6538736382520616
0.6983544126241888
0.6519041849905733
0.654236565235236
0.6975988882717635
0.6578386235730358
0.655460297213501
0.6961945624186954
0.6604956689039396
0.6564161748541592
0.6976549130227414
0.6552905817357151
0.6534903736271682
0.6965147348764906
0.6551735102460752
0.6545701368040805
0.7038630226023751
0.6543425978153465
0.6544565014478132
0.6968847340379111
0.6561320430143442
0.6574865822572908
0.6974121928869004
0.6554711333628938
0.6578018486455226
0.6961884083699934
0.6546166245879036
0.6525723957115318
0.6981657095048359
0.65433287937317
0.6511124404062412
0.6983010412080632
0.6541791658151439
0.6556823210833618
0.698161420948791
0.6531863251324508
0.6542510651974791
0.6976524271078088
0.6565181286713309
0.6552822314916573
0.6977842658008093
0.6545738408093384
0.6558413457463529
0.6980656619704518
0.6553642056016603
0.6561749110656028
0.6969801903821073
0.6566101338554795
0.6549712284054441
0.6974961673725077
0.6574875966079907
0.6560954891465742
0.6973884728291222
0.6610956482042692
0.6554234533246212
0.698844027840908
0.649592194051768
0.6529103038585489
0.6962764430093001
0.6551456388662243
0.6553577779111026
0.6945725801741232
0.6552983725831095
0.6526092196272901
0.6965367490597186
0.6554375585742224
0.6610842014512971
0.6988806671178103
0.6564656356803921
0.6605041927617467
0.6976733699397804
0.6557135152727913
0.6580064581861529
0.6976818255190058
0.6559396879564182
0.6564381032981195
0.6968888680601779
0.6549398775683581
0.6544817101961055
0.6981160455071241
0.6545761537241177
0.6562047157232332
0.6977153161510885
0.6538884413250965
0.6562515352525856
0.6969266208910432
0.6553587728174722
0.6556764601423675
0.6977806323539617
0.6547600994285641
0.6541831984722672
0.6972639905369535
0.6545353782760356
0.6582864258972639
0.696670935546682
0.6544560726711841
0.6543528053501411
0.6969113915617263
0.6526203963400402
0.6553052538937005
0.6965380956348863
0.6195362146942707
0.648180137517332
0.6978417900235646
0.6464415806694379
0.6502034519515909
0.6567274983221455
0.6482449583755046
0.6195137285928953
0.6978522704404464
0.6529032405593362
0.6495699795033764
0.6962830615753401
0.65349438821177
0.6552852999168521
0.6965014999680401
0.6576157028366576
0.654974379206255
0.6961870569715738
0.6534480855860995
0.6544936950443105
0.6968864460592664
0.6547741006406114
0.655283430669676
0.6977736087692967
0.6552480211301634
0.6545832087152578
0.6969890895703863
0.6542554674077037
0.6543642312378839
0.6955278201300634
0.6542837269466755
0.6546753532734965
0.6880108784587975
0.6542345188445554
0.6549424110108991
0.6919504778355561
0.6537739575542904
0.6543833139172048
0.6991415228507197
0.6545792540337002
0.6551672855418789
0.7038630451711624
0.6553720772874118
0.6551327693016558
0.694570695693453
0.6502067492002145
0.646443192432943
0.6567232486406482
0.027947231444873783
0.027945029665756793
0.024801308274534598
0.6502067492002142
0.6464431924329431
0.6567232486406489
0.6553720772874121
0.6551327693016555
0.6945706956934536
0.6545792540337005
0.6551672855418789
0.703863045171162
0.6537739575542905
0.6543833139172055
0.6991415228507194
0.6542345188445551
0.6549424110108988
0.6919504778355563
0.6542837269466752
0.6546753532734961
0.6880108784587979
0.6542554674077035
0.6543642312378838
0.6955278201300635
0.655248021130163
0.6545832087152577
0.6969890895703863
0.6547741006406115
0.655283430669676
0.6977736087692961
0.6534480855860997
0.6544936950443108
0.6968864460592671
0.6576157028366578
0.6549743792062549
0.6961870569715736
0.6534943882117701
0.6552852999168521
0.6965014999680401
0.6529032405593362
0.6495699795033762
0.6962830615753399
0.648244958375505
0.619513728592895
0.6978522704404458
0.6464415806694378
0.6502034519515907
0.6567274983221454
0.6195362146942708
0.6481801375173323
0.6978417900235645
0.6526203963400399
0.6553052538937005
0.6965380956348861
0.654456072671184
0.6543528053501415
0.6969113915617264
0.6545353782760357
0.6582864258972642
0.6966709355466821
0.6547600994285636
0.654183198472267
0.6972639905369532
0.6553587728174722
0.6556764601423672
0.697780632353962
0.6538884413250967
0.6562515352525854
0.6969266208910433
0.6545761537241175
0.6562047157232337
0.6977153161510886
0.6549398775683584
0.654481710196105
0.6981160455071238
0.6559396879564179
0.6564381032981191
0.6968888680601779
0.6557135152727909
0.6580064581861531
0.6976818255190058
0.656465635680392
0.6605041927617465
0.69767336993978
0.6554375585742227
0.6610842014512968
0.6988806671178098
0.6552983725831103
0.6526092196272903
0.6965367490597186
0.6551456388662243
0.655357777911103
0.6945725801741232
0.6495921940517679
0.6529103038585489
0.6962764430093002
0.6610956482042696
0.6554234533246207
0.6988440278409077
0.6574875966079909
0.656095489146574
0.6973884728291218
0.6566101338554797
0.654971228405444
0.6974961673725076
0.6553642056016604
0.6561749110656028
0.6969801903821071
0.6545738408093384
0.655841345746353
0.6980656619704522
0.6565181286713306
0.6552822314916582
0.6977842658008091
0.6531863251324505
0.6542510651974789
0.6976524271078088
0.6541791658151441
0.6556823210833616
0.6981614209487911
0.6543328793731698
0.6511124404062412
0.6983010412080632
0.6546166245879033
0.6525723957115315
0.6981657095048359
0.6554711333628936
0.6578018486455226
0.6961884083699931
0.6561320430143442
0.6574865822572906
0.6974121928869004
0.654342597815347
0.654456501447813
0.6968847340379107
0.655173510246075
0.6545701368040804
0.7038630226023747
0.6552905817357144
0.6534903736271681
0.6965147348764907
0.66049566890394
0.6564161748541593
0.697654913022741
0.657838623573036
0.6554602972135009
0.6961945624186952
0.6519041849905733
0.6542365652352358
0.6975988882717636
0.6523375170840411
0.6538736382520618
0.6983544126241892
0.6565902011721755
0.6541013115901293
0.6981501068038259
0.6548155098967839
0.653112750472234
0.6977645113456956
0.655270456955626
0.6554023203874101
0.697766024103565
0.6549654727842071
0.6544556966368003
0.697838930432046
0.6538222561721143
0.6534646117548664
0.6965848041871412
0.6569523301917484
0.6541764578309252
0.6957928086781455
0.6542228428807888
0.6518758812970918
0.6975879929626642
0.654959422489186
0.6565876323049398
0.6974820958721824
0.6583968444804617
0.6545529790838489
0.6966805859792013
0.6543712681934055
0.653729949071516
0.6991356964664283
0.6549361398773181
0.6574929931375879
0.6961594693794326
0.6580213158298047
0.6557059953996086
0.6976924861282465
0.6525735386946688
0.6546145565537669
0.6981692014671308
0.6542608957577813
0.6569524039642112
0.6957782424438677
0.6534165663481375
0.6539656795105955
0.6965149352419417
0.6554419768453905
0.6553148864341081
0.6978246724357389
0.6557355702566794
0.6555120977959275
0.6979747538645594
0.6546672578601653
0.6566622928853623
0.6973263678792377
0.6543416868422112
0.6543523424070807
0.6967756361153081
0.6540840095693968
0.6524256782566692
0.699351072001531
0.6539721744038578
0.6534184315312025
0.6965157125729955
0.6538726430420085
0.6523386348460287
0.6983557962987141
0.6561907569949078
0.6553549994630723
0.6969890050153811
0.6542308831891135
0.6547507814676838
0.6972770522160906
0.6549457162487948
0.6542294397375238
0.6919553464904821
0.654515827003453
0.6534279112197291
0.6968781542814209
0.6564381239920494
0.6559438150159376
0.6968785218878423
0.6511124254470216
0.6543292905705996
0.6982946948364989
0.653466082741633
0.653826361032223
0.6965847972628683
0.652431596122645
0.6540898432900638
0.699340032953915
0.6543720611387416
0.6543821207806259
0.6967527964226712
0.6562606953221717
0.6552323935457691
0.6974231066499925
0.6542440860533623
0.6540708908126063
0.6969566416267241
0.6557823326553838
0.6560511281830932
0.6945049817631445
0.6543828764617645
0.6543660940083855
0.6967526052067787
0.6553103225262068
0.6553973697367318
0.6978168348744956
0.6540887228940757
0.6565440051078241
0.6981462015780054
0.6558615232198434
0.6545726628391249
0.698062682225512
0.6556884080258073
0.6552936265995978
0.6977688229921831
0.6546832888204053
0.6542629932123616
0.6880105564446011
0.6553432776231713
0.6547764570758985
0.6977878502932358
0.6544637824027761
0.6549265067318244
0.6981187456649474
0.6557089061052923
0.6541907160014313
0.6981606336359146
0.6544899576494041
0.654956739219587
0.6978412095453795
0.6543497315915646
0.6543356224426837
0.6967714815082591
0.6560975395440083
0.6557726556957784
0.6945283729666074
0.6536373366389097
0.6548969938776483
0.6970853943979354
0.6516959453741767
0.6541836767554183
0.6973058305432859
0.6549040444465298
0.6536260475614359
0.697085903351485
0.6552293446873425
0.6562417014609522
0.6974369362271626
0.6555098342346599
0.6557066462944117
0.6979764317506589
0.6531208811517663
0.654790971493548
0.6977619681040137
0.6552893922959222
0.6565091358349078
0.6977744626325574
0.6562912626442446
0.6538832365484475
0.6969197972942318
0.6543636906171542
0.6542587023671969
0.6955296133617299
0.6545894665685982
0.6552380394871185
0.6969899574278369
0.6562202306316207
0.654571946703193
0.6977199848095182
0.6542651206673761
0.6531785782106894
0.697654029528332
0.6554143975598832
0.6552704931467437
0.697768969600975
0.656686699542617
0.6546664340231483
0.6973137546483659
0.6540993226921363
0.6542574028703916
0.6969558781398985
0.6541967388445671
0.651596470365269
0.6972987151683018