0.6531455237470858
0.6564065279295727
0.6968997385670164
0.653855513906179
0.6550673852524262
0.6969433588349306
0.6523745716250708
0.6547004195265707
0.6972350771325289
0.6561686850803372
0.6551024426769549
0.6990990728818556
0.6549196712505969
0.6539166313152535
0.6977640740015663
0.6534139192278887
0.6544667581684266
0.6978156178374149
0.6543837260201633
0.6552047657886526
0.695061627454387
0.6554704685188338
0.654101249958264
0.6953097560554911
0.6542065015048885
0.6535681691612327
0.6978613857148088
0.6539931370208347
0.6547272469401002
0.697562345680168
0.6560524544356138
0.6552911589822669
0.6992000236605131
0.6542591555559892
0.6527048784117522
0.6974602765968942
0.6546577654482719
0.6541778643286414
0.697071667030611
0.6564327515913204
0.6531529227139532
0.696858401846583
0.6546071576989785
0.6538516389298791
0.6956514842761841
0.6542215191240717
0.6546483121340152
0.6970866312159963
0.6525565415636887
0.6548712456569958
0.6974320184701202
0.654552003502931
0.6539459498564804
0.6979676754693518
0.6566099302166604
0.6545710063088466
0.6974230059388703
0.6554011528175281
0.6561554464117094
0.6960677676111314
0.6535818017268156
0.6542484071487322
0.6966069468732399
0.6576850702343853
0.654662048792326
0.6975352001547971
0.6551154579401183
0.6570119654125381
0.697532997791936
0.6538632667005584
0.6538871090799732
0.6969443058466341
0.6563450363616592
0.6552570308953933
0.6958597712548664
0.6548473730072878
0.6562134323268928
0.6974230841753568
0.6542151371917475
0.6543920743016505
0.6981249059601677
0.6548599120495491
0.6524254433434686
0.6974157277481136
0.6550767741329518
0.6538172573406651
0.6969282668085288
0.6553107168963839
0.6547205620615115
0.6976792913142871
0.6527075317188007
0.6542587327120047
0.6974484858393372
0.6543905584426113
0.6542236565199997
0.6981284113060807
0.6560923072114875
0.6535241461377472
0.696585804327726
0.6555991115721269
0.6545948790400387
0.6971873062840219
0.6561172998506795
0.6556845370569354
0.6980825520891862
0.6555149759249284
0.6544476816836696
0.6956656105223038
0.6542361866244484
0.6553185196367021
0.6962059264225711
0.6555514366051239
0.653996195159056
0.695946961359482
0.6543264988949458
0.6555061669834839
0.6957185282555405
0.655507112620741
0.6563723775182699
0.6980094752118408
0.6551537599951807
0.65496942534636
0.6976084665776656
0.6535053688915546
0.6560203503968334
0.6966018758149828
0.6539460405410362
0.6545509004194794
0.6979639696192916
0.6546958745834401
0.6523748013013531
0.6972400026746611
0.6562530160124553
0.6566199940193765
0.697249512539373
0.6552917345291449
0.6560522148564124
0.6992017400436881
0.6562190923227895
0.6548498871229949
0.69742764974035
0.6549697271730096
0.6551388006167667
0.6975798071152328
0.6547083642294795
0.6555574541038336
0.6976507853064782
0.650418654349219
0.6534535039523592
0.6966897297964717
0.654034105321999
0.6553759680639241
0.6975642657552297
0.6556692311539083
0.6551442909034345
0.6940885711124121
0.655342791263174
0.6554569034375859
0.6938091277336015
0.6549687916943496
0.6542456965259422
0.6974482030237297
0.6540707753455596
0.649853119932529
0.6967375669398015
0.6555642853830865
0.654712993607216
0.6976726418462318
0.6546014987805615
0.6556011523801116
0.697203380788132
0.6545690565409978
0.6565995214716233
0.6974180623141416
0.6551046263386175
0.6561670513807556
0.699099007551041
0.6543553564119026
0.6547119487612458
0.6987037397321745
0.6547310890439921
0.6539807825084196
0.6975574459462718
0.6552572608171092
0.656300923965577
0.6958642646285155
0.6563886241869324
0.6555021343008052
0.698010025663234
0.6498740680520051
0.6540505868374435
0.6967368522424746
0.6540303161186132
0.6577412045754751
0.6949400721611048
0.6477390336809086
0.6520635868365443
0.7003503088813998
0.6571421590381497
0.6542889989080256
0.6971505148236301
0.6550865717362722
0.6564901027135006
0.6966612553334104
0.652364692343513
0.6474850302928996
0.7006825609962122
0.6578715864723554
0.6540462955984019
0.6949587564345928
0.6534703704192885
0.6503906249499838
0.6966944947415246
0.6556905616094496
0.6561003522970875
0.6980824813496135
0.6561797910218508
0.6554163738284505
0.6960685619237565
0.6539200935238819
0.6549122033683998
0.697764707944467
0.655898601386993
0.6558219681468631
0.6983208379216712
0.6535695945935822
0.6542043130888237
0.6978546272966826
0.6539308047798149
0.6538695962813752
0.6969603153727353
0.6555180110878179
0.6543137246403604
0.6957232446292524
0.6542312504185558
0.6549548802696805
0.6974515787497672
0.6475122097330448
0.6523829228069271
0.7006871496346063
0.6579449852177833
0.6536429806498076
0.7015196980340805
0.6594695245127822
0.6553649115033138
0.7050689874791061
0.6564798093338102
0.6585116002251152
0.7053883418395093
0.6536460560932508
0.6579471466137253
0.7015056301345328
0.652056527112818
0.64770201039469
0.7003491052323363
0.6554011473518072
0.6540344524665251
0.6975637216996426
0.6544720384475621
0.6554976035225024
0.6956591511662343
0.6542427879421464
0.6535348961407301
0.6965942007345971
0.6544680708247327
0.6534142741032504
0.6978220096745068
0.6547813924755973
0.6540183062565479
0.6963381702064948
0.6541334972678181
0.6554583327487322
0.6953067126583945
0.6570621878414229
0.6551306068604469
0.6975326686738715
0.653995726171605
0.6555037452232386
0.695941465977243
0.6554598067244912
0.6553276776181352
0.6938122198681902
0.656531568726446
0.6551001799416007
0.6966649423959674
0.6585087992203453
0.6564663347049593
0.7053920604976995
0.7568919169252126
0.6823706349617642
0.7400894577090074
0.6823555856511196
0.7568512450102247
0.7400857205973278
0.6553746973981287
0.6594732843395219
0.7050670538535474
0.6542790324102513
0.6570850645579791
0.6971509921785044
0.6551520454584426
0.6556664043611001
0.6940858092501395
0.6553329700713602
0.6542525665115194
0.696211374317601
0.6546556553763772
0.6576148840584837
0.6975396301998309
0.6552189376730722
0.6543496625958782
0.6950693588350482
0.6548186013145898
0.6551553772402627
0.6929873761820253
0.6552189376730723
0.6543496625958778
0.6950693588350485
0.6546556553763764
0.6576148840584841
0.697539630199831
0.6553329700713603
0.6542525665115193
0.6962113743176006
0.655152045458443
0.6556664043610998
0.6940858092501392
0.6542790324102516
0.6570850645579788
0.6971509921785042
0.6553746973981286
0.659473284339522
0.7050670538535475
0.6823555856511195
0.7568512450102249
0.7400857205973279
0.7568919169252128
0.6823706349617643
0.7400894577090071
0.6585087992203456
0.6564663347049597
0.7053920604976995
0.6565315687264462
0.6551001799416009
0.6966649423959673
0.6554598067244912
0.6553276776181347
0.69381221986819
0.6539957261716055
0.6555037452232388
0.6959414659772427
0.6570621878414222
0.6551306068604472
0.697532668673871
0.6541334972678179
0.6554583327487321
0.6953067126583942
0.65481860131459
0.6551553772402627
0.6929873761820254
0.6544680708247329
0.6534142741032505
0.6978220096745067
0.6542427879421462
0.6535348961407306
0.6965942007345971
0.6544720384475622
0.6554976035225024
0.6956591511662341
0.6554011473518075
0.6540344524665249
0.6975637216996428
0.6520565271128178
0.6477020103946898
0.7003491052323366
0.65364605609325
0.657947146613725
0.7015056301345326
0.65647980933381
0.6585116002251159
0.7053883418395089
0.659469524512782
0.6553649115033138
0.7050689874791054
0.6579449852177839
0.653642980649807
0.7015196980340801
0.6475122097330446
0.6523829228069271
0.7006871496346061
0.6542312504185557
0.6549548802696804
0.6974515787497674
0.6555180110878182
0.6543137246403604
0.6957232446292524
0.6539308047798154
0.6538695962813752
0.6969603153727348
0.6535695945935828
0.654204313088824
0.6978546272966821
0.654781392475597
0.6540183062565477
0.696338170206495
0.6539200935238823
0.6549122033683996
0.6977647079444664
0.6561797910218509
0.6554163738284509
0.6960685619237569
0.6556905616094497
0.6561003522970872
0.6980824813496134
0.6534703704192888
0.6503906249499838
0.696694494741525
0.6578715864723552
0.6540462955984019
0.6949587564345929
0.6523646923435131
0.6474850302928998
0.700682560996212
0.6550865717362717
0.6564901027135008
0.6966612553334106
0.6571421590381493
0.6542889989080256
0.6971505148236301
0.6477390336809086
0.6520635868365438
0.7003503088813996
0.6540303161186138
0.6577412045754748
0.6949400721611048
0.6498740680520048
0.6540505868374432
0.6967368522424748
0.6563886241869328
0.6555021343008052
0.698010025663234
0.6552572608171099
0.6563009239655768
0.6958642646285152
0.6547310890439917
0.6539807825084201
0.6975574459462721
0.6558986013869925
0.6558219681468633
0.6983208379216712
0.6551046263386173
0.6561670513807557
0.6990990075510408
0.6545690565409978
0.6565995214716234
0.6974180623141413
0.6546014987805613
0.6556011523801113
0.6972033807881319
0.655564285383087
0.6547129936072156
0.6976726418462318
0.6540707753455596
0.649853119932529
0.6967375669398012
0.6549687916943499
0.6542456965259431
0.6974482030237295
0.6553427912631736
0.6554569034375863
0.6938091277336011
0.6556692311539081
0.6551442909034344
0.6940885711124121
0.6540341053219987
0.6553759680639242
0.6975642657552297
0.650418654349219
0.6534535039523595
0.6966897297964719
0.65470836422948
0.6555574541038336
0.6976507853064785
0.6549697271730094
0.6551388006167668
0.6975798071152324
0.6562190923227897
0.6548498871229951
0.69742764974035
0.6552917345291449
0.656052214856412
0.6992017400436883
0.6543553564119028
0.6547119487612454
0.698703739732174
0.6546958745834405
0.6523748013013526
0.697240002674661
0.653946040541036
0.6545509004194798
0.6979639696192912
0.6535053688915544
0.6560203503968337
0.6966018758149828
0.6551537599951807
0.6549694253463598
0.6976084665776656
0.6555071126207411
0.6563723775182696
0.6980094752118411
0.6543264988949454
0.6555061669834836
0.6957185282555399
0.655551436605124
0.6539961951590554
0.6959469613594818
0.6542361866244486
0.6553185196367022
0.6962059264225708
0.6555149759249278
0.6544476816836693
0.6956656105223037
0.6561172998506788
0.6556845370569355
0.6980825520891862
0.6555991115721269
0.6545948790400389
0.6971873062840217
0.6560923072114875
0.6535241461377467
0.6965858043277264
0.6543905584426111
0.6542236565199999
0.6981284113060808
0.6527075317188005
0.654258732712005
0.6974484858393375
0.6562530160124549
0.6566199940193769
0.6972495125393732
0.6550767741329517
0.6538172573406649
0.696928266808529
0.6548599120495484
0.652425443343469
0.697415727748113
0.6542151371917477
0.6543920743016506
0.6981249059601675
0.6548473730072876
0.6562134323268922
0.6974230841753567
0.6563450363616594
0.6552570308953936
0.6958597712548665
0.6538632667005586
0.6538871090799728
0.6969443058466345
0.6551154579401184
0.6570119654125375
0.6975329977919358
0.6576850702343849
0.6546620487923261
0.6975352001547971
0.6535818017268155
0.6542484071487317
0.6966069468732393
0.6554011528175285
0.6561554464117092
0.6960677676111315
0.6566099302166604
0.6545710063088463
0.6974230059388699
0.6545520035029311
0.6539459498564801
0.6979676754693521
0.6525565415636889
0.6548712456569958
0.6974320184701202
0.654221519124072
0.6546483121340151
0.6970866312159965
0.6553107168963832
0.6547205620615117
0.6976792913142867
0.6564327515913203
0.653152922713953
0.6968584018465831
0.6546577654482719
0.6541778643286417
0.6970716670306109
0.6542591555559891
0.652704878411752
0.6974602765968942
0.6560524544356137
0.6552911589822663
0.699200023660513
0.6539931370208351
0.6547272469400999
0.6975623456801681
0.6542065015048885
0.6535681691612326
0.6978613857148086
0.655470468518834
0.6541012499582639
0.6953097560554912
0.6543837260201628
0.6552047657886526
0.6950616274543873
0.6534139192278884
0.6544667581684263
0.6978156178374153
0.6549196712505965
0.6539166313152529
0.6977640740015663
0.656168685080337
0.6551024426769552
0.6990990728818552
0.6523745716250706
0.6547004195265704
0.6972350771325287
0.6538555139061788
0.6550673852524261
0.6969433588349311
0.6531455237470856
0.6564065279295723
0.6968997385670164
0.654607157698978
0.6538516389298791
0.6956514842761843
0.6538632601912349
0.6545834809977191
0.6956520343294731
0.6547455077254103
0.6552851260384646
0.6976821728720122
0.6566524526460997
0.6562245630181072
0.697249720046286
0.6547065806970576
0.6543425168038512
0.6986969955396332
0.6558581329631044
0.6558625432565518
0.6983216180437342
0.6540172762494474
0.6547830445176265
0.6963389928680392
0.6551765527102171
0.6547948959666119
0.6929890179610115
0.6551765527102174
0.6547948959666118
0.6929890179610119
0.6540172762494478
0.6547830445176266
0.6963389928680399
0.6558581329631039
0.6558625432565517
0.6983216180437345
0.6547065806970573
0.654342516803851
0.6986969955396332
0.6566524526460996
0.656224563018107
0.6972497200462864
0.6547455077254102
0.655285126038464
0.6976821728720121
0.6538632601912349
0.6545834809977191
0.6956520343294732
0.6567563798674502
0.6567189015160688
0.6933382749173185