0.6541967388445641
0.6515964703652652
0.6972987151682992
0.654099322692133
0.6542574028703877
0.6969558781399088
0.6566866995426097
0.6546664340231405
0.6973137546483776
0.6554143975598803
0.6552704931467452
0.6977689696009782
0.654265120667376
0.6531785782106898
0.6976540295283397
0.6562202306316188
0.654571946703193
0.6977199848095216
0.6545894665685944
0.6552380394871173
0.696989957427836
0.6543636906171553
0.6542587023671975
0.6955296133617296
0.6562912626442434
0.6538832365484486
0.6969197972942363
0.6552893922959201
0.6565091358349063
0.69777446263256
0.6531208811517679
0.6547909714935463
0.697761968104021
0.655509834234658
0.6557066462944049
0.6979764317506654
0.6552293446873341
0.6562417014609456
0.6974369362271666
0.6549040444465268
0.653626047561433
0.6970859033514953
0.6516959453741726
0.6541836767554192
0.6973058305432838
0.6536373366389057
0.6548969938776454
0.6970853943979464
0.6560975395440012
0.655772655695763
0.6945283729666161
0.6543497315915603
0.6543356224426807
0.6967714815082731
0.6544899576493999
0.654956739219585
0.6978412095453927
0.6557089061052895
0.6541907160014317
0.6981606336359267
0.6544637824027723
0.6549265067318218
0.6981187456649492
0.6553432776231648
0.6547764570758974
0.697787850293238
0.6546832888204017
0.6542629932123623
0.6880105564446022
0.6556884080258021
0.655293626599591
0.6977688229921886
0.655861523219841
0.6545726628391204
0.6980626822255209
0.6540887228940776
0.6565440051078175
0.6981462015780164
0.6553103225262059
0.6553973697367248
0.6978168348745123
0.6543828764617607
0.6543660940083826
0.6967526052067824
0.6557823326553688
0.6560511281830859
0.6945049817631532
0.6542440860533587
0.6540708908126038
0.6969566416267272
0.6562606953221641
0.6552323935457595
0.6974231066500086
0.6543720611387384
0.654382120780621
0.6967527964226794
0.6524315961226453
0.6540898432900604
0.6993400329539132
0.6534660827416351
0.6538263610322255
0.6965847972628723
0.6511124254470181
0.6543292905706032
0.698294694836497
0.6564381239920472
0.6559438150159358
0.6968785218878444
0.6545158270034483
0.6534279112197303
0.696878154281435
0.654945716248795
0.654229439737521
0.691955346490486
0.6542308831891082
0.6547507814676806
0.6972770522161034
0.6561907569949077
0.6553549994630665
0.69698900501539
0.6538726430420077
0.65233863484603
0.6983557962987161
0.6539721744038598
0.6534184315312013
0.6965157125729933
0.6540840095693927
0.6524256782566695
0.6993510720015306
0.6543416868422076
0.6543523424070768
0.6967756361153148
0.6546672578601593
0.6566622928853556
0.6973263678792476
0.6557355702566738
0.6555120977959258
0.6979747538645665
0.6554419768453827
0.6553148864341048
0.6978246724357545
0.6534165663481364
0.6539656795105994
0.6965149352419453
0.65426089575778
0.6569524039642134
0.6957782424438657
0.6525735386946677
0.6546145565537684
0.6981692014671252
0.6580213158298023
0.655705995399608
0.6976924861282552
0.6549361398773128
0.6574929931375777
0.6961594693794462
0.6543712681934
0.6537299490715134
0.6991356964664405
0.6583968444804509
0.6545529790838447
0.6966805859792172
0.6549594224891881
0.6565876323049369
0.6974820958721886
0.6542228428807877
0.6518758812970921
0.6975879929626636
0.6569523301917468
0.6541764578309269
0.6957928086781431
0.6538222561721132
0.6534646117548683
0.6965848041871422
0.6549654727842062
0.6544556966367971
0.6978389304320536
0.6552704569556265
0.6554023203874045
0.6977660241035777
0.6548155098967824
0.6531127504722345
0.6977645113457001
0.6565902011721697
0.6541013115901314
0.6981501068038309
0.6523375170840408
0.653873638252062
0.6983544126241882
0.6519041849905719
0.6542365652352373
0.6975988882717667
0.6578386235730328
0.655460297213498
0.6961945624187065
0.6604956689039363
0.6564161748541548
0.6976549130227482
0.6552905817357104
0.6534903736271638
0.6965147348764953
0.655173510246069
0.6545701368040806
0.7038630226023804
0.6543425978153437
0.6544565014478082
0.6968847340379151
0.6561320430143376
0.6574865822572916
0.6974121928868993
0.6554711333628889
0.6578018486455199
0.6961884083700056
0.6546166245879033
0.652572395711532
0.698165709504835
0.6543328793731721
0.6511124404062398
0.698301041208066
0.6541791658151442
0.6556823210833571
0.6981614209487954
0.653186325132451
0.6542510651974778
0.697652427107816
0.6565181286713291
0.6552822314916569
0.6977842658008178
0.6545738408093336
0.655841345746351
0.6980656619704532
0.655364205601655
0.6561749110656055
0.6969801903821093
0.6566101338554756
0.6549712284054476
0.6974961673725173
0.6574875966079893
0.6560954891465689
0.6973884728291257
0.6610956482042594
0.655423453324615
0.6988440278409187
0.6495921940517639
0.6529103038585474
0.6962764430093143
0.6551456388662218
0.6553577779110963
0.6945725801741267
0.6552983725831065
0.6526092196272903
0.6965367490597247
0.6554375585742173
0.6610842014512925
0.698880667117818
0.6564656356803862
0.6605041927617454
0.6976733699397791
0.6557135152727904
0.6580064581861514
0.69768182551901
0.6559396879564142
0.6564381032981162
0.6968888680601837
0.6549398775683553
0.6544817101961011
0.6981160455071327
0.6545761537241173
0.6562047157232311
0.6977153161510912
0.6538884413250949
0.656251535252584
0.6969266208910452
0.6553587728174652
0.6556764601423645
0.6977806323539634
0.6547600994285606
0.654183198472264
0.697263990536966
0.6545353782760321
0.6582864258972532
0.6966709355466867
0.6544560726711783
0.6543528053501375
0.6969113915617349
0.6526203963400374
0.6553052538936974
0.6965380956348971
0.6195362146942673
0.648180137517334
0.6978417900235733
0.646441580669439
0.6502034519515929
0.6567274983221457
0.6482449583755019
0.6195137285928943
0.6978522704404544
0.6529032405593347
0.6495699795033758
0.6962830615753457
0.6534943882117651
0.655285299916849
0.6965014999680442
0.6576157028366469
0.6549743792062499
0.6961870569715889
0.6534480855860991
0.6544936950443054
0.6968864460592721
0.6547741006406069
0.6552834306696693
0.6977736087693055
0.6552480211301627
0.6545832087152554
0.6969890895703901
0.6542554674077032
0.6543642312378852
0.6955278201300579
0.6542837269466752
0.6546753532734918
0.6880108784588004
0.6542345188445529
0.6549424110108981
0.6919504778355613
0.6537739575542867
0.6543833139172004
0.6991415228507339
0.6545792540337017
0.6551672855418726
0.7038630451711756
0.6553720772874045
0.6551327693016538
0.6945706956934534
0.6502067492002144
0.6464431924329453
0.6567232486406471
0.027947231444873384
0.0279450296657564
0.02480130827453513
0.6502067492002143
0.6464431924329456
0.6567232486406474
0.6553720772874051
0.6551327693016538
0.694570695693453
0.6545792540337015
0.6551672855418726
0.7038630451711758
0.6537739575542862
0.6543833139172008
0.6991415228507338
0.6542345188445529
0.6549424110108981
0.6919504778355611
0.6542837269466755
0.6546753532734917
0.6880108784588006
0.6542554674077032
0.6543642312378852
0.6955278201300579
0.6552480211301628
0.6545832087152558
0.6969890895703901
0.6547741006406067
0.6552834306696695
0.6977736087693056
0.6534480855860989
0.6544936950443057
0.6968864460592729
0.6576157028366472
0.6549743792062501
0.6961870569715887
0.6534943882117652
0.6552852999168489
0.6965014999680443
0.6529032405593346
0.6495699795033756
0.696283061575345
0.6482449583755014
0.6195137285928943
0.6978522704404544
0.6464415806694386
0.6502034519515929
0.656727498322146
0.6195362146942673
0.6481801375173342
0.6978417900235736
0.6526203963400377
0.6553052538936974
0.6965380956348974
0.6544560726711787
0.6543528053501375
0.6969113915617348
0.6545353782760319
0.6582864258972534
0.6966709355466867
0.6547600994285605
0.6541831984722644
0.6972639905369664
0.655358772817465
0.6556764601423648
0.697780632353963
0.653888441325095
0.6562515352525837
0.6969266208910454
0.6545761537241169
0.6562047157232311
0.6977153161510913
0.6549398775683555
0.6544817101961011
0.6981160455071327
0.6559396879564141
0.6564381032981165
0.6968888680601837
0.6557135152727904
0.6580064581861518
0.6976818255190098
0.6564656356803864
0.6605041927617457
0.697673369939779
0.6554375585742173
0.6610842014512923
0.6988806671178185
0.6552983725831065
0.6526092196272902
0.6965367490597247
0.6551456388662222
0.6553577779110962
0.6945725801741267
0.6495921940517646
0.6529103038585474
0.6962764430093146
0.6610956482042596
0.6554234533246148
0.6988440278409189
0.6574875966079894
0.6560954891465689
0.6973884728291251
0.6566101338554755
0.6549712284054476
0.6974961673725176
0.6553642056016549
0.6561749110656054
0.6969801903821089
0.6545738408093333
0.6558413457463512
0.6980656619704535
0.6565181286713292
0.6552822314916568
0.697784265800818
0.6531863251324508
0.6542510651974781
0.6976524271078159
0.6541791658151441
0.6556823210833576
0.6981614209487952
0.6543328793731722
0.6511124404062401
0.6983010412080658
0.6546166245879035
0.6525723957115321
0.6981657095048351
0.6554711333628888
0.6578018486455199
0.6961884083700056
0.6561320430143378
0.657486582257292
0.697412192886899
0.6543425978153437
0.6544565014478081
0.6968847340379152
0.6551735102460691
0.6545701368040809
0.7038630226023803
0.6552905817357106
0.6534903736271636
0.6965147348764946
0.6604956689039363
0.6564161748541549
0.6976549130227485
0.657838623573033
0.6554602972134977
0.696194562418706
0.6519041849905721
0.6542365652352373
0.697598888271766
0.6523375170840404
0.6538736382520622
0.6983544126241878
0.6565902011721697
0.6541013115901314
0.6981501068038312
0.654815509896782
0.6531127504722346
0.6977645113457003
0.6552704569556265
0.6554023203874048
0.6977660241035777
0.6549654727842065
0.6544556966367974
0.697838930432054
0.6538222561721134
0.653464611754868
0.6965848041871427
0.6569523301917467
0.6541764578309273
0.6957928086781426
0.6542228428807875
0.6518758812970917
0.6975879929626633
0.6549594224891881
0.6565876323049369
0.6974820958721887
0.6583968444804507
0.6545529790838449
0.6966805859792176
0.6543712681933997
0.6537299490715136
0.6991356964664404
0.6549361398773127
0.6574929931375777
0.6961594693794453
0.6580213158298024
0.655705995399608
0.6976924861282552
0.6525735386946678
0.6546145565537682
0.6981692014671257
0.6542608957577802
0.656952403964213
0.6957782424438655
0.6534165663481365
0.6539656795105997
0.696514935241945
0.655441976845383
0.6553148864341052
0.6978246724357542
0.6557355702566738
0.6555120977959255
0.6979747538645663
0.654667257860159
0.6566622928853554
0.6973263678792477
0.654341686842208
0.6543523424070766
0.6967756361153145
0.6540840095693929
0.6524256782566695
0.6993510720015307
0.6539721744038598
0.6534184315312015
0.6965157125729932
0.6538726430420077
0.6523386348460298
0.6983557962987161
0.6561907569949077
0.6553549994630661
0.6969890050153899
0.6542308831891084
0.6547507814676803
0.6972770522161034
0.654945716248795
0.6542294397375217
0.6919553464904856
0.6545158270034486
0.6534279112197302
0.6968781542814348
0.6564381239920472
0.6559438150159357
0.696878521887844
0.6511124254470183
0.6543292905706032
0.6982946948364972
0.6534660827416352
0.653826361032225
0.6965847972628718
0.6524315961226452
0.6540898432900604
0.6993400329539134
0.6543720611387382
0.6543821207806211
0.6967527964226796
0.6562606953221639
0.6552323935457594
0.6974231066500085
0.6542440860533585
0.654070890812604
0.6969566416267274
0.6557823326553686
0.6560511281830859
0.6945049817631537
0.6543828764617605
0.6543660940083829
0.6967526052067823
0.655310322526206
0.6553973697367248
0.697816834874512
0.6540887228940776
0.6565440051078175
0.698146201578016
0.655861523219841
0.6545726628391209
0.6980626822255211
0.6556884080258021
0.6552936265995908
0.6977688229921881
0.6546832888204019
0.6542629932123624
0.6880105564446021
0.6553432776231647
0.6547764570758977
0.6977878502932381
0.6544637824027719
0.6549265067318224
0.6981187456649494
0.6557089061052896
0.6541907160014317
0.698160633635927
0.6544899576493998
0.6549567392195849
0.697841209545393
0.6543497315915602
0.6543356224426806
0.6967714815082733
0.6560975395440011
0.655772655695763
0.6945283729666158
0.6536373366389058
0.6548969938776451
0.697085394397946
0.6516959453741725
0.6541836767554192
0.697305830543284
0.6549040444465271
0.6536260475614328
0.6970859033514953
0.6552293446873341
0.6562417014609458
0.6974369362271663
0.6555098342346579
0.6557066462944048
0.6979764317506654
0.6531208811517675
0.654790971493546
0.6977619681040212
0.6552893922959202
0.6565091358349061
0.6977744626325599
0.6562912626442435
0.6538832365484484
0.6969197972942365
0.6543636906171549
0.654258702367198
0.6955296133617296
0.6545894665685944
0.6552380394871177
0.6969899574278368
0.6562202306316187
0.6545719467031927
0.6977199848095218
0.6542651206673763
0.65317857821069
0.6976540295283394
0.6554143975598803
0.6552704931467452
0.6977689696009783
0.6566866995426097
0.6546664340231405
0.6973137546483784
0.6540993226921332
0.654257402870388
0.6969558781399087
0.6541967388445639
0.6515964703652651
0.6972987151682992