-0.25  0.2534983036188708
-0.25  0.2534983036188708
-0.25  0.38797527632707085
-0.25  0.2534983036188708
-0.25  0.2534983036188708
-0.25  0.38797527632707085
-0.24  0.255099457309599
-0.24  0.255099457309599
-0.24  0.3948257368814442
-0.24  0.255099457309599
-0.24  0.255099457309599
-0.24  0.3948257368814444
-0.23  0.2564443283481767
-0.23  0.2564443283481765
-0.23  0.402097868775889
-0.23  0.2564443283481765
-0.23  0.2564443283481765
-0.23  0.402097868775889
-0.22  0.2574831480349225
-0.22  0.2574831480349225
-0.22  0.40976753654679715
-0.22  0.2574831480349225
-0.22  0.2574831480349225
-0.22  0.40976753654679715
-0.21  0.25820136462665727
-0.21  0.2582013646266572
-0.21  0.4178383463942529
-0.21  0.25820136462665727
-0.21  0.25820136462665727
-0.21  0.4178383463942529
-0.2  0.25861421350937636
-0.2  0.25861421350937636
-0.2  0.4263117583411695
-0.2  0.2586142135093764
-0.2  0.25861421350937636
-0.2  0.4263117583411695
-0.19  0.2587561230910784
-0.19  0.2587561230910784
-0.19  0.4351513248160755
-0.19  0.2587561230910784
-0.19  0.2587561230910785
-0.19  0.4351513248160755
-0.18  0.25867046947661143
-0.18  0.25867046947661054
-0.18  0.44425244309622963
-0.18  0.25867046947661143
-0.18  0.25867046947661143
-0.18  0.44425244309622974
-0.16999999999999998  0.25840425271152245
-0.16999999999999998  0.25840425271152156
-0.16999999999999998  0.4534268471093513
-0.16999999999999998  0.25840425271152156
-0.16999999999999998  0.25840425271152156
-0.16999999999999998  0.4534268471093513
-0.16  0.25800864044357924
-0.16  0.25800864044357924
-0.16  0.46240613781886614
-0.16  0.25800864044357924
-0.16  0.25800864044357924
-0.16  0.46240613781886614
-0.15  0.2575423805157171
-0.15  0.2575423805157171
-0.15  0.47086314844656946
-0.15  0.25754238051571715
-0.15  0.2575423805157171
-0.15  0.47086314844656946
-0.14  0.2570732641593647
-0.14  0.2570732641593647
-0.14  0.47844578938307464
-0.14  0.2570732641593647
-0.14  0.2570732641593647
-0.14  0.47844578938307464
-0.13  0.256674054014215
-0.13  0.25667405401421495
-0.13  0.4848160964671032
-0.13  0.256674054014215
-0.13  0.256674054014215
-0.13  0.4848160964671032
-0.12  0.2564126226545677
-0.12  0.2564126226545677
-0.12  0.48968725660221313
-0.12  0.2564126226545677
-0.12  0.2564126226545677
-0.12  0.48968725660221313
-0.10999999999999999  0.25633949459669625
-0.10999999999999999  0.25633949459669625
-0.10999999999999999  0.4928525496117267
-0.10999999999999999  0.25633949459669625
-0.10999999999999999  0.25633949459669625
-0.10999999999999999  0.4928525496117267
-0.1  0.2564777822898891
-0.1  0.2564777822898891
-0.1  0.4942017005911313
-0.1  0.25647778228988904
-0.1  0.2564777822898893
-0.1  0.4942017005911313
-0.09  0.25681990827576595
-0.09  0.25681990827576573
-0.09  0.49372195455364143
-0.09  0.25681990827576595
-0.09  0.25681990827576573
-0.09  0.49372195455363954
-0.07999999999999999  0.2573328996565864
-0.07999999999999999  0.2573328996565864
-0.07999999999999999  0.49148369495309835
-0.07999999999999999  0.25733289965659
-0.07999999999999999  0.25733289965659
-0.07999999999999999  0.49148369495309835
-0.07  0.25797063271817977
-0.07  0.2579706327181797
-0.07  0.48761396655870237
-0.07  0.25797063271817977
-0.07  0.25797063271817977
-0.07  0.48761396655870237
-0.06  0.25868871690268624
-0.06  0.25868871690268624
-0.06  0.4822651222161681
-0.06  0.25868871690268624
-0.06  0.25868871690268624
-0.06  0.4822651222161681
-0.04999999999999999  0.259456936597987
-0.04999999999999999  0.259456936597987
-0.04999999999999999  0.4755880728600542
-0.04999999999999999  0.259456936597987
-0.04999999999999999  0.2594569365979868
-0.04999999999999999  0.4755880728600542
-0.04000000000000001  0.2602655600896726
-0.04000000000000001  0.2602655600896728
-0.04000000000000001  0.467718477483694
-0.04000000000000001  0.2602655600896728
-0.04000000000000001  0.2602655600896728
-0.04000000000000001  0.467718477483694
-0.03  0.2611245007835876
-0.03  0.2611245007835876
-0.03  0.4587796423372061
-0.03  0.2611245007835877
-0.03  0.2611245007835877
-0.03  0.4587796423372061
-0.01999999999999999  0.2620568859087083
-0.01999999999999999  0.2620568859087083
-0.01999999999999999  0.44889981332889706
-0.01999999999999999  0.2620568859087083
-0.01999999999999999  0.2620568859087083
-0.01999999999999999  0.4488998133288976
-0.010000000000000009  0.26309007699557785
-0.010000000000000009  0.26309007699557785
-0.010000000000000009  0.4382363936374249
-0.010000000000000009  0.26309007699557785
-0.010000000000000009  0.26309007699557785
-0.010000000000000009  0.43823639363742545
0.  0.2642474166402331
0.  0.2642474166402331
0.  0.42699715127352683
0.  0.2642474166402331
0.  0.2642474166402331
0.  0.42699715127352683
0.010000000000000009  0.26554320631183853
0.010000000000000009  0.26554320631183853
0.010000000000000009  0.4154494785849051
0.010000000000000009  0.26554320631183853
0.010000000000000009  0.26554320631183853
0.010000000000000009  0.4154494785849051
0.020000000000000018  0.2669819526763601
0.020000000000000018  0.2669819526763601
0.020000000000000018  0.40391299496544986
0.020000000000000018  0.2669819526763603
0.020000000000000018  0.2669819526763601
0.020000000000000018  0.40391299496544986
0.030000000000000027  0.2685611913076523
0.030000000000000027  0.2685611913076489
0.030000000000000027  0.39273673685227006
0.030000000000000027  0.2685611913076489
0.030000000000000027  0.2685611913076489
0.030000000000000027  0.39273673685227006
0.03999999999999998  0.27027592559672303
0.03999999999999998  0.27027592559672303
0.03999999999999998  0.3822673474748865
0.03999999999999998  0.27027592559672303
0.03999999999999998  0.27027592559672303
0.03999999999999998  0.3822673474748865
0.04999999999999999  0.272122534627105
0.04999999999999999  0.2721225346271051
0.04999999999999999  0.37281686883380927
0.04999999999999999  0.2721225346271051
0.04999999999999999  0.2721225346271051
0.04999999999999999  0.37281686883380927
0.06  0.27410085201582185
0.06  0.27410085201582185
0.06  0.3646374527599769
0.06  0.27410085201582185
0.06  0.27410085201582174
0.06  0.3646374527599769
0.07  0.2762142510124713
0.07  0.2762142510124705
0.07  0.35790685675517686
0.07  0.2762142510124713
0.07  0.2762142510124713
0.07  0.35790685675517675
0.08000000000000002  0.2784682453383649
0.08000000000000002  0.2784682453383657
0.08000000000000002  0.3527249006897128
0.08000000000000002  0.2784682453383657
0.08000000000000002  0.2784682453383657
0.08000000000000002  0.3527249006897128
0.09000000000000002  0.28086819612947306
0.09000000000000002  0.28086819612947306
0.09000000000000002  0.3491183954019154
0.09000000000000002  0.28086819612947306
0.09000000000000002  0.28086819612947306
0.09000000000000002  0.3491183954019154
0.09999999999999998  0.28341657188017205
0.09999999999999998  0.28341657188017205
0.09999999999999998  0.34705065563894033
0.09999999999999998  0.28341657188017205
0.09999999999999998  0.28341657188017205
0.09999999999999998  0.34705065563894055
0.10999999999999999  0.2861101789519886
0.10999999999999999  0.2861101789519886
0.10999999999999999  0.3464313185625379
0.10999999999999999  0.2861101789519886
0.10999999999999999  0.2861101789519886
0.10999999999999999  0.3464313185625379
0.12  0.28893785602908095
0.12  0.28893785602908095
0.12  0.3471226965871828
0.12  0.28893785602908095
0.12  0.28893785602908095
0.12  0.3471226965871828
0.13  0.29187907018999215
0.13  0.29187907018999215
0.13  0.34894046641925736
0.13  0.29187907018999215
0.13  0.29187907018999215
0.13  0.34894046641925736
0.14  0.29490355288292086
0.14  0.2949035528829208
0.14  0.3516491178193229
0.14  0.2949035528829208
0.14  0.2949035528829208
0.14  0.3516491178193229
0.15000000000000002  0.297971812005985
0.15000000000000002  0.297971812005985
0.15000000000000002  0.35495556933820394
0.15000000000000002  0.297971812005985
0.15000000000000002  0.297971812005985
0.15000000000000002  0.35495556933820394
0.15999999999999998  0.3010364240300593
0.15999999999999998  0.30103642403005915
0.15999999999999998  0.35850647832102556
0.15999999999999998  0.30103642403005915
0.15999999999999998  0.30103642403005915
0.15999999999999998  0.35850647832102556
0.16999999999999998  0.3040444057715173
0.16999999999999998  0.30404440577151753
0.16999999999999998  0.3618950192719608
0.16999999999999998  0.3040444057715173
0.16999999999999998  0.3040444057715173
0.16999999999999998  0.3618950192719608
0.18  0.3069410694876431
0.18  0.3069410694876431
0.18  0.36468115295981557
0.18  0.30694106948764305
0.18  0.30694106948764305
0.18  0.36468115295981557
0.19  0.3096750158015937
0.19  0.3096750158015937
0.19  0.36642631868591696
0.19  0.3096750158015937
0.19  0.3096750158015937
0.19  0.36642631868591696
0.2  0.31220260165704106
0.2  0.31220260165704183
0.2  0.3667397695068315
0.2  0.31220260165704106
0.2  0.31220260165704106
0.2  0.3667397695068315
0.21000000000000002  0.3144894278470172
0.21000000000000002  0.3144894278470172
0.21000000000000002  0.36532976627160446
0.21000000000000002  0.3144894278470173
0.21000000000000002  0.3144894278470173
0.21000000000000002  0.3653297662716044
0.21999999999999997  0.3165071093290184
0.21999999999999997  0.3165071093290184
0.21999999999999997  0.3620490830767878
0.21999999999999997  0.3165071093290176
0.21999999999999997  0.3165071093290184
0.21999999999999997  0.3620490830767878
0.22999999999999998  0.3182258019027997
0.22999999999999998  0.3182258019027997
0.22999999999999998  0.3569224396105313
0.22999999999999998  0.3182258019027997
0.22999999999999998  0.3182258019027997
0.22999999999999998  0.3569224396105313
0.24  0.3196055293577121
0.24  0.3196055293577119
0.24  0.3501459515752579
0.24  0.3196055293577119
0.24  0.3196055293577121
0.24  0.3501459515752579
0.25  0.32059076402840403
0.25  0.3205907640284041
0.25  0.34205622358527743
0.25  0.32059076402840403
0.25  0.3205907640284041
0.25  0.34205622358527743
