-0.25  0.2538799365035506
-0.25  0.25226503588697435
-0.25  0.34852943176837997
-0.25  0.2538799365035488
-0.25  0.25226503588697435
-0.25  0.34852943176832346
-0.25  0.25397752789652517
-0.25  0.2523450127330043
-0.25  0.3699243334648012
-0.25  0.2539775278965451
-0.25  0.25234501273300985
-0.25  0.36992433346482023
-0.24  0.2548988514878215
-0.24  0.25290936047015783
-0.24  0.3477023161183264
-0.24  0.25489885148781605
-0.24  0.2529093604701579
-0.24  0.34770231611828867
-0.24  0.25487465380158597
-0.24  0.25306577688297566
-0.24  0.3680767235873665
-0.24  0.2548746538015918
-0.24  0.25306577688299214
-0.24  0.3680767235873838
-0.23  0.2558467883219461
-0.23  0.25347184497921005
-0.23  0.34700814785849715
-0.23  0.2558467883219398
-0.23  0.25347184497921094
-0.23  0.34700814785843015
-0.23  0.2557242240320163
-0.23  0.2536872944794522
-0.23  0.36641171061611727
-0.23  0.25572422403203654
-0.23  0.25368729447946875
-0.23  0.36641171061613725
-0.22  0.25674445336781665
-0.22  0.25400153251913254
-0.22  0.3465857230925003
-0.22  0.2567444533678113
-0.22  0.2540015325191329
-0.22  0.346585723092444
-0.22  0.2565496758267102
-0.22  0.2542563852182146
-0.22  0.3650597468673708
-0.22  0.25654967582671656
-0.22  0.2542563852182201
-0.22  0.36505974686738085
-0.21  0.25761458895879435
-0.21  0.2545500256493562
-0.21  0.34655739193103197
-0.21  0.25761458895877826
-0.21  0.25455002564935714
-0.21  0.34655739193097557
-0.21  0.2573731692938149
-0.21  0.2548251535794101
-0.21  0.3641270011565332
-0.21  0.25737316929383464
-0.21  0.25482515357941216
-0.21  0.36412700115655255
-0.2  0.2584780768950022
-0.2  0.25516480206947706
-0.2  0.34701305610985916
-0.2  0.2584780768949969
-0.2  0.25516480206947734
-0.2  0.3470130561097931
-0.2  0.25821191960269313
-0.2  0.25544372766529494
-0.2  0.3636833298090291
-0.2  0.2582119196027092
-0.2  0.25544372766529677
-0.2  0.36368332980907075
-0.19  0.2593494802511349
-0.19  0.2558826176191076
-0.19  0.34799777427219686
-0.19  0.25934948025112964
-0.19  0.2558826176191077
-0.19  0.3479977742721416
-0.19  0.25907460314073455
-0.19  0.2561527339441079
-0.19  0.36375426065273625
-0.19  0.2590746031407506
-0.19  0.25615273394412774
-0.19  0.3637542606527454
-0.18  0.2602323632756016
-0.18  0.2567239304015669
-0.18  0.34950473007608623
-0.18  0.2602323632755859
-0.18  0.25672393040156716
-0.18  0.3495047300760533
-0.18  0.2599579222821591
-0.18  0.25697674769694145
-0.18  0.364317910721933
-0.18  0.25995792228215997
-0.18  0.25697674769694684
-0.18  0.3643179107219519
-0.16999999999999998  0.2611155756660214
-0.16999999999999998  0.25768955425014445
-0.16999999999999998  0.3514748830286113
-0.16999999999999998  0.2611155756660162
-0.16999999999999998  0.2576895542501445
-0.16999999999999998  0.3514748830285872
-0.16999999999999998  0.2608442401721911
-0.16999999999999998  0.25792016154628133
-0.16999999999999998  0.3653073933208823
-0.16999999999999998  0.2608442401722087
-0.16999999999999998  0.2579201615462981
-0.16999999999999998  0.3653073933208987
-0.16  0.26197223308658507
-0.16  0.2587606475713627
-0.16  0.3538036397821832
-0.16  0.26197223308658335
-0.16  0.2587606475713629
-0.16  0.3538036397821315
-0.16  0.2617017756217983
-0.16  0.2589666855911055
-0.16  0.3666183948020266
-0.16  0.26170177562179997
-0.16  0.25896668559112185
-0.16  0.3666183948020426
-0.15  0.2627627726965237
-0.15  0.2599025097531779
-0.15  0.3563534857318846
-0.15  0.26276277269651954
-0.15  0.2599025097531783
-0.15  0.35635348573186376
-0.15  0.2624885266162141
-0.15  0.26008296579157136
-0.15  0.36812050540507185
-0.15  0.26248852661621896
-0.15  0.2600829657915863
-0.15  0.3681205054050876
-0.14  0.26344209264288015
-0.14  0.2610715230048512
-0.14  0.35897016887832367
-0.14  0.26344209264286483
-0.14  0.26107152300485137
-0.14  0.35897016887830574
-0.14  0.26315974757281624
-0.14  0.2612256372731122
-0.14  0.36967011832070046
-0.14  0.2631597475728212
-0.14  0.2612256372731165
-0.14  0.3696701183207156
-0.13  0.2639689818354375
-0.13  0.2622233744955081
-0.13  0.36149933897905545
-0.13  0.2639689818354326
-0.13  0.26222337449550837
-0.13  0.3614993389790361
-0.13  0.26367707335002566
-0.13  0.2623499112698638
-0.13  0.37112274173540943
-0.13  0.26367707335003
-0.13  0.2623499112698654
-0.13  0.371122741735447
-0.12  0.2643148374194573
-0.12  0.26332016229042665
-0.12  0.3638008656610988
-0.12  0.264314837419456
-0.12  0.2633201622904267
-0.12  0.3638008656610821
-0.12  0.26401632687502163
-0.12  0.26341722735898354
-0.12  0.3723434044551886
-0.12  0.2640163268750229
-0.12  0.26341722735898754
-0.12  0.37234340445522623
-0.10999999999999999  0.2644688681150134
-0.10999999999999999  0.2643346387169809
-0.10999999999999999  0.365759186521726
-0.10999999999999999  0.2644688681150092
-0.10999999999999999  0.264334638716981
-0.10999999999999999  0.36575918652170736
-0.10999999999999999  0.26417144494928957
-0.10999999999999999  0.2644000950520929
-0.10999999999999999  0.3732149055271916
-0.10999999999999999  0.26417144494929345
-0.10999999999999999  0.26440009505209455
-0.10999999999999999  0.3732149055272038
-0.1  0.2644385892118875
-0.1  0.26525141362792876
-0.1  0.36728936142004015
-0.1  0.2644385892118871
-0.1  0.26525141362792887
-0.1  0.36728936142003155
-0.1  0.26415370014704803
-0.1  0.2652837763184417
-0.1  0.3736442660212843
-0.1  0.2641537001470493
-0.1  0.26528377631844646
-0.1  0.3736442660212988
-0.09  0.2642465294077525
-0.09  0.2660664423248247
-0.09  0.3683394717915577
-0.09  0.264246529407752
-0.09  0.26606644232482474
-0.09  0.36833947179154164
-0.09  0.2639874946225336
-0.09  0.266065980285567
-0.09  0.3735676784693949
-0.09  0.263987494622535
-0.09  0.26606598028556827
-0.09  0.37356767846939715
-0.07999999999999999  0.26392545682271945
-0.07999999999999999  0.2667865477045201
-0.07999999999999999  0.36889037547484754
-0.07999999999999999  0.26392545682271557
-0.07999999999999999  0.26678654770452354
-0.07999999999999999  0.368890375474832
-0.07999999999999999  0.26370522152996084
-0.07999999999999999  0.26675625036130934
-0.07999999999999999  0.3729538756139062
-0.07999999999999999  0.2637052215299621
-0.07999999999999999  0.2667562503613107
-0.07999999999999999  0.37295387561390764
-0.07  0.2635143458850946
-0.07  0.2674298024625255
-0.07  0.36895364879508835
-0.07  0.26351434588509415
-0.07  0.2674298024625256
-0.07  0.36895364879508313
-0.07  0.2633433849137183
-0.07  0.26737591541588324
-0.07  0.3718055786251953
-0.07  0.26334338491372217
-0.07  0.26737591541588734
-0.07  0.37180557862520663
-0.06  0.26305598072369074
-0.06  0.26802601007643284
-0.06  0.36856800862443306
-0.06  0.26305598072368946
-0.06  0.26802601007643295
-0.06  0.368568008624418
-0.06  0.2629406950204219
-0.06  0.26795798118634884
-0.06  0.37015862080787876
-0.06  0.2629406950204229
-0.06  0.2679579811863501
-0.06  0.37015862080788264
-0.04999999999999999  0.26259553918398015
-0.04999999999999999  0.26861545190031416
-0.04999999999999999  0.3677939787402769
-0.04999999999999999  0.2625955391839789
-0.04999999999999999  0.2686154519003143
-0.04999999999999999  0.36779397874027264
-0.04999999999999999  0.26253728655832526
-0.04999999999999999  0.2685452991040136
-0.04999999999999999  0.368078379259691
-0.04999999999999999  0.2625372865583265
-0.04999999999999999  0.26854529910401465
-0.04999999999999999  0.3680783792597021
-0.04000000000000001  0.26217878602377515
-0.04000000000000001  0.2692443845277018
-0.04000000000000001  0.3667065513406503
-0.04000000000000001  0.26217878602377476
-0.04000000000000001  0.2692443845277021
-0.04000000000000001  0.3667065513406361
-0.04000000000000001  0.2621735659243179
-0.04000000000000001  0.2691856406553055
-0.04000000000000001  0.36565335743416566
-0.04000000000000001  0.26217356592432184
-0.04000000000000001  0.2691856406553093
-0.04000000000000001  0.3656533574341694
-0.03  0.261848989675949
-0.03  0.2699574153386255
-0.03  0.3653863529363305
-0.03  0.26184898967594805
-0.03  0.2699574153386258
-0.03  0.36538635293632565
-0.03  0.2618877565262587
-0.03  0.2699238915868627
-0.03  0.36298633649074125
-0.03  0.2618877565262599
-0.03  0.2699238915868631
-0.03  0.36298633649075246
-0.01999999999999999  0.26164284453974435
-0.01999999999999999  0.2707888432199985
-0.01999999999999999  0.3639109359112811
-0.01999999999999999  0.26164284453974396
-0.01999999999999999  0.27078884322001223
-0.01999999999999999  0.36391093591126883
-0.01999999999999999  0.26171239656662126
-0.01999999999999999  0.27079347784610286
-0.01999999999999999  0.3601843476502192
-0.01999999999999999  0.26171239656662226
-0.01999999999999999  0.27079347784610325
-0.01999999999999999  0.36018434765022284
-0.010000000000000009  0.2615866339129726
-0.010000000000000009  0.27175604780420926
-0.010000000000000009  0.36234834202906435
-0.010000000000000009  0.2615866339129717
-0.010000000000000009  0.27175604780421014
-0.010000000000000009  0.36234834202905014
-0.010000000000000009  0.2616709618361547
-0.010000000000000009  0.27181007750054736
-0.010000000000000009  0.3573492751770993
-0.010000000000000009  0.26167096183617083
-0.010000000000000009  0.2718100775005477
-0.010000000000000009  0.3573492751771107
0.  0.2616940707833712
0.  0.27285741135088554
0.  0.36075437972480456
0.  0.2616940707833708
0.  0.27285741135088576
0.  0.3607543797247998
0.  0.261775959445019
0.  0.2729700248973031
0.  0.3545706783351654
0.  0.26177595944501936
0.  0.2729700248973043
0.  0.35457067833516664
0.010000000000000009  0.2619668053227337
0.010000000000000009  0.27407547328440085
0.010000000000000009  0.35917347654450194
0.010000000000000009  0.26196680532273264
0.010000000000000009  0.2740754732844009
0.010000000000000009  0.3591734765444691
0.010000000000000009  0.26202941884705866
0.010000000000000009  0.27425398556993114
0.010000000000000009  0.35192152742917093
0.010000000000000009  0.262029418847059
0.010000000000000009  0.2742539855699501
0.010000000000000009  0.35192152742917465
0.020000000000000018  0.2623978745208818
0.020000000000000018  0.27538409054702867
0.020000000000000018  0.35764161720415
0.020000000000000018  0.26239787452086527
0.020000000000000018  0.27538409054702895
0.020000000000000018  0.35764161720413845
0.020000000000000018  0.26242607534648765
0.020000000000000018  0.27563452710345554
0.020000000000000018  0.3494566587810014
0.020000000000000018  0.262426075346488
0.020000000000000018  0.27563452710345565
0.020000000000000018  0.3494566587810052
0.030000000000000027  0.26297759444669705
0.030000000000000027  0.27675719327571435
0.030000000000000027  0.3561896096675985
0.030000000000000027  0.26297759444669677
0.030000000000000027  0.27675719327571524
0.030000000000000027  0.356189609667594
0.030000000000000027  0.2629588486527532
0.030000000000000027  0.2770850371866373
0.030000000000000027  0.34721342846167835
0.030000000000000027  0.2629588486527533
0.030000000000000027  0.27708503718663763
0.030000000000000027  0.34721342846168923
0.03999999999999998  0.26370054540303645
0.03999999999999998  0.2781765273292995
0.03999999999999998  0.35484558920032744
0.03999999999999998  0.26370054540303633
0.03999999999999998  0.27817652732929954
0.03999999999999998  0.35484558920032344
0.03999999999999998  0.26362539837529303
0.03999999999999998  0.2785873004014418
0.03999999999999998  0.34521415780786174
0.03999999999999998  0.263625398375294
0.03999999999999998  0.27858730040144297
0.03999999999999998  0.34521415780787357
0.04999999999999999  0.2645714870160425
0.04999999999999999  0.2796362676636027
0.04999999999999999  0.3536363784645089
0.04999999999999999  0.2645714870160422
0.04999999999999999  0.2796362676636028
0.04999999999999999  0.3536363784644768
0.04999999999999999  0.2644336917839522
0.04999999999999999  0.2801356393293444
0.04999999999999999  0.343469892452562
0.04999999999999999  0.26443369178395254
0.04999999999999999  0.28013563932934477
0.04999999999999999  0.3434698924525737
0.06  0.2656077183164956
0.06  0.2811431983754656
0.06  0.35258739737630185
0.06  0.26560771831649527
0.06  0.2811431983754657
0.06  0.35258739737629013
0.06  0.265404133061945
0.06  0.28173645189889385
0.06  0.3419844064307131
0.06  0.26540413306194593
0.06  0.2817364518988942
0.06  0.34198440643072425
0.07  0.2668361057995714
0.07  0.2827121736529495
0.07  0.35172050402475447
0.07  0.2668361057995712
0.07  0.2827121736529528
0.07  0.3517205040247532
0.07  0.2665664582721234
0.07  0.2834030722390979
0.07  0.34075674007075113
0.07  0.2665664582721372
0.07  0.2834030722390988
0.07  0.34075674007075213
0.08000000000000002  0.2682848107358574
0.08000000000000002  0.284357846115892
0.08000000000000002  0.35104931000232925
0.08000000000000002  0.26828481073584365
0.08000000000000002  0.28435784611589204
0.08000000000000002  0.3510493100023256
0.08000000000000002  0.2679513882208885
0.08000000000000002  0.2851471502332949
0.08000000000000002  0.3397807458198008
0.08000000000000002  0.267951388220892
0.08000000000000002  0.28514715023329495
0.08000000000000002  0.3397807458198011
0.09000000000000002  0.2699719566889948
0.09000000000000002  0.28608500912283713
0.09000000000000002  0.3505726225405904
0.09000000000000002  0.2699719566889945
0.09000000000000002  0.28608500912283724
0.09000000000000002  0.3505726225405865
0.09000000000000002  0.26957924708887676
0.09000000000000002  0.2869690200481703
0.09000000000000002  0.3390414733514566
0.09000000000000002  0.2695792470888905
0.09000000000000002  0.2869690200481712
0.09000000000000002  0.3390414733514678
0.09999999999999998  0.2718949579731866
0.09999999999999998  0.2878807919386639
0.09999999999999998  0.35026814714750104
0.09999999999999998  0.2718949579731863
0.09999999999999998  0.28788079193866395
0.09999999999999998  0.3502681471474997
0.09999999999999998  0.27144924763444206
0.09999999999999998  0.2888503049491592
0.09999999999999998  0.3385100462628179
0.09999999999999998  0.271449247634443
0.09999999999999998  0.288850304949172
0.09999999999999998  0.3385100462628187
0.10999999999999999  0.27402418032817455
0.10999999999999999  0.28971172569030185
0.10999999999999999  0.350089257099395
0.10999999999999999  0.27402418032817444
0.10999999999999999  0.28971172569030185
0.10999999999999999  0.35008925709939454
0.10999999999999999  0.27353310427232824
0.10999999999999999  0.2907516937050372
0.10999999999999999  0.33813973781678597
0.10999999999999999  0.27353310427232913
0.10999999999999999  0.2907516937050374
0.10999999999999999  0.33813973781681517
0.12  0.27630310570791017
0.12  0.2915271732328197
0.12  0.3499668329050853
0.12  0.27630310570791017
0.12  0.2915271732328199
0.12  0.3499668329050817
0.12  0.2757751478857718
0.12  0.2926172425680488
0.12  0.33786556571185233
0.12  0.2757751478857726
0.12  0.29261724256804905
0.12  0.33786556571185533
0.13  0.27865506438434134
0.13  0.2932683344409165
0.13  0.3498163713434009
0.13  0.27865506438434134
0.13  0.2932683344409165
0.13  0.34981637134339766
0.13  0.27809902447463636
0.13  0.2943842337334242
0.13  0.3376083022699146
0.13  0.2780990244746367
0.13  0.2943842337334243
0.13  0.3376083022699157
0.14  0.2809948413947651
0.14  0.2948800265893811
0.14  0.3495488938364811
0.14  0.28099484139476505
0.14  0.2948800265893812
0.14  0.34954889383647997
0.14  0.28041930915638363
0.14  0.2959955886087505
0.14  0.3372823321403359
0.14  0.28041930915638397
0.14  0.29599558860875075
0.14  0.33728233214033604
0.15000000000000002  0.2832425270811423
0.15000000000000002  0.2963215931071877
0.15000000000000002  0.34908342323154035
0.15000000000000002  0.28324252708112924
0.15000000000000002  0.29632159310718764
0.15000000000000002  0.3490834232315374
0.15000000000000002  0.2826554050544605
0.15000000000000002  0.29741102607433023
0.15000000000000002  0.3368059540180555
0.15000000000000002  0.2826554050544638
0.15000000000000002  0.2974110260743305
0.15000000000000002  0.3368059540180563
0.15999999999999998  0.2853367235416427
0.15999999999999998  0.2975738683395542
0.15999999999999998  0.3483588642877438
0.15999999999999998  0.2853367235416424
0.15999999999999998  0.2975738683395542
0.15999999999999998  0.34835886428773283
0.15999999999999998  0.2847447960588647
0.15999999999999998  0.2986138414118106
0.15999999999999998  0.336112456195471
0.15999999999999998  0.28474479605886793
0.15999999999999998  0.2986138414118109
0.15999999999999998  0.33611245619547386
0.16999999999999998  0.2872443192416665
0.16999999999999998  0.2986406695554962
0.16999999999999998  0.3473434518193338
0.16999999999999998  0.28724431924166327
0.16999999999999998  0.29864066955549623
0.16999999999999998  0.34734345181930354
0.16999999999999998  0.28665280421926415
0.16999999999999998  0.29961186354884417
0.16999999999999998  0.33516017400815773
0.16999999999999998  0.2866528042192642
0.16999999999999998  0.2996118635488444
0.16999999999999998  0.3351601740081606
0.18  0.2889644856878992
0.18  0.2995450180139771
0.18  0.34604016544613747
0.18  0.2889644856878992
0.18  0.2995450180139769
0.18  0.34604016544612654
0.18  0.2883764791675373
0.18  0.30043297519143675
0.18  0.3339395749273857
0.18  0.28837647916753806
0.18  0.30043297519146017
0.18  0.33393957492738663
0.19  0.2905256178412719
0.19  0.30032158787741126
0.19  0.3444867919695595
0.19  0.2905256178412719
0.19  0.3003215878774115
0.19  0.34448679196954857
0.19  0.2899413913262648
0.19  0.30111689343419956
0.19  0.3324754778928379
0.19  0.2899413913262657
0.19  0.30111689343420267
0.19  0.33247547789283866
0.2  0.2919757085128414
0.2  0.3010075154576667
0.2  0.3427500007629582
0.2  0.2919757085128413
0.2  0.3010075154576667
0.2  0.3427500007629572
0.2  0.2913919433513402
0.2  0.30170548421489035
0.2  0.3308231940922408
0.2  0.29139194335134105
0.2  0.30170548421489124
0.2  0.33082319409224364
0.21000000000000002  0.29336856784968146
0.21000000000000002  0.30163371929895255
0.21000000000000002  0.3409139878270972
0.21000000000000002  0.29336856784968146
0.21000000000000002  0.30163371929895255
0.21000000000000002  0.3409139878270943
0.21000000000000002  0.29277775807627093
0.21000000000000002  0.3022338041868058
0.21000000000000002  0.32905873766428667
0.21000000000000002  0.292777758076271
0.21000000000000002  0.30223380418680607
0.21000000000000002  0.32905873766428684
0.21999999999999997  0.29474946809984875
0.21999999999999997  0.30221841657934073
0.21999999999999997  0.3390656116037013
0.21999999999999997  0.29474946809984875
0.21999999999999997  0.3022184165793407
0.21999999999999997  0.3390656116037011
0.21999999999999997  0.2941398144960873
0.21999999999999997  0.302723504749506
0.21999999999999997  0.3272648643931327
0.21999999999999997  0.2941398144960873
0.21999999999999997  0.3027235047495067
0.21999999999999997  0.32726486439313285
0.22999999999999998  0.2961436951485399
0.22999999999999998  0.3027637483822877
0.22999999999999998  0.3372789487902559
0.22999999999999998  0.2961436951485399
0.22999999999999998  0.3027637483822877
0.22999999999999998  0.3372789487902556
0.22999999999999998  0.2954997812265837
0.22999999999999998  0.3031794083677382
0.22999999999999998  0.3255158969049971
0.22999999999999998  0.2954997812265963
0.22999999999999998  0.3031794083677507
0.22999999999999998  0.3255158969050085
0.24  0.29755038877225326
0.24  0.30325559326293
0.24  0.3356024429110825
0.24  0.29755038877225326
0.24  0.30325559326293
0.24  0.3356024429110714
0.24  0.2968547542556776
0.24  0.30358924255040814
0.24  0.32386461201948896
0.24  0.2968547542556777
0.24  0.3035892425504085
0.24  0.323864612019489
0.25  0.29894261484614254
0.25  0.3036660038220192
0.25  0.3340512082881281
0.25  0.29894261484614265
0.25  0.3036660038220192
0.25  0.33405120828812784
0.25  0.29817806658639057
0.25  0.30392593307965327
0.25  0.32233381884563456
0.25  0.29817806658639145
0.25  0.30392593307965354
0.25  0.32233381884563483
