-0.18  0.19824479816307441
-0.18  0.1725558854951355
-0.18  0.15413168413372844
-0.18  0.19824479816307441
-0.18  0.1725558854951355
-0.18  0.1541316841337284
-0.18  0.1482258883705648
-0.18  0.1433917677436117
-0.18  0.1644707273973677
-0.18  0.1482258883705649
-0.18  0.1433917677436117
-0.18  0.1644707273973677
-0.18  0.22942497427445108
-0.18  0.22120091027329977
-0.18  0.3354650002829635
-0.18  0.22942497427445102
-0.18  0.22120091027330083
-0.18  0.33546500028296355
-0.18  0.17975360574494287
-0.18  0.16332856383677766
-0.18  0.17849402068420037
-0.18  0.17975360574494317
-0.18  0.16332856383677766
-0.18  0.17849402068420164
-0.18  0.22594251678279115
-0.18  0.22000558898241307
-0.18  0.29803301397340076
-0.18  0.22594251678279115
-0.18  0.2200055889824134
-0.18  0.29803301397340076
-0.18  0.23516398717185658
-0.18  0.25615368226660756
-0.18  0.27999230074858783
-0.18  0.23516398717184073
-0.18  0.25615368226659274
-0.18  0.279992300748589
-0.18  0.19824479816308135
-0.18  0.17255588549510784
-0.18  0.1541316841337374
-0.18  0.1982447981630818
-0.18  0.17255588549510795
-0.18  0.15413168413373893
-0.18  0.1482258883705533
-0.18  0.14339176774361415
-0.18  0.16447072739738047
-0.18  0.1482258883705533
-0.18  0.1433917677436142
-0.18  0.16447072739738064
-0.18  0.22942497427440128
-0.18  0.22120091027340494
-0.18  0.33546500028296433
-0.18  0.22942497427440167
-0.18  0.22120091027340483
-0.18  0.3354650002829643
-0.18  0.17975360574494528
-0.18  0.16332856383678682
-0.18  0.1784940206841842
-0.18  0.17975360574494523
-0.18  0.16332856383678682
-0.18  0.17849402068418938
-0.18  0.22594251678295021
-0.18  0.22000558898229228
-0.18  0.29803301397324516
-0.18  0.22594251678296653
-0.18  0.22000558898229228
-0.18  0.29803301397324494
-0.18  0.23516398717182507
-0.18  0.2561536822664916
-0.18  0.27999230074839565
-0.18  0.23516398717182516
-0.18  0.25615368226649204
-0.18  0.2799923007483956
-0.18  0.1982447981630924
-0.18  0.1725558854951353
-0.18  0.15413168413374864
-0.18  0.1982447981630927
-0.18  0.1725558854951353
-0.18  0.1541316841337425
-0.18  0.14822588837055617
-0.18  0.14339176774363813
-0.18  0.16447072739738886
-0.18  0.14822588837056244
-0.18  0.14339176774363813
-0.18  0.16447072739738883
-0.18  0.22942497427440886
-0.18  0.22120091027340444
-0.18  0.3354650002829416
-0.18  0.22942497427440886
-0.18  0.22120091027340452
-0.18  0.3354650002829415
-0.18  0.17975360574487304
-0.18  0.1633285638366805
-0.18  0.17849402068419246
-0.18  0.17975360574487337
-0.18  0.1633285638366809
-0.18  0.1784940206841921
-0.18  0.22594251678283908
-0.18  0.2200055889821537
-0.18  0.2980330139734856
-0.18  0.22594251678283755
-0.18  0.2200055889821537
-0.18  0.29803301397347315
-0.18  0.23516398717229656
-0.18  0.25615368226705043
-0.18  0.2799923007493837
-0.18  0.23516398717229253
-0.18  0.25615368226704904
-0.18  0.2799923007493822
-0.18  0.1982447981630834
-0.18  0.17255588549514614
-0.18  0.1541316841337374
-0.18  0.1982447981630836
-0.18  0.172555885495161
-0.18  0.1541316841337374
-0.18  0.14822588837056574
-0.18  0.14339176774362397
-0.18  0.16447072739737567
-0.18  0.1482258883705661
-0.18  0.14339176774362442
-0.18  0.16447072739737573
-0.18  0.2294249742744574
-0.18  0.2212009102733008
-0.18  0.33546500028294257
-0.18  0.22942497427447356
-0.18  0.22120091027329977
-0.18  0.33546500028294296
-0.18  0.17975360574488058
-0.18  0.16332856383668948
-0.18  0.17849402068421782
-0.18  0.1797536057448753
-0.18  0.1633285638366888
-0.18  0.17849402068421846
-0.18  0.22594251678269425
-0.18  0.220005588982307
-0.18  0.2980330139736069
-0.18  0.22594251678269853
-0.18  0.22000558898230657
-0.18  0.2980330139736071
-0.18  0.2351639871722243
-0.18  0.256153682267027
-0.18  0.2799923007493374
-0.18  0.23516398717222464
-0.18  0.2561536822670274
-0.18  0.27999230074936277
-0.18  0.1601499218779494
-0.18  0.163843713272589
-0.18  0.3268168764613872
-0.18  0.16014992187794905
-0.18  0.16384371327258893
-0.18  0.3268168764613758
-0.18  0.1502123089382776
-0.18  0.1444194720147928
-0.18  0.14321485389262179
-0.18  0.15021230893827608
-0.18  0.14441947201479277
-0.18  0.14321485389262179
-0.18  0.1894589144010172
-0.18  0.20065563253561072
-0.18  0.2597974133320948
-0.18  0.18945891440101684
-0.18  0.2006556325356106
-0.18  0.2597974133320947
-0.18  0.22393923871337568
-0.18  0.24022794654812762
-0.18  0.30255229152430296
-0.18  0.22393923871337568
-0.18  0.240227946548128
-0.18  0.30255229152430296
-0.18  0.24520819380326608
-0.18  0.2224389693361735
-0.18  0.2669232478362914
-0.18  0.2452081938032509
-0.18  0.2224389693361736
-0.18  0.26692324783629134
-0.18  0.255150121347074
-0.18  0.2381160339600659
-0.18  0.2820089138618401
-0.18  0.2551501213470727
-0.18  0.23811603396006598
-0.18  0.28200891386184007
-0.18  0.16014992187798072
-0.18  0.16384371327259742
-0.18  0.32681687646138746
-0.18  0.16014992187798072
-0.18  0.16384371327259742
-0.18  0.32681687646138824
-0.18  0.15021230893827775
-0.18  0.1444194720148296
-0.18  0.1432148538926298
-0.18  0.15021230893827767
-0.18  0.1444194720148296
-0.18  0.14321485389263142
-0.18  0.1894589144010053
-0.18  0.2006556325356464
-0.18  0.25979741333207446
-0.18  0.18945891440100565
-0.18  0.2006556325356464
-0.18  0.25979741333207446
-0.18  0.2239392387132967
-0.18  0.24022794654789073
-0.18  0.3025522915243087
-0.18  0.22393923871329663
-0.18  0.24022794654789073
-0.18  0.3025522915243212
-0.18  0.24520819380356257
-0.18  0.22243896933618154
-0.18  0.2669232478367049
-0.18  0.2452081938035627
-0.18  0.22243896933618149
-0.18  0.2669232478367191
-0.18  0.25515012134706516
-0.18  0.23811603396028314
-0.18  0.28200891386220084
-0.18  0.25515012134705056
-0.18  0.23811603396028314
-0.18  0.28200891386220084
-0.18  0.16014992187798524
-0.18  0.1638437132726167
-0.18  0.3268168764613917
-0.18  0.16014992187798557
-0.18  0.16384371327261668
-0.18  0.3268168764613924
-0.18  0.1502123089382809
-0.18  0.14441947201484268
-0.18  0.14321485389262964
-0.18  0.1502123089382809
-0.18  0.14441947201484268
-0.18  0.1432148538926296
-0.18  0.18945891440097093
-0.18  0.20065563253557678
-0.18  0.25979741333207484
-0.18  0.18945891440097126
-0.18  0.20065563253557678
-0.18  0.2597974133320748
-0.18  0.22393923871311244
-0.18  0.24022794654776614
-0.18  0.3025522915243736
-0.18  0.2239392387131194
-0.18  0.24022794654776614
-0.18  0.30255229152437035
-0.18  0.2452081938036372
-0.18  0.2224389693363903
-0.18  0.266923247836993
-0.18  0.24520819380363731
-0.18  0.22243896933639037
-0.18  0.266923247836993
-0.18  0.2551501213474616
-0.18  0.23811603396070952
-0.18  0.2820089138628714
-0.18  0.2551501213474629
-0.18  0.23811603396070952
-0.18  0.2820089138628714
-0.18  0.16014992187795807
-0.18  0.16384371327259967
-0.18  0.32681687646138824
-0.18  0.16014992187795807
-0.18  0.1638437132725995
-0.18  0.32681687646138824
-0.18  0.15021230893827855
-0.18  0.1444194720148043
-0.18  0.14321485389261954
-0.18  0.15021230893827855
-0.18  0.1444194720148047
-0.18  0.14321485389261954
-0.18  0.18945891440100518
-0.18  0.20065563253556723
-0.18  0.25979741333209566
-0.18  0.18945891440100515
-0.18  0.20065563253554927
-0.18  0.25979741333209566
-0.18  0.22393923871323215
-0.18  0.24022794654803514
-0.18  0.3025522915243522
-0.18  0.2239392387132309
-0.18  0.24022794654803548
-0.18  0.30255229152435525
-0.18  0.24520819380333844
-0.18  0.22243896933632504
-0.18  0.2669232478365098
-0.18  0.245208193803323
-0.18  0.22243896933632504
-0.18  0.26692324783650895
-0.18  0.2551501213473902
-0.18  0.23811603396038625
-0.18  0.2820089138623649
-0.18  0.2551501213473892
-0.18  0.23811603396038622
-0.18  0.2820089138623649
