0.1482999908101505 0.014460883845561772 0.127233003550305	0.014460883845524308 0.07078216442887525 0.012118209923661145	-0.12723300355114556 -0.01211820992198314 0.2522845875329573
0.14829999087291956 0.014460883845903305 0.1272330036362891	0.014460883845865908 0.07078216450616441 0.012118209937384598	-0.12723300363712486 -0.012118209935708328 0.25228458755712146
0.14829999093490975 0.014460883839458238 0.1272330036836218	0.014460883839422026 0.0707821645843437 0.012118209938962454	-0.12723300368446486 -0.01211820993728497 0.25228458759225103
0.14829999091281518 0.014460883834159449 0.12723300362825718	0.014460883834122194 0.07078216455042954 0.012118209923076922	-0.12723300362909623 -0.012118209921401064 0.252284587586903
0.1482999908512131 0.014460883836937203 0.12723300354715167	0.01446088383690065 0.07078216445735572 0.012118209908037452	-0.12723300354799283 -0.012118209906357466 0.2522845875546985
0.148299990846314 0.014460883844274759 0.12723300355266057	0.014460883844236327 0.07078216443914732 0.012118209909140837	-0.12723300355350053 -0.012118209907464449 0.2522845875437345
0.14829999090770216 0.01446088384590289 0.12723300363659196	0.014460883845865724 0.07078216452313836 0.012118209923193873	-0.12723300363743328 -0.01211820992151718 0.25228458756924843
0.14829999094395485 0.014460883840434235 0.12723300368206317	0.014460883840398363 0.07078216459229943 0.012118209935343967	-0.1272330036829007 -0.012118209933667908 0.25228458759421746
0.14829999089142054 0.014460883836566487 0.12723300362606932	0.014460883836530084 0.07078216454794997 0.01211820993378486	-0.12723300362691123 -0.012118209932107698 0.25228458758047767
0.1482999908145194 0.014460883840290933 0.12723300354487282	0.014460883840254731 0.0707821644512357 0.012118209924070984	-0.12723300354571257 -0.012118209922390887 0.25228458754520966
0.14829999082076611 0.014460883847554033 0.12723300354989336	0.014460883847516865 0.07078216443654546 0.012118209920954894	-0.12723300355073555 -0.012118209919276281 0.2522845875374563
0.14829999091014082 0.014460883848434629 0.12723300363568787	0.014460883848398148 0.07078216452635064 0.012118209924869956	-0.12723300363652468 -0.012118209923195379 0.2522845875712216
0.14829999097072233 0.014460883841158734 0.12723300368449475	0.014460883841122514 0.07078216459938652 0.012118209923845775	-0.12723300368533577 -0.012118209922169353 0.2522845876014098
0.14829999092852642 0.014460883835731415 0.12723300362784806	0.014460883835695947 0.07078216456082465 0.012118209917220391	-0.12723300362868803 -0.012118209915545606 0.2522845875908523
0.1482999908348011 0.014460883839342815 0.12723300354509767	0.014460883839306717 0.07078216445716543 0.012118209914389347	-0.1272330035459342 -0.012118209912712199 0.2522845875484414
0.14829999083801265 0.014460883847796183 0.1272330035550713	0.014460883847758425 0.070782164427269 0.01211820990977358	-0.1272330035559073 -0.012118209908098584 0.2522845875346106
0.1482999908371146 0.014460883845343919 0.12723300356985395	0.014460883845307115 0.07078216444248026 0.012118209918611181	-0.1272330035706944 -0.012118209916934339 0.2522845875373195
0.1482999908958741 0.01446088383579865 0.12723300363147017	0.014460883835761516 0.07078216454141478 0.01211820992967471	-0.1272330036323069 -0.012118209928000508 0.25228458757717676
0.14829999092019908 0.014460883831597358 0.12723300365496845	0.014460883831560672 0.07078216457760415 0.012118209930924079	-0.12723300365580886 -0.012118209929245935 0.25228458759097394
0.14829999087697504 0.014460883837662834 0.12723300360730697	0.014460883837625957 0.0707821645012739 0.012118209922003118	-0.12723300360815035 -0.012118209920325279 0.25228458756064076
0.14829999083202153 0.014460883845438303 0.12723300355564263	0.01446088384539906 0.0707821644184895 0.012118209910097336	-0.12723300355648148 -0.012118209908420805 0.2522845875287639
0.14829999085926707 0.01446088384285248 0.12723300357199585	0.014460883842813941 0.07078216444606633 0.012118209905792921	-0.12723300357283623 -0.01211820990411281 0.2522845875414642
0.14829999092981297 0.014460883832632332 0.12723300363376816	0.014460883832595363 0.07078216454759374 0.012118209912909392	-0.12723300363461082 -0.012118209911231637 0.2522845875836474
0.14829999094242471 0.0144608838291325 0.12723300365652998	0.014460883829096067 0.070782164580415 0.012118209921861932	-0.12723300365736628 -0.012118209920187362 0.25228458759632033
0.14829999087044535 0.01446088383748141 0.12723300360826806	0.014460883837443818 0.0707821644972653 0.012118209924534318	-0.12723300360911 -0.012118209922859578 0.25228458756030125
0.14829999080201786 0.014460883847226508 0.1272330035546653	0.014460883847187113 0.07078216440957119 0.01211820992338375	-0.1272330035554997 -0.012118209921709741 0.25228458752152066
0.14829999082564962 0.014460883845494175 0.12723300356992756	0.014460883845455897 0.07078216443770038 0.012118209922242273	-0.12723300357077294 -0.01211820992056304 0.25228458753328814
0.14829999091314486 0.014460883835005088 0.12723300363239765	0.01446088383496653 0.07078216454505143 0.012118209920142765	-0.12723300363323384 -0.012118209918464524 0.2522845875788462
0.14829999095787696 0.014460883831093709 0.12723300365487392	0.014460883831058039 0.0707821645925113 0.012118209916044925	-0.12723300365571458 -0.012118209914365845 0.2522845876008336
0.14829999090671725 0.01446088383949318 0.12723300360765782	0.01446088383945595 0.07078216451642785 0.012118209910119047	-0.12723300360849843 -0.012118209908444463 0.25228458756973576
0.14829999088851314 0.014460883848961277 0.12723300360440745	0.014460883848923847 0.07078216449240288 0.012118209917681585	-0.12723300360524872 -0.012118209916003986 0.2522845875632927
0.1482999908356145 0.014460883845462664 0.12723300353915282	0.014460883845426077 0.07078216443726089 0.012118209910261163	-0.12723300353999092 -0.012118209908587134 0.2522845875438491
0.14829999086466739 0.014460883839103133 0.12723300357300155	0.014460883839065696 0.0707821645002083 0.012118209919661095	-0.1272330035738387 -0.012118209917985727 0.2522845875680445
0.1482999909216562 0.014460883839287484 0.12723300365892498	0.014460883839249875 0.07078216458667083 0.012118209937297376	-0.12723300365976745 -0.01211820993561898 0.25228458759401406
0.14829999091770418 0.01446088384595932 0.12723300367655616	0.014460883845921776 0.07078216457600714 0.0121182099450254	-0.1272330036773927 -0.012118209943347766 0.2522845875844005
0.1482999908504502 0.014460883850415343 0.1272330036017155	0.01446088385037796 0.07078216448072693 0.0121182099335582	-0.1272330036025605 -0.012118209931877736 0.2522845875500949
0.1482999908191251 0.014460883845772354 0.12723300353792957	0.014460883845734334 0.07078216443433775 0.012118209916620881	-0.12723300353876563 -0.012118209914946436 0.2522845875405541
0.14829999088060442 0.01446088383766752 0.12723300357420386	0.014460883837629153 0.07078216450280675 0.012118209912804878	-0.1272330035750457 -0.012118209911129812 0.2522845875728616
0.14829999095925472 0.014460883836654823 0.12723300366211027	0.01446088383661749 0.07078216459187275 0.012118209921439808	-0.12723300366295198 -0.012118209919763614 0.25228458760513967
0.14829999095146376 0.014460883842792201 0.12723300367950907	0.014460883842754815 0.07078216458143732 0.012118209929563042	-0.1272330036803444 -0.012118209927886807 0.2522845875954315
0.14829999085990614 0.014460883847104443 0.12723300360215345	0.014460883847066749 0.07078216448188654 0.012118209929558019	-0.12723300360299775 -0.012118209927878949 0.2522845875531886
0.1482999907965612 0.014460883843421826 0.12723300353773884	0.014460883843382868 0.07078216442523526 0.012118209926282559	-0.12723300353857503 -0.012118209924606715 0.252284587533946
0.14829999083901002 0.014460883836565804 0.12723300357395834	0.014460883836527442 0.07078216448571845 0.012118209928360182	-0.12723300357480122 -0.012118209926683839 0.25228458755999467
0.1482999909300982 0.014460883836301893 0.12723300365972678	0.014460883836264041 0.07078216458294531 0.01211820993392956	-0.12723300366056503 -0.012118209932255073 0.25228458759676753
0.14829999095024315 0.014460883843902435 0.12723300367882662	0.014460883843865431 0.07078216458267655 0.012118209930249937	-0.1272330036796653 -0.012118209928572175 0.2522845875940807
0.14829999092021415 0.014460883843348881 0.12723300365318266	0.014460883843312485 0.070782164561149 0.012118209933882566	-0.1272330036540219 -0.012118209932205918 0.2522845875879646
0.1482999908519317 0.014460883839827882 0.12723300355216202	0.01446088383979122 0.07078216446918581 0.01211820991394958	-0.12723300355300152 -0.012118209912270729 0.25228458755837907
0.14829999084379858 0.014460883840266248 0.12723300353716188	0.014460883840229767 0.07078216445662175 0.012118209910064941	-0.12723300353800293 -0.012118209908386739 0.25228458755561733
0.14829999090852863 0.014460883844688792 0.12723300362884488	0.014460883844650331 0.07078216453916888 0.012118209926643479	-0.12723300362968043 -0.012118209924968648 0.2522845875801579
0.1482999909528897 0.014460883847207886 0.1272330036997703	0.014460883847172007 0.07078216460370365 0.012118209944275787	-0.12723300370061508 -0.012118209942600232 0.2522845875996144
0.14829999090112958 0.014460883845592534 0.12723300365200574	0.014460883845554592 0.0707821645576806 0.012118209943455596	-0.12723300365284 -0.012118209941782147 0.25228458758320976
0.14829999081843842 0.0144608838430317 0.12723300354977563	0.014460883842995105 0.07078216446620506 0.012118209930631604	-0.12723300355062123 -0.012118209928951483 0.25228458755348904
0.14829999081965722 0.014460883843752527 0.12723300353440636	0.014460883843716622 0.0707821644553818 0.012118209923818894	-0.1272330035352444 -0.012118209922139956 0.25228458755121913
0.14829999090870905 0.014460883847230037 0.12723300362883905	0.014460883847192262 0.07078216454047437 0.012118209927230044	-0.12723300362968015 -0.012118209925551411 0.2522845875802151
0.1482999909769134 0.014460883848060995 0.127233003701433	0.014460883848025054 0.07078216461111098 0.012118209931456105	-0.12723300370227583 -0.012118209929778419 0.25228458760490197
0.14829999093616233 0.014460883844858944 0.12723300365172008	0.01446088384482325 0.07078216457035594 0.01211820992743249	-0.12723300365255596 -0.012118209925760466 0.2522845875897894
0.14829999083830564 0.014460883841887455 0.1272330035502279	0.014460883841849953 0.07078216447143175 0.012118209920904094	-0.12723300355106845 -0.01211820991922961 0.25228458755562655
0.14829999080748557 0.014460883842462052 0.12723300353685177	0.014460883842424728 0.07078216444405933 0.012118209925626046	-0.12723300353769176 -0.012118209923948534 0.25228458754492794
0.1482999908762428 0.014460883845051035 0.127233003628803	0.014460883845012831 0.07078216452368515 0.012118209940662782	-0.12723300362964082 -0.012118209938985193 0.2522845875710284
0.14829999094097002 0.014460883846167666 0.12723300370076096	0.01446088384613142 0.07078216459474918 0.012118209946597864	-0.1272330037016024 -0.012118209944919967 0.2522845875946317
0.1482999909245967 0.014460883835029574 0.1272330036645285	0.01446088383499459 0.070782164585667 0.01211820993650093	-0.12723300366537174 -0.012118209934822356 0.2522845875931385
0.1482999908739097 0.014460883833727201 0.12723300359403797	0.014460883833691074 0.07078216451225612 0.012118209922521172	-0.12723300359487547 -0.012118209920845339 0.2522845875678378
0.14829999082945924 0.014460883840816414 0.12723300354123143	0.014460883840779709 0.07078216442924169 0.012118209908860884	-0.12723300354207204 -0.012118209907187573 0.2522845875383714
0.14829999086377263 0.014460883846163461 0.12723300357944486	0.014460883846126652 0.0707821644513542 0.012118209909521668	-0.1272330035802857 -0.012118209907847021 0.25228458754491767
0.14829999093976773 0.014460883841213223 0.1272330036564919	0.014460883841174953 0.0707821645503267 0.012118209919571632	-0.12723300365732726 -0.012118209917893884 0.25228458758327027
0.1482999909459434 0.014460883833302329 0.12723300366765053	0.014460883833266953 0.07078216458417638 0.012118209925118015	-0.12723300366849535 -0.012118209923437005 0.25228458759672207
0.14829999086557671 0.014460883833957903 0.12723300359574252	0.01446088383392059 0.07078216450637763 0.012118209924728108	-0.1272330035965783 -0.012118209923050072 0.25228458756554517
0.148299990798043 0.014460883842453729 0.12723300353878034	0.014460883842416141 0.0707821644219796 0.01211820992437606	-0.1272330035396242 -0.012118209922699033 0.25228458752905203
0.14829999082790107 0.014460883847816379 0.12723300357634776	0.014460883847780973 0.07078216444467561 0.01211820992611743	-0.1272330035771868 -0.01211820992444235 0.25228458753473165
0.14829999092144658 0.014460883843246019 0.12723300365544626	0.014460883843209664 0.07078216454875697 0.012118209926548745	-0.12723300365628548 -0.01211820992487432 0.2522845875785015
0.14829999096219112 0.014460883835562767 0.12723300366624732	0.01446088383552906 0.07078216459573403 0.012118209919812092	-0.12723300366708795 -0.012118209918134719 0.2522845876023026
0.1482999909063115 0.014460883835668934 0.12723300359489886	0.014460883835633865 0.0707821645271539 0.012118209910172949	-0.1272330035957371 -0.012118209908497192 0.25228458757970185
0.14829999083483925 0.014460883843610373 0.1272330035401928	0.01446088384357219 0.07078216443711588 0.012118209910089717	-0.12723300354102926 -0.012118209908414546 0.25228458754213295
0.14829999084176992 0.014460883848264716 0.12723300357685882	0.014460883848228138 0.07078216444978833 0.012118209922488122	-0.1272330035777016 -0.012118209920809593 0.25228458754152744
0.14829999090192997 0.014460883843463314 0.12723300365452916	0.014460883843425776 0.07078216454246855 0.012118209935284827	-0.1272330036553648 -0.012118209933607717 0.25228458757302674
0.14829999091558807 0.014460883833866279 0.1272330036446593	0.014460883833828823 0.07078216457208789 0.012118209929268084	-0.12723300364549484 -0.012118209927595415 0.25228458758883826
0.1482999909084498 0.014460883836688473 0.12723300365002183	0.014460883836652429 0.07078216456427686 0.01211820993455838	-0.12723300365086573 -0.012118209932881523 0.252284587582458
0.1482999908465979 0.014460883845939469 0.12723300359251494	0.014460883845902758 0.07078216446729779 0.012118209926233914	-0.1272330035933517 -0.01211820992455303 0.2522845875450446
0.1482999908200925 0.014460883848763956 0.12723300355162379	0.014460883848727185 0.07078216441533038 0.01211820991478553	-0.12723300355246564 -0.012118209913105318 0.25228458752778093
0.14829999088109402 0.014460883839607148 0.1272330035838359	0.014460883839571281 0.07078216448557231 0.01211820990969057	-0.12723300358467401 -0.012118209908013822 0.2522845875618246
0.148299990952266 0.014460883830375214 0.12723300364654386	0.014460883830336656 0.07078216457883352 0.012118209912050024	-0.12723300364738122 -0.012118209910374718 0.25228458759944056
0.14829999094001933 0.01446088383309775 0.12723300365271734	0.01446088383306153 0.07078216456910748 0.012118209918621677	-0.12723300365355883 -0.012118209916946603 0.2522845875912848
0.14829999085385914 0.014460883842898708 0.12723300359325457	0.014460883842861724 0.07078216446667303 0.012118209922790966	-0.12723300359409312 -0.012118209921114034 0.2522845875454593
0.14829999079788264 0.014460883846129155 0.1272330035505266	0.014460883846091475 0.07078216440646007 0.012118209923690386	-0.12723300355136719 -0.012118209922012936 0.2522845875203957
0.14829999084166567 0.014460883838617978 0.1272330035830675	0.014460883838581795 0.07078216446937893 0.012118209925301673	-0.12723300358390707 -0.012118209923623658 0.25228458755007344
0.14829999092404195 0.014460883830820023 0.1272330036462812	0.01446088383078296 0.07078216456700306 0.012118209924699808	-0.1272330036471216 -0.012118209923023704 0.25228458759204747
0.1482999909418562 0.014460883833862553 0.1272330036530998	0.01446088383382603 0.07078216457124568 0.0121182099189528	-0.12723300365394152 -0.012118209917275531 0.2522845875941776
0.14829999088215146 0.01446088384427854 0.1272330035940181	0.014460883844241249 0.07078216447895594 0.012118209911439921	-0.12723300359485692 -0.012118209909761861 0.25228458755464256
0.14829999083619802 0.014460883848026433 0.12723300355065317	0.0144608838479891 0.07078216442196 0.012118209908364055	-0.12723300355148967 -0.012118209906688455 0.2522845875312718
0.14829999086197715 0.014460883841135586 0.1272330035832931	0.014460883841099198 0.07078216447866414 0.012118209914969872	-0.1272330035841362 -0.012118209913294042 0.2522845875524679
0.14829999090437726 0.01446088383778482 0.12723300360869447	0.014460883837747164 0.07078216453917566 0.01211820992146568	-0.1272330036095374 -0.012118209919785614 0.2522845875859764
0.14829999094964008 0.014460883842976563 0.12723300368705806	0.014460883842938876 0.07078216460092444 0.012118209939268345	-0.12723300368789406 -0.012118209937589431 0.2522845876021543
0.14829999090596052 0.014460883848421199 0.1272330036619403	0.01446088384838496 0.07078216455314788 0.012118209943384441	-0.1272330036627834 -0.012118209941708959 0.2522845875797559
0.14829999082277884 0.014460883848242071 0.12723300356769848	0.014460883848204625 0.07078216445921712 0.01211820993386618	-0.1272330035685372 -0.012118209932190843 0.2522845875446106
0.14829999081676418 0.014460883842800282 0.12723300353380196	0.014460883842763785 0.0707821644520605 0.01211820992289895	-0.127233003534643 -0.012118209921222155 0.25228458754793837
0.148299990901756 0.014460883839697358 0.1272330036073409	0.01446088383966031 0.07078216454156055 0.012118209921316653	-0.12723300360817974 -0.012118209919639543 0.2522845875836304
0.14829999097406144 0.014460883843278427 0.12723300368680412	0.014460883843240655 0.07078216461073672 0.01211820992735755	-0.12723300368764223 -0.012118209925680308 0.25228458760757866
0.14829999094019441 0.014460883848321808 0.12723300366356938	0.014460883848284919 0.0707821645639387 0.012118209928008612	-0.12723300366440804 -0.012118209926332998 0.2522845875870442
0.14829999084379875 0.014460883847568304 0.12723300357010728	0.014460883847531216 0.07078216446282104 0.012118209922993214	-0.12723300357094874 -0.01211820992131573 0.25228458754898586
0.1482999908082706 0.014460883841518932 0.12723300353496436	0.014460883841481708 0.07078216444287488 0.01211820992505952	-0.12723300353580502 -0.012118209923380821 0.25228458754395594
0.14829999086851006 0.01446088383793548 0.12723300360741804	0.014460883837898971 0.07078216452321272 0.012118209935115164	-0.12723300360825957 -0.012118209933437638 0.25228458757279376
0.14829999093663548 0.014460883841426256 0.1272330036873926	0.014460883841388234 0.07078216459245033 0.012118209941604972	-0.12723300368823026 -0.012118209939928567 0.2522845875961373
0.1482999909207838 0.014460883846765794 0.12723300366402648	0.014460883846726958 0.07078216455354952 0.01211820993436636	-0.12723300366486764 -0.012118209932690874 0.2522845875797309
0.1482999908566674 0.01446088384533923 0.12723300356967251	0.014460883845300417 0.07078216446563373 0.01211820991692443	-0.12723300357051023 -0.012118209915250915 0.25228458755231753
0.1482999908424222 0.014460883839382823 0.12723300353600722	0.014460883839344959 0.07078216445273151 0.012118209908223466	-0.12723300353684394 -0.012118209906547564 0.25228458755274
0.14829999086531628 0.014460883843104034 0.12723300356716022	0.014460883843065458 0.07078216447280461 0.01211820991423173	-0.12723300356799772 -0.012118209912557978 0.25228458756024336
0.14829999094324292 0.014460883845927372 0.12723300366772483	0.014460883845888704 0.07078216456445266 0.012118209926992266	-0.12723300366856594 -0.01211820992531679 0.2522845875895786
0.14829999095531396 0.01446088384303135 0.12723300369325108	0.014460883842993419 0.0707821645964648 0.012118209935003371	-0.12723300369408863 -0.012118209933326952 0.2522845875994465
0.1482999908709715 0.014460883839677042 0.12723300360811404	0.01446088383964027 0.07078216452033223 0.012118209933477387	-0.12723300360895598 -0.012118209931799781 0.2522845875693943
0.14829999079521713 0.01446088384099765 0.12723300352964056	0.014460883840960571 0.07078216443983756 0.01211820992861367	-0.12723300353048111 -0.012118209926934926 0.25228458753919364
0.14829999082558643 0.014460883845733748 0.12723300356563746	0.014460883845696448 0.07078216446243442 0.012118209929478797	-0.12723300356647868 -0.012118209927801157 0.252284587546086
0.1482999909278866 0.01446088384825677 0.12723300366563817	0.014460883848219974 0.07078216456318695 0.01211820993448353	-0.12723300366647672 -0.012118209932808249 0.25228458758556743
0.1482999909732581 0.01446088384567571 0.12723300369245027	0.01446088384563781 0.07078216460746324 0.012118209930242659	-0.12723300369328847 -0.01211820992856548 0.25228458760692163
0.1482999909125722 0.014460883841523858 0.1272330036091497	0.014460883841486681 0.07078216454000162 0.012118209917824769	-0.12723300360998868 -0.01211820991614769 0.25228458758601613
0.14829999083401604 0.01446088384152545 0.12723300353028455	0.01446088384148879 0.07078216445727623 0.01211820991441923	-0.12723300353112554 -0.012118209912742536 0.2522845875543618
0.14829999083724965 0.014460883845550186 0.12723300356476325	0.014460883845512858 0.07078216446947545 0.012118209926805228	-0.12723300356560208 -0.01211820992512989 0.2522845875514972
0.14829999090718796 0.014460883847932149 0.12723300366407056	0.014460883847895687 0.07078216455867176 0.012118209943757934	-0.12723300366491364 -0.012118209942082403 0.2522845875801631
0.14829999093374568 0.014460883845367154 0.12723300369113677	0.014460883845329633 0.07078216459443637 0.012118209946790668	-0.12723300369197257 -0.012118209945111934 0.2522845875938471
0.14829999088134405 0.014460883840037554 0.12723300360863055	0.014460883839999963 0.07078216452663277 0.012118209930406392	-0.12723300360947354 -0.012118209928726038 0.2522845875762738
0.1482999908301551 0.014460883838871764 0.12723300353155026	0.014460883838834045 0.07078216444751594 0.01211820991257239	-0.1272330035323869 -0.012118209910896339 0.2522845875510625
0.14829999081957912 0.014460883847192591 0.12723300354656586	0.014460883847155093 0.07078216441765614 0.012118209915204459	-0.12723300354740208 -0.01211820991352889 0.2522845875285722
0.14829999088246257 0.014460883845704101 0.12723300360210638	0.014460883845666734 0.07078216448222627 0.01211820991400538	-0.12723300360294493 -0.012118209912327205 0.25228458755352673
0.14829999095478852 0.014460883835746216 0.12723300366219137	0.01446088383570952 0.07078216457616489 0.012118209915117008	-0.12723300366303322 -0.01211820991343977 0.2522845875943397
0.14829999093787105 0.014460883830549743 0.12723300364397655	0.014460883830512741 0.07078216456979634 0.012118209916767077	-0.1272330036448171 -0.012118209915090793 0.2522845875937789
0.1482999908490796 0.014460883836375633 0.1272330035728158	0.01446088383633939 0.07078216447127697 0.01211820991865058	-0.12723300357365572 -0.01211820991697253 0.25228458755330413
0.1482999907982574 0.014460883844791038 0.12723300354694883	0.014460883844753384 0.07078216440839466 0.012118209923374992	-0.12723300354778969 -0.012118209921697296 0.25228458752316707
0.14829999084782164 0.0144608838443704 0.12723300360189777	0.014460883844333652 0.07078216446638963 0.012118209929692321	-0.1272330036027362 -0.012118209928015492 0.25228458754528643
0.14829999092788954 0.014460883835747921 0.12723300366186538	0.014460883835711763 0.0707821645645846 0.012118209927923153	-0.12723300366270696 -0.01211820992624841 0.25228458758783034
0.1482999909389601 0.014460883830980752 0.12723300364331303	0.014460883830942172 0.07078216457265649 0.012118209916705341	-0.12723300364415066 -0.01211820991503007 0.2522845875955035
0.1482999908766634 0.014460883837639217 0.12723300357261036	0.01446088383760346 0.07078216448331058 0.01211820990660746	-0.12723300357344844 -0.012118209904930535 0.2522845875603431
0.14829999083213885 0.014460883847120687 0.1272330035479808	0.014460883847083881 0.07078216442129996 0.012118209907373688	-0.12723300354882264 -0.012118209905693622 0.25228458753036304
0.14829999086866053 0.014460883846842706 0.1272330036015649	0.01446088384680583 0.0707821644780392 0.012118209920082487	-0.12723300360240158 -0.012118209918401714 0.25228458754982697
0.14829999092180446 0.014460883838650736 0.12723300365960533	0.014460883838614845 0.0707821645697247 0.012118209932678183	-0.12723300366044907 -0.012118209931001597 0.25228458758547107
0.14829999090780105 0.014460883834061125 0.12723300364211887	0.014460883834023669 0.0707821645668568 0.012118209932159191	-0.12723300364295478 -0.012118209930486436 0.2522845875882066
0.1482999908402461 0.014460883839506312 0.12723300357254091	0.01446088383946981 0.07078216446886929 0.012118209921537677	-0.1272330035733841 -0.012118209919861702 0.2522845875495169
0.14829999082209006 0.014460883848950615 0.1272330035739591	0.01446088384891378 0.07078216444075804 0.012118209929375831	-0.12723300357480194 -0.012118209927697254 0.2522845875326786
0.14829999081662598 0.014460883845997242 0.12723300354740216	0.01446088384595887 0.07078216443245303 0.012118209920001437	-0.1272330035482385 -0.012118209918326267 0.2522845875325844
0.14829999089879364 0.01446088383648114 0.12723300360114734	0.014460883836446064 0.07078216452749352 0.012118209915142408	-0.12723300360198536 -0.012118209913466446 0.2522845875760642
0.14829999096645605 0.01446088383369993 0.12723300366216328	0.014460883833666277 0.07078216459715315 0.012118209916197196	-0.12723300366300416 -0.012118209914519847 0.2522845876056888
0.14829999093489113 0.014460883841138738 0.12723300364643575	0.014460883841102425 0.07078216454965067 0.012118209917435646	-0.12723300364727513 -0.012118209915760805 0.2522845875850313
0.14829999084552345 0.014460883847927774 0.12723300357535017	0.014460883847892306 0.07078216444634432 0.012118209918182098	-0.12723300357618908 -0.012118209916506771 0.2522845875398747
0.14829999081023837 0.014460883844079024 0.1272330035480844	0.014460883844041175 0.07078216442487253 0.01211820992259001	-0.12723300354892778 -0.012118209920913274 0.2522845875306119
0.1482999908619822 0.014460883834483195 0.12723300360265466	0.01446088383444584 0.07078216450800665 0.01211820992910026	-0.1272330036034905 -0.0121182099274223 0.2522845875634582
0.1482999909254366 0.014460883831785613 0.12723300366170381	0.014460883831750091 0.07078216458060795 0.012118209931764587	-0.12723300366254858 -0.012118209930083529 0.2522845875914866
0.148299990915328 0.014460883839631768 0.12723300364479836	0.014460883839593484 0.07078216454102657 0.012118209924602497	-0.12723300364563372 -0.012118209922924672 0.2522845875758419
0.1482999908553744 0.014460883846739759 0.12723300357723655	0.014460883846702952 0.07078216444419289 0.012118209911063531	-0.12723300357807732 -0.012118209909388764 0.25228458753997524
0.14829999084555773 0.014460883842795836 0.12723300355095618	0.014460883842759353 0.07078216443275227 0.012118209905658473	-0.12723300355179654 -0.012118209903985253 0.25228458754113514
0.14829999090129187 0.014460883834164797 0.12723300360239512	0.014460883834128812 0.07078216452336135 0.012118209914649625	-0.12723300360323278 -0.012118209912974125 0.2522845875772641
0.14829999094072316 0.014460883832950307 0.12723300366076112	0.01446088383291531 0.0707821645920143 0.01211820992842794	-0.12723300366160434 -0.012118209926749567 0.2522845876012242
0.14829999089615056 0.014460883841453841 0.1272330036444	0.01446088384141659 0.07078216453786929 0.01211820993370731	-0.1272330036452355 -0.012118209932030152 0.2522845875723619
0.1482999908784477 0.014460883846969905 0.12723300362999088	0.014460883846931484 0.07078216451893485 0.012118209938428916	-0.1272330036308284 -0.012118209936751306 0.25228458756681565
0.14829999079878903 0.01446088384424703 0.12723300353948355	0.014460883844209729 0.07078216443990125 0.012118209930467416	-0.12723300354032352 -0.012118209928789696 0.2522845875399317
0.14829999082454812 0.014460883841025991 0.1272330035503907	0.014460883840988266 0.07078216447119065 0.012118209928712417	-0.1272330035512311 -0.012118209927037785 0.25228458755462685
0.14829999092455973 0.014460883842700348 0.1272330036489539	0.014460883842664427 0.07078216457031725 0.012118209933197892	-0.12723300364978962 -0.012118209931526146 0.252284587591894
0.14829999097387106 0.014460883847872766 0.1272330036991494	0.014460883847837053 0.07078216460833862 0.012118209932078516	-0.12723300369999233 -0.012118209930401011 0.2522845876061924
0.14829999091713514 0.014460883849362224 0.12723300363011658	0.014460883849324431 0.07078216453761363 0.012118209922531722	-0.1272330036309578 -0.012118209920853329 0.252284587579683
0.14829999083548184 0.014460883845089256 0.12723300353794678	0.01446088384505343 0.07078216445758909 0.012118209916549223	-0.1272330035387846 -0.012118209914870448 0.25228458755141847
0.1482999908316539 0.014460883841533406 0.12723300355083422	0.01446088384149669 0.07078216447445518 0.012118209924999086	-0.12723300355167988 -0.01211820992331885 0.2522845875562366
0.14829999090167295 0.014460883843163592 0.12723300364869333	0.014460883843125783 0.07078216456421638 0.012118209942684588	-0.12723300364952772 -0.012118209941011211 0.2522845875856315
0.14829999093831023 0.014460883847030682 0.12723300369638071	0.014460883846994742 0.0707821645987064 0.012118209949289846	-0.1272330036972255 -0.012118209947614249 0.25228458759674083
0.14829999088879553 0.014460883847019303 0.1272330036299263	0.014460883846981056 0.0707821645255259 0.01211820993521745	-0.1272330036307619 -0.012118209933542616 0.2522845875732415
0.14829999083438894 0.014460883842102704 0.12723300354089517	0.014460883842066188 0.070782164449182 0.012118209916221291	-0.12723300354173617 -0.012118209914543047 0.25228458755232486
0.14829999085976392 0.014460883838752627 0.12723300355316322	0.014460883838715959 0.0707821644758333 0.012118209912038713	-0.12723300355400294 -0.012118209910360004 0.2522845875631056
0.1482999909378145 0.014460883840735862 0.12723300365033915	0.014460883840699285 0.07078216457248655 0.012118209924968364	-0.12723300365117812 -0.012118209923291892 0.25228458759554717
0.14829999095488408 0.014460883845405486 0.12723300369836602	0.01446088384536899 0.07078216459803982 0.012118209937879643	-0.1272330036992076 -0.012118209936201784 0.25228458759697264
0.1482999909488704 0.014460883838344766 0.12723300366467666	0.014460883838306765 0.0707821645835579 0.012118209926438438	-0.12723300366551502 -0.012118209924763874 0.25228458759994593
0.14829999085174414 0.014460883836744336 0.127233003570471	0.0144608838367058 0.07078216448617802 0.012118209921737885	-0.12723300357131395 -0.012118209920061684 0.2522845875647836
0.1482999907974721 0.01446088384146918 0.1272330035319272	0.014460883841430091 0.07078216442787572 0.012118209925486359	-0.12723300353276326 -0.012118209923810536 0.25228458753826855
0.1482999908496329 0.014460883845867538 0.12723300360300507	0.014460883845830101 0.07078216448345415 0.012118209936187181	-0.1272330036038497 -0.012118209934508229 0.2522845875531109
0.1482999909351774 0.014460883844430344 0.12723300368567753	0.014460883844393101 0.07078216457836811 0.01211820993936134	-0.12723300368651289 -0.01211820993768509 0.2522845875894779
0.14829999094528407 0.014460883839368867 0.127233003664473	0.014460883839331543 0.07078216458535096 0.01211820992713395	-0.127233003665315 -0.012118209925457531 0.2522845875974258
0.14829999087806722 0.014460883837953718 0.12723300356934644	0.014460883837915262 0.07078216449922124 0.01211820991058037	-0.12723300357018802 -0.012118209908905372 0.25228458757001093
0.1482999908327452 0.014460883843423405 0.1272330035326497	0.014460883843385246 0.07078216444046939 0.01211820990895671	-0.12723300353348566 -0.012118209907282088 0.2522845875460205
0.1482999908733669 0.014460883848839803 0.12723300360363132	0.014460883848802505 0.0707821644935804 0.012118209925970392	-0.12723300360447645 -0.012118209924289667 0.2522845875599782
0.14829999093270876 0.014460883847317887 0.1272330036840365	0.014460883847280406 0.07078216458244538 0.012118209942263595	-0.1272330036848728 -0.012118209940586076 0.2522845875902074
0.148299990915644 0.014460883841697724 0.12723300366284307	0.01446088384166025 0.07078216457956171 0.012118209941277797	-0.12723300366368537 -0.012118209939599382 0.2522845875913738
0.1482999908423137 0.014460883839482136 0.1272330035683195	0.014460883839444532 0.07078216448899328 0.01211820992781306	-0.12723300356915657 -0.01211820992613764 0.25228458756111005
0.14829999081546438 0.014460883843618632 0.12723300353182848	0.014460883843581802 0.07078216443518567 0.012118209917158038	-0.12723300353266628 -0.012118209915484054 0.2522845875394514
0.14829999088519574 0.014460883847641149 0.1272330036041312	0.01446088384760379 0.07078216449895688 0.012118209919446236	-0.1272330036049723 -0.01211820991776853 0.2522845875630743
0.14829999096349872 0.01446088384500675 0.12723300368602308	0.01446088384496973 0.07078216458803155 0.012118209926322884	-0.1272330036868618 -0.01211820992464515 0.25228458759596867
0.1482999909662218 0.014460883831779766 0.12723300365973395	0.014460883831744185 0.0707821645932831 0.01211820991467798	-0.12723300366057472 -0.012118209912998699 0.2522845876043955
0.1482999909270022 0.014460883833339738 0.12723300362385445	0.014460883833301127 0.0707821645468879 0.012118209910722245	-0.12723300362469048 -0.012118209909044456 0.2522845875858141
0.14829999083907447 0.014460883843516972 0.12723300356087328	0.014460883843478574 0.0707821644409881 0.012118209912422271	-0.12723300356171888 -0.012118209910743326 0.25228458753858535
0.14829999080935238 0.014460883847318369 0.1272330035584895	0.014460883847279352 0.0707821644131032 0.012118209921123793	-0.12723300355932413 -0.012118209919449629 0.25228458752124605
0.14829999086598597 0.014460883839431742 0.12723300361939752	0.014460883839394159 0.0707821644987158 0.012118209930639758	-0.1272330036202392 -0.01211820992896501 0.2522845875549413
0.1482999909251084 0.01446088383032624 0.12723300365880585	0.014460883830289912 0.07078216457658254 0.01211820993033249	-0.1272330036596419 -0.012118209928657815 0.25228458758981986
0.14829999090931362 0.014460883831425134 0.12723300362365578	0.014460883831388023 0.07078216453880767 0.012118209917962662	-0.1272330036244983 -0.01211820991628497 0.2522845875798807
0.14829999085278886 0.014460883840981792 0.12723300356327744	0.014460883840943463 0.07078216444095911 0.012118209905983706	-0.1272330035641177 -0.0121182099043037 0.25228458754291344
0.14829999084805234 0.014460883845630376 0.1272330035603686	0.014460883845591098 0.07078216442466326 0.012118209906209515	-0.1272330035612072 -0.012118209904532783 0.2522845875349389
0.14829999090384038 0.014460883839551958 0.12723300361961007	0.014460883839514788 0.07078216451318994 0.012118209915513843	-0.12723300362045364 -0.01211820991383596 0.25228458756759253
0.14829999093516838 0.014460883832296208 0.12723300365888923	0.014460883832259536 0.07078216458228787 0.012118209925002246	-0.12723300365972978 -0.01211820992332404 0.25228458759350525
0.14829999088758972 0.014460883834273278 0.12723300362192438	0.014460883834236209 0.07078216453583068 0.012118209928242734	-0.1272330036227614 -0.012118209926568268 0.2522845875736792
0.14829999081547224 0.014460883843873111 0.12723300355934122	0.01446088384383631 0.07078216443543156 0.01211820992359176	-0.12723300356018188 -0.012118209921915021 0.2522845875308026
0.14829999082084422 0.014460883848613576 0.12723300355743414	0.014460883848575787 0.07078216442490903 0.01211820991897886	-0.12723300355827 -0.012118209917303894 0.2522845875289286
0.14829999090326185 0.014460883841639247 0.12723300361947587	0.01446088384160201 0.07078216451686918 0.012118209917156432	-0.12723300362031606 -0.012118209915481931 0.25228458756794053
0.1482999909154888 0.014460883834671295 0.12723300362913334	0.014460883834635743 0.07078216455942841 0.012118209924602136	-0.12723300362997314 -0.012118209922927253 0.25228458758910904
0.14829999096291718 0.01446088383899087 0.12723300367569867	0.014460883838954872 0.07078216459831858 0.012118209923680935	-0.1272330036765397 -0.012118209922004464 0.2522845876009459
0.148299990914237 0.014460883847993043 0.1272330036285322	0.014460883847956444 0.07078216452499722 0.012118209918367581	-0.12723300362936923 -0.012118209916693004 0.2522845875707649
0.14829999083664697 0.014460883849008063 0.12723300355416914	0.014460883848970697 0.0707821644376852 0.012118209913480622	-0.12723300355501105 -0.012118209911802149 0.2522845875376621
0.14829999083202078 0.014460883841284758 0.12723300355424239	0.014460883841248785 0.07078216445752458 0.012118209919726446	-0.12723300355508205 -0.012118209918046331 0.25228458754787
0.1482999908958512 0.014460883835508937 0.1272330036273472	0.014460883835472655 0.07078216455368527 0.012118209933567783	-0.12723300362818904 -0.012118209931890563 0.25228458758417605
0.14829999092953405 0.01446088383856366 0.12723300367375232	0.014460883838527519 0.07078216458735191 0.012118209939163616	-0.12723300367459006 -0.012118209937487578 0.2522845875940457
0.14829999088551724 0.014460883845780932 0.12723300363013923	0.014460883845743538 0.0707821645094063 0.012118209930014754	-0.12723300363098058 -0.012118209928338102 0.2522845875636924
0.1482999908343524 0.014460883846306973 0.1272330035562601	0.01446088384626848 0.07078216443096834 0.012118209914994939	-0.12723300355710013 -0.01211820991331837 0.2522845875374542
0.14829999085752538 0.014460883838363301 0.12723300355509093	0.014460883838326978 0.07078216446278669 0.012118209907880446	-0.12723300355593187 -0.012118209906200564 0.2522845875536583
0.14829999092915597 0.014460883832695701 0.12723300362937393	0.014460883832658488 0.0707821645607466 0.012118209915824414	-0.12723300363021303 -0.012118209914148512 0.25228458759103783
0.14829999094775292 0.01446088383678902 0.12723300367625404	0.014460883836752623 0.07078216458789406 0.01211820992928191	-0.127233003677097 -0.012118209927604456 0.2522845875966916
0.14829999087630966 0.014460883845505394 0.127233003630183	0.014460883845468026 0.07078216450242664 0.01211820993245008	-0.1272330036310186 -0.012118209930773914 0.2522845875582665
0.1482999908050946 0.014460883847813313 0.12723300355381698	0.014460883847775888 0.07078216442378292 0.012118209927480531	-0.12723300355465722 -0.012118209925802568 0.252284587530751
0.1482999908237218 0.014460883841039471 0.12723300355364767	0.01446088384100348 0.0707821644540228 0.012118209923885917	-0.12723300355448425 -0.012118209922208585 0.2522845875453254
0.14829999084447187 0.014460883841410786 0.12723300358606834	0.014460883841373878 0.07078216449497796 0.012118209935121374	-0.12723300358690384 -0.012118209933447359 0.25228458756255817
0.14829999093418578 0.014460883845141319 0.12723300368545665	0.014460883845103916 0.07078216458588171 0.01211820994232022	-0.1272330036862984 -0.01211820994064166 0.252284587592218
0.14829999095410895 0.014460883846850996 0.12723300368552404	0.01446088384681371 0.0707821645936618 0.012118209935631948	-0.1272330036863627 -0.012118209933951588 0.2522845875988273
0.14829999088659707 0.014460883844265492 0.1272330035881892	0.014460883844228039 0.07078216450708065 0.012118209917783278	-0.12723300358903067 -0.012118209916103878 0.2522845875728728
0.14829999083518547 0.014460883842014412 0.12723300352784134	0.01446088384197643 0.07078216445189064 0.012118209911384504	-0.12723300352868155 -0.012118209909709111 0.25228458755552235
0.14829999087046586 0.014460883844220224 0.12723300358650963	0.014460883844185507 0.07078216450695957 0.012118209925814874	-0.12723300358735146 -0.012118209924137556 0.25228458757121375
0.14829999093215435 0.014460883848174334 0.1272330036829442	0.014460883848138515 0.07078216459215976 0.012118209944946608	-0.12723300368378365 -0.012118209943271684 0.25228458759439965
0.14829999092178056 0.014460883849596425 0.12723300368382784	0.0144608838495607 0.07078216458446349 0.012118209948790384	-0.12723300368466764 -0.012118209947115412 0.2522845875887
0.14829999084732526 0.014460883846700752 0.1272330035873236	0.014460883846665901 0.07078216449341045 0.012118209934382292	-0.12723300358816522 -0.012118209932705033 0.25228458755962246
0.148299990816574 0.014460883842354388 0.12723300352631695	0.014460883842316242 0.07078216444775279 0.012118209918599698	-0.12723300352715686 -0.012118209916924486 0.25228458754864064
0.14829999088444018 0.014460883841982757 0.12723300358588774	0.014460883841945306 0.07078216451319783 0.012118209919174963	-0.12723300358672932 -0.01211820991749575 0.25228458757477945
0.14829999096794977 0.014460883845005138 0.12723300368564822	0.014460883844967718 0.07078216460014151 0.012118209930565452	-0.127233003686487 -0.012118209928884807 0.2522845876055827
0.14829999095470012 0.014460883846165756 0.1272330036880223	0.014460883846128189 0.07078216458755082 0.012118209933994137	-0.1272330036888642 -0.012118209932315362 0.25228458759854155
0.14829999085931214 0.014460883843605042 0.12723300358833822	0.014460883843568164 0.07078216449422325 0.012118209928893148	-0.12723300358917328 -0.01211820992721917 0.2522845875659301
0.14829999079596756 0.014460883840917812 0.12723300352555	0.014460883840878942 0.07078216443743302 0.012118209927185545	-0.1272330035263895 -0.01211820992551511 0.2522845875431218
