0.0636001550617429 -0.009993118727834111 0.11463089662813215	-0.009993118727756241 0.003520170577643141 -0.01565389072969227	-0.11463089662634507 0.015653890723154644 0.1314746731532197
0.06360015508943201 -0.009993118732562919 0.1146308966177476	-0.009993118732483841 0.0035201705959370215 -0.01565389073589807	-0.11463089661595577 0.01565389072936272 0.13147467317533137
0.06360015509613272 -0.009993118746363388 0.11463089664507321	-0.009993118746284117 0.003520170611220943 -0.015653890750394	-0.11463089664327936 0.01565389074385676 0.1314746731787283
0.06360015506062962 -0.009993118747298978 0.11463089667901062	-0.009993118747220297 0.0035201705829093887 -0.015653890740073537	-0.1146308966772228 0.01565389073353369 0.13147467313822223
0.06360015505471131 -0.0099931187411396 0.11463089667125123	-0.009993118741062925 0.0035201705667060783 -0.01565389072680884	-0.11463089666946352 0.015653890720273334 0.13147467312611438
0.0636001550860082 -0.009993118747217066 0.1146308966584162	-0.009993118747137505 0.003520170593170736 -0.015653890739213874	-0.11463089665662343 0.01565389073267692 0.1314746731562308
0.06360015508338789 -0.009993118754513489 0.11463089667742829	-0.009993118754435154 0.0035201706013855034 -0.015653890749689887	-0.11463089667564202 0.015653890743154972 0.1314746731562819
0.06360015505400868 -0.009993118745551545 0.11463089668273344	-0.009993118745475534 0.00352017057394449 -0.015653890735405296	-0.114630896680945 0.015653890728869205 0.13147467312856245
0.06360015506654358 -0.009993118735480583 0.11463089664757393	-0.009993118735402422 0.003520170575165884 -0.015653890728689803	-0.11463089664578109 0.01565389072215593 0.13147467314404648
0.06360015509862722 -0.009993118739520865 0.11463089662566267	-0.009993118739442156 0.0035201706078175216 -0.01565389074545771	-0.11463089662387478 0.015653890738923905 0.131474673182928
0.06360015508534245 -0.009993118740419936 0.11463089663663835	-0.009993118740339061 0.0035201706061638305 -0.01565389074981447	-0.1146308966348521 0.015653890743274827 0.13147467317614978
0.06360015506245914 -0.009993118727899278 0.11463089662766768	-0.0099931187278195 0.003520170580822362 -0.015653890733268488	-0.11463089662587732 0.01565389072673319 0.13147467315652886
0.06360015508632369 -0.009993118722659601 0.11463089659496281	-0.009993118722580373 0.0035201705937376697 -0.0156538907332816	-0.1146308965931771 0.015653890726740536 0.1314746731823632
0.06360015510780131 -0.00999311873207399 0.11463089659638082	-0.009993118731995144 0.0035201706199989033 -0.015653890750291416	-0.11463089659459172 0.015653890743755033 0.13147467320555492
0.06360015507971717 -0.009993118734795178 0.11463089662629927	-0.009993118734717277 0.0035201706025138426 -0.015653890746607453	-0.11463089662450694 0.015653890740073426 0.13147467317642061
0.06360015507075177 -0.009993118751726515 0.11463089667381327	-0.009993118751651108 0.0035201705845993685 -0.015653890737494156	-0.11463089667202114 0.01565389073096193 0.13147467314221012
0.06360015506507444 -0.009993118730176878 0.1146308966556158	-0.009993118730097068 0.0035201705697042868 -0.015653890725618496	-0.1146308966538254 0.015653890719082582 0.1314746731374471
0.063600155072912 -0.009993118747195539 0.1146308966759218	-0.009993118747119322 0.0035201705893825267 -0.015653890742254872	-0.11463089667413179 0.015653890735720738 0.13147467314599257
0.06360015507723253 -0.009993118764438924 0.11463089668657764	-0.009993118764360254 0.0035201706008379 -0.015653890750582912	-0.11463089668478474 0.0156538907440454 0.13147467315045824
0.06360015507143665 -0.009993118739737824 0.1146308966490976	-0.009993118739659357 0.003520170581980713 -0.015653890732612263	-0.11463089664730607 0.015653890726076668 0.13147467314930153
0.0636001550736281 -0.009993118720826701 0.11463089662239585	-0.009993118720747651 0.0035201705801344444 -0.01565389072877337	-0.11463089662060759 0.015653890722234498 0.13147467315965375
0.06360015508595976 -0.009993118741002003 0.11463089663654506	-0.009993118740924414 0.003520170606609499 -0.01565389074862391	-0.1146308966347548 0.01565389074208749 0.13147467317708758
0.06360015508834593 -0.009993118747139547 0.11463089663154555	-0.009993118747061701 0.0035201706100356518 -0.015653890749443143	-0.11463089662975946 0.015653890742906004 0.13147467318131584
0.06360015508072918 -0.009993118718824814 0.11463089659506012	-0.00999311871874985 0.003520170588326677 -0.015653890730287105	-0.11463089659327524 0.015653890723749446 0.13147467317739225
0.0636001550825191 -0.009993118714492743 0.11463089659348114	-0.009993118714417337 0.0035201705923540976 -0.01565389073409946	-0.11463089659169476 0.01565389072756234 0.1314746731820299
0.06360015509026057 -0.009993118742906005 0.11463089662762162	-0.009993118742826903 0.0035201706134585856 -0.015653890752646848	-0.11463089662583413 0.015653890746112585 0.13147467318611528
0.06360015508491683 -0.009993118743804779 0.11463089663140143	-0.009993118743727056 0.003520170602775558 -0.015653890744689404	-0.11463089662961239 0.01565389073814926 0.13147467317506192
0.06360015507407595 -0.009993118720705645 0.11463089661629355	-0.00999311872063172 0.003520170579357093 -0.015653890727289264	-0.11463089661450636 0.015653890720755265 0.13147467316147965
0.06360015507547027 -0.009993118732354811 0.11463089664256253	-0.009993118732276646 0.003520170588439009 -0.015653890738102954	-0.11463089664077199 0.015653890731565496 0.13147467315850836
0.06360015507901028 -0.009993118761605909 0.11463089668159608	-0.009993118761528752 0.003520170602818933 -0.015653890752227725	-0.11463089667980705 0.015653890745691804 0.13147467315454375
0.06360015509253102 -0.00999311874907656 0.1146308966538811	-0.009993118748998041 0.0035201706084076333 -0.01565389075076915	-0.11463089665209039 0.015653890744234702 0.13147467317244474
0.06360015508937802 -0.009993118729796538 0.1146308966256937	-0.00999311872971912 0.003520170599320781 -0.01565389074151442	-0.11463089662390365 0.0156538907349804 0.13147467317665112
0.06360015506133551 -0.009993118728943885 0.11463089663072656	-0.009993118728866128 0.0035201705751324204 -0.015653890728608837	-0.11463089662893249 0.015653890722075164 0.13147467314967265
0.0636001550764094 -0.009993118740251794 0.11463089662942785	-0.00999311874017206 0.003520170595836405 -0.015653890741602866	-0.11463089662763803 0.015653890735068038 0.13147467316818864
0.06360015510687925 -0.00999311873203268 0.11463089660121753	-0.009993118731952806 0.003520170621484797 -0.01565389075274052	-0.11463089659942496 0.015653890746201386 0.1314746732058695
0.06360015508967051 -0.009993118718212325 0.11463089659405112	-0.009993118718134063 0.0035201705994149296 -0.01565389073790511	-0.11463089659226174 0.015653890731370954 0.13147467318928896
0.06360015506401592 -0.009993118728390073 0.11463089662105251	-0.009993118728309736 0.003520170579622616 -0.015653890729887928	-0.11463089661926232 0.015653890723349644 0.13147467315751063
0.06360015508467633 -0.009993118742928481 0.1146308966319165	-0.009993118742845513 0.003520170603976471 -0.015653890745953816	-0.11463089663012281 0.01565389073941775 0.1314746731753266
0.06360015510065024 -0.00999311873578437 0.11463089662263617	-0.009993118735706966 0.003520170613518314 -0.015653890749555782	-0.11463089662084601 0.01565389074302064 0.13147467319019615
0.0636001550698271 -0.009993118730901838 0.11463089664082134	-0.009993118730822394 0.003520170580574562 -0.01565389073148055	-0.11463089663903181 0.015653890724942714 0.13147467315234063
0.06360015505381549 -0.009993118747647365 0.11463089667562346	-0.009993118747567895 0.0035201705712039465 -0.015653890730446072	-0.11463089667383025 0.015653890723912413 0.13147467312790703
0.06360015508236042 -0.009993118756660934 0.11463089667675463	-0.009993118756580852 0.003520170600026396 -0.015653890747601484	-0.11463089667496404 0.015653890741065896 0.13147467315505268
0.06360015508792016 -0.009993118743575037 0.11463089666107745	-0.009993118743495944 0.0035201705987953844 -0.015653890744294838	-0.11463089665928768 0.01565389073775748 0.13147467316191758
0.06360015505581727 -0.00999311873979265 0.1146308966718406	-0.009993118739714538 0.0035201705676592603 -0.015653890727620183	-0.11463089667005297 0.015653890721084168 0.13147467312722536
0.0636001550573344 -0.00999311875260678 0.11463089668179116	-0.009993118752528975 0.003520170575620524 -0.01565389073473064	-0.11463089668000043 0.015653890728192607 0.13147467312886102
0.06360015508749772 -0.009993118718734342 0.11463089659712718	-0.0099931187186541 0.003520170598570238 -0.015653890738566434	-0.11463089659533836 0.01565389073203127 0.13147467318563402
0.06360015510750718 -0.009993118733104874 0.11463089659604321	-0.009993118733027707 0.0035201706189164567 -0.015653890748736774	-0.11463089659425416 0.015653890742202248 0.13147467320501832
0.06360015507864049 -0.009993118738738444 0.11463089662412977	-0.009993118738661254 0.003520170597552318 -0.01565389074123239	-0.11463089662234044 0.015653890734699485 0.1314746731729683
0.0636001550622424 -0.009993118725977568 0.11463089662885714	-0.009993118725899235 0.0035201705791535857 -0.015653890732322567	-0.11463089662706526 0.015653890725787323 0.13147467315419448
0.06360015509043322 -0.009993118728673785 0.11463089661966533	-0.009993118728593932 0.0035201705999371976 -0.015653890741106707	-0.11463089661787829 0.01565389073457065 0.1314746731787834
0.06360015509540924 -0.009993118748445261 0.11463089664368858	-0.009993118748367532 0.0035201706080081685 -0.015653890747433532	-0.11463089664189867 0.01565389074089473 0.13147467317663764
0.06360015505963679 -0.009993118750109489 0.11463089667725965	-0.009993118750030837 0.0035201705785995307 -0.015653890736265448	-0.11463089667546672 0.015653890729732937 0.13147467313458208
0.06360015505540914 -0.009993118737827003 0.11463089667286212	-0.009993118737748781 0.0035201705699050706 -0.015653890731343757	-0.11463089667107107 0.015653890724806108 0.13147467312825248
0.0636001550869307 -0.009993118744584207 0.1146308966595253	-0.009993118744505203 0.0035201705960174468 -0.01565389074281319	-0.11463089665773096 0.015653890736279687 0.13147467315853165
0.06360015508237331 -0.009993118757948201 0.11463089667535656	-0.009993118757870248 0.003520170597112439 -0.01565389074491639	-0.11463089667356502 0.01565389073838138 0.13147467315290487
0.0636001550533298 -0.009993118747237382 0.11463089668181788	-0.009993118747159324 0.0035201705723177795 -0.0156538907331549	-0.11463089668002996 0.015653890726616174 0.13147467312714972
0.0636001550678353 -0.009993118731740967 0.11463089664958652	-0.00999311873166089 0.0035201705804779326 -0.01565389073398401	-0.11463089664779633 0.015653890727447536 0.1314746731480148
0.06360015509904425 -0.00999311873893918 0.11463089662607101	-0.009993118738858494 0.003520170609281139 -0.015653890746158618	-0.11463089662427901 0.01565389073962261 0.13147467318409817
0.06360015508429841 -0.009993118744847849 0.11463089663451977	-0.009993118744769793 0.003520170601875857 -0.01565389074360113	-0.11463089663273486 0.015653890737064087 0.1314746731732649
0.06360015506253469 -0.009993118728138505 0.11463089662764693	-0.009993118728059854 0.0035201705812267364 -0.015653890732919132	-0.11463089662585801 0.01565389072638168 0.13147467315663852
0.0636001550740126 -0.009993118721678693 0.11463089661540465	-0.009993118721601595 0.0035201705784845896 -0.015653890726181487	-0.11463089661362302 0.0156538907196402 0.13147467316017797
0.06360015507458482 -0.009993118736410924 0.11463089663993081	-0.009993118736332404 0.0035201705839048468 -0.01565389073250226	-0.11463089663814041 0.015653890725966426 0.1314746731542108
0.06360015507963243 -0.00999311876042565 0.11463089668272346	-0.009993118760349265 0.0035201706051655526 -0.015653890753717835	-0.11463089668093367 0.015653890747183118 0.1314746731570796
0.06360015507158094 -0.009993118748427123 0.11463089667585086	-0.009993118748349485 0.0035201705886637813 -0.015653890741844277	-0.11463089667406187 0.015653890735309012 0.1314746731456108
0.06360015506378533 -0.009993118732354565 0.11463089665379661	-0.009993118732278016 0.0035201705660964904 -0.01565389072226999	-0.11463089665200615 0.015653890715735096 0.13147467313320438
0.06360015507151058 -0.009993118750187133 0.11463089667385681	-0.009993118750108143 0.003520170585218368 -0.015653890737981836	-0.11463089667206691 0.01565389073144835 0.1314746731418689
0.06360015507793479 -0.009993118761619305 0.11463089668834085	-0.009993118761542208 0.003520170604231987 -0.015653890754445097	-0.11463089668655368 0.01565389074790781 0.13147467315416098
0.0636001550719444 -0.009993118737168218 0.1146308966503981	-0.009993118737091505 0.003520170584516015 -0.01565389073595008	-0.114630896648607 0.01565389072941948 0.13147467315201758
0.06360015507227604 -0.009993118723713123 0.11463089661979828	-0.009993118723636136 0.0035201705753188546 -0.01565389072453082	-0.11463089661800893 0.015653890717995573 0.13147467315479877
0.0636001550855175 -0.009993118742253379 0.11463089663521907	-0.009993118742176389 0.0035201706042907125 -0.01565389074671503	-0.11463089663343122 0.01565389074017621 0.1314746731748112
0.06360015508982754 -0.009993118743063422 0.11463089663381201	-0.009993118742986735 0.0035201706147104154 -0.015653890754797575	-0.11463089663202206 0.015653890748263483 0.13147467318615813
0.06360015508119743 -0.009993118717410494 0.11463089659504944	-0.009993118717332175 0.003520170589116944 -0.015653890732007895	-0.11463089659325924 0.015653890725467117 0.13147467317797912
0.06360015508168612 -0.009993118718004712 0.11463089659038632	-0.00999311871792696 0.003520170587327803 -0.01565389072922433	-0.11463089658860162 0.015653890722686713 0.1314746731768552
0.06360015509069102 -0.009993118742937488 0.1146308966275886	-0.009993118742859353 0.003520170614042431 -0.015653890752538625	-0.11463089662579998 0.01565389074599851 0.13147467318714645
0.06360015508648008 -0.00999311874005607 0.11463089663393833	-0.009993118739978015 0.0035201706083773515 -0.015653890749917312	-0.11463089663215438 0.015653890743378685 0.13147467318094933
0.06360015508678549 -0.00999311874719953 0.11463089665879969	-0.009993118747122345 0.003520170593377691 -0.015653890739493647	-0.11463089665701112 0.015653890732958586 0.1314746731577576
0.06360015505640687 -0.009993118738141085 0.11463089667278269	-0.00999311873806188 0.00352017056991665 -0.01565389073031617	-0.11463089667099638 0.015653890723776015 0.13147467312863906
0.06360015505849685 -0.009993118749337131 0.11463089668416393	-0.009993118749258404 0.003520170580627707 -0.01565389073953795	-0.11463089668237465 0.015653890733001552 0.13147467313298708
0.06360015509203484 -0.009993118751632179 0.11463089665273132	-0.009993118751553925 0.003520170605673451 -0.015653890747371158	-0.11463089665094309 0.015653890740836073 0.1314746731707629
0.06360015508860728 -0.009993118732949736 0.11463089662393647	-0.00999311873287135 0.0035201705955994972 -0.015653890737250948	-0.11463089662215029 0.01565389073071137 0.1314746731734143
0.06360015506222852 -0.009993118726238186 0.11463089663257435	-0.009993118726158852 0.0035201705792415614 -0.01565389073237705	-0.11463089663078796 0.015653890725840364 0.13147467315232947
0.06360015507731431 -0.009993118738212282 0.11463089663098461	-0.009993118738134694 0.003520170599442223 -0.0156538907444203	-0.11463089662919532 0.0156538907378838 0.13147467317125744
0.06360015510579263 -0.009993118735601762 0.11463089659929916	-0.009993118735522765 0.0035201706172688246 -0.01565389074748901	-0.11463089659751298 0.01565389074095119 0.13147467320314948
0.06360015508877417 -0.00999311871987282 0.11463089659314615	-0.009993118719795621 0.003520170597302619 -0.01565389073529646	-0.11463089659135825 0.01565389072876172 0.13147467318736433
0.06360015506520222 -0.009993118724805274 0.1146308966233766	-0.009993118724726564 0.003520170584875245 -0.01565389073494207	-0.11463089662158198 0.01565389072841012 0.13147467316149591
0.06360015508491886 -0.009993118742208745 0.11463089663268121	-0.009993118742130805 0.0035201706051689874 -0.015653890746877813	-0.11463089663089374 0.015653890740342333 0.1314746731768869
0.0636001550992657 -0.009993118739507326 0.11463089662040417	-0.009993118739430495 0.0035201706079590073 -0.015653890744139774	-0.11463089661861454 0.015653890737605095 0.1314746731862111
0.06360015506968736 -0.009993118730543477 0.1146308966406537	-0.00999311873046522 0.00352017058008703 -0.015653890732051437	-0.11463089663885997 0.015653890725515505 0.13147467315127254
0.06360015505486047 -0.009993118743501197 0.11463089667802875	-0.0099931187434195 0.0035201705760056195 -0.015653890736450224	-0.11463089667624048 0.015653890729916436 0.1314746731311557
0.06360015508188056 -0.009993118757381375 0.11463089667649576	-0.009993118757300693 0.0035201705984673807 -0.015653890746744017	-0.11463089667470513 0.015653890740204277 0.13147467315397762
0.0636001550996939 -0.009993118737172273 0.11463089662734163	-0.009993118737092004 0.00352017061085775 -0.015653890748471577	-0.11463089662555086 0.015653890741932443 0.13147467318637324
0.06360015508557387 -0.009993118741259934 0.11463089663686687	-0.009993118741182881 0.0035201706060878427 -0.015653890748743883	-0.11463089663507522 0.015653890742209395 0.13147467317715694
0.06360015506194408 -0.009993118730386831 0.11463089662632789	-0.009993118730306713 0.0035201705785750815 -0.015653890730206965	-0.11463089662453614 0.015653890723672036 0.1314746731535566
0.06360015508719917 -0.009993118721627867 0.11463089659546227	-0.009993118721548367 0.00352017059523888 -0.01565389073488935	-0.11463089659367376 0.015653890728351855 0.13147467318316405
0.06360015510901454 -0.009993118730057492 0.1146308965980555	-0.009993118729978302 0.0035201706229524166 -0.0156538907531472	-0.1146308965962689 0.015653890746610305 0.13147467320987025
0.06360015507952296 -0.009993118736331668 0.11463089662577404	-0.009993118736251866 0.003520170601082064 -0.01565389074474947	-0.11463089662398601 0.015653890738208595 0.13147467317609685
0.06360015506132642 -0.009993118729353595 0.11463089662675725	-0.009993118729274698 0.0035201705753619876 -0.015653890727808185	-0.11463089662497218 0.01565389072127044 0.13147467315008982
0.06360015508979368 -0.009993118730326291 0.11463089661874558	-0.009993118730247413 0.0035201705978388964 -0.01565389073885695	-0.1146308966169557 0.015653890732317356 0.13147467317667205
0.06360015509631192 -0.009993118744869809 0.11463089664637516	-0.009993118744791378 0.0035201706126132765 -0.01565389075228114	-0.1146308966445864 0.015653890745746423 0.13147467318101255
0.06360015505978782 -0.009993118749509708 0.11463089667795	-0.009993118749430936 0.0035201705799915457 -0.015653890737094184	-0.11463089667616032 0.015653890730557618 0.131474673135384
0.06360015505398475 -0.009993118742104783 0.11463089667057566	-0.009993118742025823 0.0035201705653210465 -0.015653890725589974	-0.1146308966687773 0.015653890719059052 0.13147467312359445
0.06360015508641606 -0.009993118744974043 0.11463089666002767	-0.009993118744896848 0.003520170595950463 -0.015653890742216237	-0.11463089665823324 0.015653890735680177 0.13147467315908257
0.06360015508329814 -0.009993118754330236 0.11463089667823001	-0.009993118754252017 0.003520170601930964 -0.01565389074989179	-0.11463089667644015 0.015653890743357567 0.13147467315789324
0.06360015505262888 -0.009993118748312518 0.11463089668143159	-0.00999311874823251 0.0035201705710693086 -0.015653890731945085	-0.11463089667963706 0.015653890725409153 0.13147467312509792
0.06360015506622393 -0.009993118735546118 0.11463089664737051	-0.009993118735466522 0.003520170575232892 -0.01565389072877895	-0.114630896645583 0.015653890722242367 0.13147467314278205
0.06360015508263345 -0.009993118714634004 0.11463089659242981	-0.009993118714554841 0.003520170591696764 -0.01565389073364958	-0.11463089659063908 0.015653890727113064 0.13147467318090736
0.06360015508973274 -0.009993118745404705 0.11463089662618067	-0.009993118745328999 0.003520170610405918 -0.01565389074892451	-0.11463089662439259 0.01565389074238711 0.13147467318438877
0.06360015508527722 -0.009993118743133023 0.11463089663200064	-0.009993118743056056 0.003520170604338029 -0.015653890745568624	-0.11463089663020806 0.0156538907390343 0.1314746731768907
0.06360015507486219 -0.009993118718517819 0.11463089661689692	-0.009993118718441012 0.0035201705821672584 -0.015653890730239574	-0.11463089661510467 0.01565389072370566 0.13147467316274697
0.06360015507524168 -0.009993118733773907 0.11463089664113991	-0.00999311873369526 0.003520170586440024 -0.015653890735934053	-0.1146308966393509 0.01565389072939708 0.13147467315649025
0.0636001550784031 -0.009993118763691904 0.11463089668060714	-0.009993118763614835 0.003520170600623578 -0.015653890749216255	-0.11463089667881869 0.015653890742682006 0.13147467315379058
0.06360015507111139 -0.009993118749890558 0.11463089667469545	-0.009993118749812043 0.003520170586885578 -0.01565389073993425	-0.1146308966729047 0.015653890733396264 0.1314746731438593
0.06360015506533513 -0.00999311872833659 0.114630896655663	-0.009993118728258565 0.0035201705710210065 -0.01565389072805659	-0.11463089665387657 0.015653890721521572 0.13147467313690828
0.06360015507194977 -0.009993118748999837 0.11463089667419481	-0.00999311874892125 0.0035201705862464867 -0.01565389073963246	-0.11463089667240516 0.015653890733093975 0.13147467314324476
0.06360015507707688 -0.00999311876524523 0.11463089668585036	-0.009993118765167945 0.003520170599420839 -0.015653890749231906	-0.11463089668406198 0.01565389074269763 0.1314746731506358
0.06360015507223117 -0.009993118736974008 0.1146308966499678	-0.009993118736895323 0.0035201705846228297 -0.01565389073611021	-0.11463089664817817 0.01565389072957385 0.13147467315120598
0.0636001550735353 -0.009993118719778262 0.1146308966219955	-0.00999311871970143 0.0035201705802971432 -0.015653890729945087	-0.11463089662020325 0.015653890723411407 0.13147467315867098
0.06360015508536551 -0.009993118743312303 0.11463089663486255	-0.00999311874323554 0.003520170603196952 -0.015653890745173454	-0.11463089663307013 0.015653890738639466 0.1314746731748608
0.0636001550887152 -0.009993118747183682 0.11463089663151334	-0.009993118747108044 0.0035201706099011664 -0.015653890749066302	-0.11463089662972625 0.015653890742528452 0.13147467318234934
0.06360015508164717 -0.009993118716053198 0.1146308965958892	-0.009993118715973987 0.003520170591519306 -0.015653890733872133	-0.11463089659409781 0.015653890727335897 0.13147467317963613
0.06360015506876124 -0.009993118732753116 0.11463089663882942	-0.009993118732673495 0.003520170576880019 -0.01565389072887535	-0.11463089663704101 0.01565389072233926 0.13147467314789477
0.06360015505352302 -0.009993118746530574 0.11463089667609123	-0.009993118746450674 0.003520170571731149 -0.015653890732185635	-0.11463089667429678 0.01565389072564978 0.1314746731273747
0.06360015508252818 -0.009993118754668146 0.11463089667841853	-0.009993118754589954 0.0035201706021856438 -0.015653890750290243	-0.11463089667662864 0.01565389074375615 0.13147467315790848
0.0636001550871092 -0.009993118744936164 0.11463089666004236	-0.009993118744858951 0.003520170596495374 -0.015653890742266814	-0.11463089665824922 0.015653890735730126 0.13147467316014247
0.0636001550549582 -0.009993118741516512 0.1146308966702662	-0.009993118741437362 0.0035201705650096185 -0.01565389072529346	-0.1146308966684678 0.015653890718762508 0.13147467312346778
0.06360015505787019 -0.00999311875108751 0.11463089668312157	-0.009993118751008785 0.0035201705783300466 -0.015653890736918086	-0.11463089668133127 0.015653890730381405 0.13147467313122452
0.06360015509335536 -0.009993118748060666 0.11463089665516593	-0.009993118747982562 0.0035201706109823034 -0.015653890752101735	-0.11463089665337725 0.01565389074556718 0.13147467317599743
0.06360015508927841 -0.009993118731944074 0.11463089662403429	-0.009993118731865227 0.0035201705969844137 -0.015653890738336527	-0.11463089662224529 0.01565389073179637 0.1314746731742711
0.0636001550615431 -0.00999311872981905 0.11463089662970251	-0.009993118729740033 0.0035201705744804523 -0.01565389072730971	-0.1146308966279174 0.015653890720772015 0.1314746731482357
0.06360015507748568 -0.0099931187380635 0.11463089663104191	-0.009993118737983607 0.0035201705997648883 -0.01565389074467994	-0.11463089662925409 0.0156538907381391 0.13147467317242725
0.0636001551072549 -0.009993118731565644 0.1146308966015434	-0.009993118731486778 0.003520170622266788 -0.015653890753217894	-0.11463089659975668 0.01565389074668138 0.13147467320761155
0.06360015508879159 -0.009993118720370084 0.11463089659209243	-0.009993118720290605 0.003520170595916588 -0.015653890734797022	-0.11463089659030336 0.015653890728259935 0.1314746731853495
0.06360015506404947 -0.009993118728246177 0.11463089662084205	-0.009993118728166082 0.0035201705796775486 -0.015653890730298357	-0.11463089661905083 0.01565389072376308 0.13147467315687958
0.06360015508568506 -0.009993118740569212 0.1146308966337833	-0.009993118740492114 0.003520170607078845 -0.01565389074923782	-0.11463089663199189 0.015653890742703194 0.1314746731791418
0.06360015510054529 -0.009993118736064463 0.11463089662239917	-0.00999311873598427 0.0035201706123763367 -0.015653890748863176	-0.11463089662060864 0.01565389074232408 0.13147467318994852
0.06360015508265712 -0.009993118757052374 0.11463089667636704	-0.009993118756971786 0.0035201705981632875 -0.01565389074623969	-0.11463089667457621 0.015653890739700096 0.13147467315409067
0.0636001550537996 -0.009993118745056685 0.11463089668323555	-0.00999311874497489 0.0035201705749754167 -0.015653890736632932	-0.11463089668144726 0.01565389073009921 0.13147467312825567
0.06360015506731265 -0.00999311873318485 0.11463089664914702	-0.009993118733106562 0.003520170578556591 -0.015653890732233004	-0.11463089664735455 0.015653890725696402 0.13147467314648675
0.06360015509858984 -0.00999311874068512 0.11463089662546692	-0.009993118740608077 0.00352017060668282 -0.015653890743672384	-0.11463089662367752 0.015653890737137816 0.13147467318336306
0.06360015508468136 -0.00999311874281665 0.11463089663579452	-0.00999311874273868 0.003520170603903609 -0.015653890746588094	-0.1146308966340075 0.015653890740052568 0.1314746731746224
0.06360015506305006 -0.009993118726629828 0.11463089662873606	-0.009993118726551124 0.0035201705833703602 -0.015653890735324003	-0.11463089662694122 0.015653890728792134 0.13147467315747768
0.06360015508716031 -0.009993118721023972 0.11463089659641362	-0.009993118720946867 0.00352017059650094 -0.015653890735456102	-0.11463089659462676 0.01565389072892104 0.1314746731848815
0.0636001551074308 -0.009993118734220959 0.11463089659588385	-0.009993118734141923 0.0035201706179928856 -0.015653890747108056	-0.1146308965940976 0.015653890740570334 0.13147467320554487
0.06360015507944898 -0.009993118736490338 0.11463089662573264	-0.009993118736412687 0.003520170600841123 -0.015653890744456722	-0.11463089662394427 0.01565389073791952 0.13147467317512218
0.06360015506208164 -0.009993118725835644 0.11463089662960561	-0.009993118725756181 0.0035201705802196184 -0.015653890732913536	-0.11463089662781933 0.015653890726376553 0.1314746731540456
0.06360015508909703 -0.009993118731689309 0.1146308966188278	-0.009993118731610738 0.00352017059684221 -0.01565389073733229	-0.1146308966170411 0.01565389073079287 0.13147467317626454
0.0636001550952027 -0.00999311874872633 0.11463089664406016	-0.00999311874864791 0.0035201706078052883 -0.01565389074713166	-0.114630896642272 0.01565389074059626 0.13147467317681172
0.06360015506036672 -0.009993118747724579 0.11463089667889848	-0.00999311874764573 0.003520170582128024 -0.01565389073980887	-0.11463089667710967 0.015653890733272474 0.13147467313676697
0.0636001550551724 -0.009993118738662128 0.11463089667300999	-0.009993118738582744 0.0035201705699383704 -0.015653890730708362	-0.1146308966712245 0.015653890724168187 0.13147467312783873
0.06360015508617982 -0.009993118747327109 0.1146308966588607	-0.009993118747249825 0.0035201705930603894 -0.015653890739151924	-0.11463089665707195 0.01565389073261713 0.1314746731570585
0.06360015508650649 -0.009993118740511016 0.1146308966369031	-0.009993118740433241 0.003520170607341796 -0.015653890749088538	-0.11463089663511909 0.015653890742549956 0.1314746731790028
0.06360015508958634 -0.009993118744737396 0.11463089663297937	-0.009993118744659302 0.003520170613341171 -0.015653890752669493	-0.1146308966311915 0.015653890746129006 0.1314746731848456
0.06360015508082627 -0.009993118719383015 0.11463089659376964	-0.00999311871930528 0.0035201705872787113 -0.015653890729522668	-0.11463089659198464 0.015653890722985103 0.13147467317553846
0.06360015508223832 -0.009993118716173798 0.11463089659159664	-0.009993118716095515 0.0035201705895475926 -0.01565389073152157	-0.11463089658980764 0.015653890724980305 0.1314746731794078
0.06360015509090056 -0.009993118741343216 0.11463089662855847	-0.009993118741266547 0.0035201706153189863 -0.015653890754553895	-0.11463089662676824 0.015653890748019747 0.13147467318874875
0.06360015508545706 -0.00999311874182365 0.11463089663234591	-0.009993118741746479 0.0035201706052351107 -0.015653890747478437	-0.11463089663055849 0.015653890740939678 0.13147467317690376
0.06360015507341399 -0.009993118722261121 0.11463089661456534	-0.009993118722184228 0.0035201705768453644 -0.015653890725141964	-0.11463089661277576 0.015653890718606827 0.13147467315805578
0.06360015507487932 -0.009993118733919035 0.11463089664152888	-0.009993118733842156 0.003520170586253195 -0.01565389073578476	-0.11463089663973947 0.01565389072925335 0.13147467315722386
0.06360015507934202 -0.009993118759882203 0.11463089668312958	-0.009993118759805256 0.0035201706052528994 -0.015653890754639348	-0.114630896681343 0.015653890748101962 0.13147467315758055
0.0636001550705922 -0.009993118750835656 0.11463089667423557	-0.009993118750756529 0.0035201705853792377 -0.015653890738750554	-0.11463089667244533 0.015653890732217172 0.13147467314169559
0.0636001550637898 -0.009993118732379621 0.11463089665377993	-0.009993118732303232 0.0035201705661498358 -0.015653890722271604	-0.11463089665198946 0.01565389071573678 0.13147467313294486
0.06360015507262923 -0.009993118747747503 0.11463089667549844	-0.00999311874767001 0.003520170588503886 -0.015653890741165417	-0.11463089667370985 0.01565389073463005 0.1314746731459502
0.06360015507825954 -0.009993118762031718 0.1146308966879922	-0.009993118761955497 0.003520170603914421 -0.015653890753688254	-0.11463089668620216 0.01565389074715344 0.13147467315409045
0.06360015507146016 -0.00999311873955255 0.11463089664866977	-0.009993118739474019 0.003520170582025306 -0.01565389073277322	-0.11463089664687953 0.015653890726237046 0.13147467314858027
0.06360015507279157 -0.009993118723102932 0.11463089662046	-0.00999311872302559 0.00352017057705199 -0.015653890725574063	-0.11463089661867798 0.015653890719032816 0.1314746731564332
0.06360015506455372 -0.009993118726126043 0.11463089662212236	-0.009993118726047443 0.003520170582518906 -0.015653890732864363	-0.11463089662033356 0.015653890726326954 0.13147467315997322
0.06360015508439779 -0.009993118744146786 0.11463089663151241	-0.009993118744068595 0.003520170602795951 -0.01565389074406041	-0.11463089662972747 0.01565389073752313 0.13147467317555564
0.06360015509982048 -0.009993118737808955 0.11463089662111033	-0.009993118737728433 0.0035201706106654657 -0.015653890746529227	-0.11463089661931938 0.01565389073999284 0.1314746731874656
0.06360015507023083 -0.009993118729151722 0.11463089664098858	-0.009993118729071602 0.0035201705822490853 -0.015653890733735187	-0.11463089663919827 0.015653890727198624 0.13147467315253422
0.06360015505439856 -0.009993118745680596 0.11463089667654681	-0.009993118745602478 0.0035201705733816264 -0.015653890732985676	-0.11463089667475881 0.015653890726447003 0.1314746731299406
0.06360015508172373 -0.009993118758361605 0.11463089667565218	-0.00999311875828374 0.0035201705974318657 -0.015653890745246625	-0.11463089667386078 0.015653890738711596 0.1314746731534738
0.0636001550874955 -0.009993118744636535 0.11463089665955128	-0.00999311874455742 0.003520170596444966 -0.015653890742880216	-0.11463089665775816 0.01565389073634617 0.1314746731592088
0.06360015505649866 -0.009993118737378565 0.1146308966725247	-0.009993118737300312 0.003520170569961442 -0.01565389073087793	-0.1146308966707339 0.01565389072434032 0.13147467312835895
0.0636001550577418 -0.00999311875166767 0.11463089668249545	-0.00999311875158902 0.003520170577004933 -0.01565389073607012	-0.11463089668070255 0.015653890729537254 0.13147467313084377
0.06360015509220573 -0.009993118751368591 0.11463089665241477	-0.0099931187512909 0.003520170605770864 -0.015653890747647895	-0.11463089665062527 0.015653890741108685 0.13147467317105097
0.06360015508994091 -0.00999311873002667 0.11463089662476567	-0.009993118729946626 0.0035201705988782746 -0.015653890740891314	-0.11463089662297889 0.01565389073435454 0.1314746731759453
0.06360015506253641 -0.009993118726387164 0.1146308966317897	-0.00999311872630885 0.0035201705783979567 -0.015653890731787128	-0.11463089662999769 0.015653890725251956 0.13147467315231973
0.0636001550765431 -0.00999311874040986 0.11463089662947268	-0.009993118740332681 0.003520170595976174 -0.015653890741297187	-0.11463089662768403 0.01565389073476387 0.131474673169174
0.06360015510586246 -0.009993118734444164 0.11463089659955034	-0.00999311873436712 0.0035201706180299545 -0.015653890749138123	-0.11463089659776121 0.015653890742603694 0.13147467320289408
0.06360015508919027 -0.00999311871746315 0.114630896593686	-0.009993118717382957 0.003520170599472832 -0.01565389073854752	-0.1146308965918971 0.015653890732012486 0.13147467318796155
0.0636001550591469 -0.009993118750917603 0.11463089667640013	-0.009993118750840045 0.003520170577164935 -0.015653890735053532	-0.11463089667460938 0.01565389072851539 0.13147467313225153
0.06360015505470328 -0.009993118740123277 0.11463089667200276	-0.009993118740045107 0.0035201705675978567 -0.015653890728255092	-0.11463089667021566 0.015653890721718956 0.1314746731266988
0.06360015508717264 -0.009993118743507525 0.11463089666118384	-0.009993118743428498 0.0035201705980633545 -0.015653890744312397	-0.11463089665939422 0.015653890737774984 0.13147467316117
0.06360015508301692 -0.00999311875633845 0.11463089667661419	-0.009993118756258254 0.003520170599706855 -0.01565389074717432	-0.1146308966748228 0.015653890740638964 0.13147467315487862
0.0636001550529391 -0.0099931187493251 0.1146308966808194	-0.009993118749245883 0.0035201705705480944 -0.01565389073045113	-0.11463089667902689 0.015653890723916843 0.1314746731252332
0.0636001550674594 -0.009993118733598573 0.11463089664936621	-0.009993118733518979 0.003520170578968543 -0.015653890731610158	-0.1146308966475774 0.015653890725071763 0.13147467314767358
0.06360015509990481 -0.009993118737014263 0.11463089662776929	-0.009993118736936916 0.0035201706120833957 -0.01565389074902112	-0.11463089662597903 0.015653890742485986 0.1314746731872758
0.0636001550846525 -0.009993118743729884 0.1146308966350202	-0.00999311874364706 0.003520170603179655 -0.015653890745295454	-0.11463089663322698 0.015653890738759196 0.13147467317332498
0.06360015506184477 -0.009993118730452832 0.1146308966264374	-0.00999311873037239 0.003520170578432066 -0.015653890729873582	-0.11463089662464812 0.01565389072333494 0.13147467315351918
0.06360015508786351 -0.009993118719431567 0.11463089659743322	-0.009993118719353175 0.003520170598420875 -0.015653890738003523	-0.11463089659564392 0.01565389073146924 0.13147467318678907
0.06360015510861325 -0.00999311873062931 0.11463089659778448	-0.009993118730549328 0.003520170622291048 -0.015653890752438407	-0.11463089659599206 0.015653890745899433 0.13147467320866021
0.06360015507849501 -0.009993118738612 0.11463089662410553	-0.009993118738532416 0.003520170597461047 -0.01565389074153368	-0.11463089662231629 0.015653890734998517 0.13147467317193964
0.06360015506109795 -0.009993118728558006 0.11463089662775931	-0.00999311872848029 0.00352017057603359 -0.015653890729140862	-0.11463089662596583 0.01565389072260713 0.13147467315114672
0.06360015509002316 -0.00999311872835892 0.11463089662064523	-0.009993118728281491 0.0035201706003086253 -0.015653890741857808	-0.11463089661885531 0.01565389073532387 0.13147467317971845
0.06360015509564501 -0.009993118746029293 0.11463089664523755	-0.009993118745950692 0.003520170610330593 -0.015653890750695017	-0.11463089664344692 0.015653890744160633 0.1314746731781713
0.06360015507773131 -0.009993118763400546 0.11463089668691925	-0.009993118763323434 0.003520170601879794 -0.015653890751899484	-0.11463089668513066 0.01565389074536351 0.13147467315170303
0.06360015507256095 -0.009993118735469354 0.1146308966512093	-0.009993118735391292 0.0035201705867048093 -0.015653890738422032	-0.11463089664941879 0.0156538907318847 0.13147467315287958
0.06360015507271498 -0.009993118721906454 0.11463089662135956	-0.009993118721832575 0.0035201705774192448 -0.015653890727072715	-0.11463089661957239 0.01565389072053902 0.1314746731573381
0.06360015508491021 -0.009993118744096072 0.1146308966343772	-0.009993118744018432 0.003520170601541729 -0.01565389074407797	-0.11463089663258824 0.015653890737537465 0.1314746731731984
0.06360015508921846 -0.009993118744630634 0.11463089663291437	-0.009993118744551496 0.003520170612866566 -0.01565389075281998	-0.11463089663112608 0.015653890746285787 0.13147467318375602
0.06360015508144973 -0.009993118715700505 0.11463089659678204	-0.00999311871562491 0.0035201705919827653 -0.015653890734675532	-0.11463089659499537 0.015653890728138248 0.1314746731801158
0.06360015508174177 -0.009993118717373939 0.11463089659164283	-0.009993118717298962 0.0035201705884579447 -0.015653890730141076	-0.11463089658985888 0.015653890723602862 0.1314746731789822
0.06360015508960809 -0.009993118745431313 0.11463089662632531	-0.0099931187453534 0.0035201706108149364 -0.0156538907491625	-0.11463089662453996 0.015653890742625153 0.1314746731843588
0.06360015508589806 -0.009993118740733125 0.11463089663361624	-0.00999311874065558 0.00352017060775796 -0.01565389074918594	-0.11463089663182596 0.015653890742649227 0.1314746731788681
0.06360015507478134 -0.009993118719423027 0.11463089661723443	-0.009993118719343963 0.003520170581641835 -0.015653890729347444	-0.11463089661544598 0.015653890722808844 0.1314746731628149
0.06360015507445199 -0.009993118736538489 0.11463089664034778	-0.009993118736460142 0.0035201705836963772 -0.01565389073239317	-0.11463089663855783 0.01565389072585694 0.13147467315485678
0.0636001550784861 -0.009993118762913155 0.11463089668133683	-0.009993118762834584 0.0035201706020313063 -0.01565389075044835	-0.11463089667954435 0.015653890743910808 0.13147467315378733
0.0636001550719387 -0.009993118747982388 0.11463089667621734	-0.009993118747906114 0.0035201705898687055 -0.01565389074272579	-0.11463089667442772 0.01565389073619178 0.13147467314584102
0.06360015506516596 -0.009993118730178868 0.11463089665559413	-0.009993118730099093 0.0035201705698175746 -0.015653890725645866	-0.1146308966538041 0.015653890719110206 0.13147467313750438
0.0636001550716783 -0.009993118751144583 0.11463089667360346	-0.00999311875106924 0.0035201705843196478 -0.015653890736725767	-0.11463089667181164 0.015653890730193434 0.1314746731425761
0.06360015507776665 -0.009993118736769713 0.11463089663181981	-0.009993118736691581 0.0035201706014491227 -0.015653890746196872	-0.11463089663002718 0.015653890739663053 0.13147467317359507
0.06360015510623915 -0.009993118733660333 0.11463089659990003	-0.009993118733581578 0.0035201706195531063 -0.0156538907503291	-0.11463089659811106 0.01565389074379231 0.1314746732036256
0.06360015508790537 -0.009993118721415289 0.11463089659148104	-0.00999311872133618 0.0035201705944648085 -0.015653890733269747	-0.11463089658969523 0.015653890726728414 0.13147467318416875
0.06360015506456845 -0.00999311872589752 0.11463089662221687	-0.00999311872581771 0.0035201705821094175 -0.015653890733107134	-0.11463089662042603 0.015653890726572344 0.13147467316027187
0.0636001550854666 -0.009993118739817796 0.11463089663362885	-0.00999311873973686 0.003520170607229622 -0.01565389075002889	-0.11463089663184223 0.01565389074348928 0.13147467317857134
0.06360015509921453 -0.009993118738333355 0.11463089662060312	-0.009993118738254462 0.0035201706089966313 -0.015653890745941694	-0.11463089661881572 0.01565389073940772 0.13147467318547765
0.0636001550689374 -0.009993118732649922 0.11463089663893979	-0.009993118732571877 0.0035201705766568815 -0.015653890728864594	-0.11463089663714707 0.01565389072233058 0.1314746731484584
0.06360015505509428 -0.009993118743902327 0.1146308966775264	-0.009993118743826076 0.0035201705748762503 -0.01565389073541344	-0.11463089667573714 0.015653890728877656 0.13147467313170072
0.06360015508273206 -0.009993118754924485 0.11463089667767536	-0.009993118754846295 0.0035201706017995923 -0.015653890750040464	-0.11463089667588977 0.01565389074350545 0.13147467315688355
0.0636001550867244 -0.009993118747062518 0.11463089665832109	-0.009993118746983172 0.0035201705936626494 -0.015653890739560354	-0.1146308966565287 0.015653890733023222 0.13147467315692374
0.06360015505578404 -0.009993118740483083 0.1146308966709267	-0.009993118740406357 0.0035201705663939972 -0.015653890726625763	-0.11463089666913881 0.01565389072009009 0.13147467312596667
0.06360015505864161 -0.009993118748896546 0.11463089668429252	-0.009993118748817927 0.00352017058114424 -0.015653890739775585	-0.11463089668250476 0.015653890733235636 0.13147467313433395
0.06360015509302751 -0.009993118749342821 0.11463089665377393	-0.00999311874926345 0.0035201706092896686 -0.01565389075042014	-0.11463089665198056 0.01565389074388302 0.1314746731733042
0.06360015508889867 -0.009993118733846363 0.11463089662273834	-0.009993118733767332 0.0035201705948145687 -0.015653890735827264	-0.11463089662094668 0.01565389072929197 0.13147467317212305
0.06360015506190791 -0.009993118728310628 0.11463089663107638	-0.009993118728232778 0.0035201705767061147 -0.01565389072918181	-0.11463089662928916 0.01565389072264437 0.13147467315127975
