0.15238738327075033 0.014332676402559997 0.12432843060576253	0.014332676400234508 0.06776548704855548 0.013591655141217025	-0.12432843060463888 -0.013591655139310127 0.2743010210990422
0.15238738371873345 0.014332676371574935 0.12432843077009627	0.01433267636924888 0.0677654875248676 0.013591655215115506	-0.1243284307689777 -0.013591655213211921 0.27430102140264573
0.15238738407291447 0.014332676309234474 0.12432843091663277	0.014332676306905967 0.06776548790060347 0.013591655371879046	-0.12432843091551854 -0.013591655369972262 0.27430102168015563
0.15238738377115746 0.014332676351886878 0.1243284307893078	0.0143326763495589 0.067765487739529 0.013591655288519723	-0.12432843078819865 -0.013591655286610854 0.2743010215772467
0.1523873831925097 0.01433267637918148 0.12432843059835687	0.01433267637685703 0.06776548714427204 0.013591655253893269	-0.12432843059723853 -0.013591655251985815 0.2743010212175066
0.1523873831092989 0.014332676350892005 0.1243284305950855	0.014332676348566446 0.06776548694596539 0.013591655316614354	-0.12432843059396667 -0.013591655314706717 0.27430102111620214
0.1523873836195992 0.014332676357867375 0.1243284307399888	0.014332676355541207 0.06776548751825859 0.01359165523795336	-0.12432843073887179 -0.013591655236045174 0.27430102143326895
0.15238738408138292 0.014332676331053219 0.12432843089905561	0.014332676328727818 0.06776548794219894 0.013591655247177988	-0.12432843089793807 -0.013591655245274274 0.27430102167771436
0.15238738391064804 0.014332676304976512 0.12432843087135005	0.014332676302649682 0.06776548761602003 0.013591655300390013	-0.12432843087023128 -0.013591655298485938 0.27430102149120633
0.1523873833452034 0.014332676369005185 0.12432843065278601	0.014332676366676674 0.06776548710505687 0.013591655160878797	-0.1243284306516657 -0.01359165515897666 0.2743010211530209
0.1523873831628334 0.014332676373150473 0.12432843058661572	0.01433267637082411 0.06776548700367385 0.013591655166235235	-0.12432843058549889 -0.01359165516432827 0.2743010211050998
0.15238738355424952 0.014332676301214247 0.12432843075604591	0.014332676298889659 0.06776548740755217 0.013591655336524438	-0.12432843075493075 -0.013591655334617057 0.2743010214139164
0.15238738390540563 0.014332676304420689 0.12432843086683981	0.014332676302098394 0.06776548785892571 0.013591655320316285	-0.12432843086572296 -0.013591655318408159 0.27430102169348186
0.1523873837491284 0.014332676330506867 0.1243284308005701	0.01433267632818068 0.06776548766699414 0.013591655278892681	-0.1243284307994537 -0.013591655276984027 0.2743010215483332
0.1523873833352489 0.014332676351552675 0.12432843065707165	0.014332676349225264 0.06776548709882349 0.013591655256588672	-0.12432843065595608 -0.0135916552546812 0.2743010211724649
0.15238738315141198 0.014332676374303908 0.12432843058670982	0.014332676371978421 0.06776548698262153 0.013591655165518593	-0.12432843058559341 -0.013591655163612763 0.2743010210969091
0.15238738333233098 0.014332676375739588 0.12432843064797072	0.01433267637341415 0.06776548709775164 0.01359165515670855	-0.12432843064685299 -0.013591655154800146 0.2743010211471127
0.15238738391288764 0.01433267631489865 0.12432843086439065	0.01433267631257293 0.06776548763247052 0.013591655292959363	-0.12432843086327419 -0.013591655291051025 0.27430102149581226
0.1523873840896013 0.014332676335329465 0.12432843089788861	0.014332676333003232 0.06776548794763387 0.01359165524621081	-0.12432843089676801 -0.013591655244304685 0.27430102168061765
0.15238738361978194 0.014332676355306238 0.12432843074371858	0.014332676352980776 0.06776548751080937 0.013591655251685791	-0.12432843074259695 -0.01359165524978316 0.27430102142554563
0.15238738311335653 0.014332676349710437 0.12432843059510215	0.014332676347382667 0.06776548694872361 0.01359165532282832	-0.12432843059398 -0.013591655320926061 0.2743010211155634
0.15238738319937278 0.014332676382319392 0.124328430592341	0.014332676379992838 0.06776548715403767 0.013591655243143562	-0.1243284305912245 -0.013591655241238863 0.2743010212271701
0.15238738376316724 0.014332676353214079 0.12432843078382455	0.01433267635088911 0.06776548773590518 0.013591655280725527	-0.12432843078271058 -0.013591655278817883 0.2743010215790791
0.15238738406247154 0.014332676305810168 0.12432843091625792	0.014332676303484063 0.06776548788252498 0.013591655368885118	-0.12432843091514022 -0.013591655366979628 0.27430102167654064
0.15238738372209132 0.014332676367056336 0.12432843077253872	0.01433267636473037 0.067765487516253 0.013591655211800915	-0.1243284307714223 -0.013591655209895227 0.2743010214031248
0.15238738327186868 0.014332676398202885 0.12432843060895546	0.01433267639587971 0.06776548705097976 0.013591655145968835	-0.12432843060784093 -0.013591655144060875 0.2743010210942116
0.15238738332643187 0.01433267634645988 0.12432843065995505	0.0143326763441369 0.06776548708439777 0.013591655262224365	-0.12432843065883557 -0.013591655260318709 0.2743010211582017
0.1523873837412908 0.014332676326456642 0.12432843080309809	0.01433267632413018 0.0677654876466176 0.013591655276914028	-0.12432843080197667 -0.013591655275009516 0.27430102153398794
0.15238738390567547 0.014332676302920637 0.1243284308684148	0.014332676300593705 0.06776548786729332 0.01359165532618975	-0.1243284308672949 -0.013591655324285842 0.2743010216890473
0.15238738355142767 0.014332676300556086 0.1243284307581926	0.014332676298229543 0.06776548741107194 0.013591655342871496	-0.12432843075707423 -0.013591655340962433 0.2743010214092849
0.15238738334398083 0.014332676351278913 0.12432843065783922	0.014332676348954656 0.06776548728740614 0.013591655256064136	-0.12432843065672128 -0.013591655254158425 0.27430102131494316
0.15238738307277078 0.014332676372075262 0.12432843056697974	0.014332676369750939 0.06776548692893634 0.013591655197094293	-0.12432843056585677 -0.013591655195187152 0.2743010210778137
0.15238738348052966 0.014332676325856738 0.12432843072267294	0.014332676323532191 0.06776548722200959 0.013591655274840894	-0.12432843072155482 -0.013591655272934614 0.27430102126066724
0.15238738402958546 0.014332676331665734 0.12432843088149786	0.014332676329339936 0.06776548784233388 0.013591655207916727	-0.12432843088038317 -0.01359165520601227 0.27430102161374537
0.15238738402148216 0.014332676327217915 0.12432843088615651	0.014332676324891254 0.06776548782518384 0.013591655221920462	-0.12432843088504154 -0.013591655220017387 0.27430102160128095
0.15238738347771497 0.014332676320918069 0.12432843072890815	0.01433267631859224 0.06776548720703497 0.013591655293266447	-0.12432843072778689 -0.013591655291362366 0.2743010212473222
0.15238738308638533 0.014332676377021944 0.12432843056505641	0.014332676374695296 0.06776548695114638 0.013591655198632872	-0.12432843056394055 -0.013591655196729117 0.2743010210831886
0.1523873833465541 0.014332676361677496 0.1243284306518719	0.01433267635935297 0.06776548730804276 0.01359165524991695	-0.12432843065075136 -0.013591655248010467 0.2743010213199162
0.152387383869387 0.01433267629845682 0.12432843086088712	0.014332676296130584 0.06776548777760005 0.013591655398333683	-0.12432843085977112 -0.013591655396427607 0.27430102164126047
0.15238738393285525 0.014332676341031235 0.12432843085396697	0.014332676338705549 0.06776548784075076 0.013591655288142625	-0.12432843085284719 -0.013591655286234981 0.2743010216436487
0.1523873835211466 0.01433267638877527 0.1243284306933331	0.01433267638645132 0.06776548734868894 0.013591655193404797	-0.12432843069221683 -0.013591655191496986 0.2743010212945739
0.1523873832580449 0.014332676381360432 0.12432843061719935	0.014332676379034967 0.06776548697295368 0.013591655225238565	-0.12432843061607832 -0.013591655223335657 0.2743010210601342
0.1523873835149599 0.014332676384677707 0.12432843069448969	0.014332676382349469 0.06776548732907875 0.013591655191753739	-0.1243284306933687 -0.013591655189852569 0.2743010212867291
0.15238738393770934 0.014332676336361781 0.12432843085539856	0.01433267633403602 0.06776548784893374 0.013591655293263706	-0.12432843085427991 -0.013591655291359632 0.27430102164381664
0.15238738388108394 0.014332676291221893 0.12432843086457021	0.014332676288897117 0.06776548779054747 0.013591655404856885	-0.1243284308634537 -0.01359165540294921 0.27430102164462666
0.15238738376758865 0.014332676347670414 0.12432843079008116	0.014332676345342996 0.06776548772749677 0.013591655293221608	-0.12432843078896309 -0.013591655291317548 0.2743010215739105
0.1523873831880153 0.014332676373688492 0.1243284306001545	0.014332676371361763 0.06776548712557104 0.013591655259251163	-0.12432843059903663 -0.013591655257346062 0.27430102121007477
0.15238738311177796 0.01433267634996105 0.12432843059383732	0.014332676347635284 0.06776548695380091 0.01359165531817276	-0.12432843059272361 -0.013591655316266313 0.2743010211161342
0.15238738362271953 0.014332676360537306 0.12432843073835326	0.014332676358212 0.06776548752498252 0.013591655229843978	-0.12432843073723973 -0.013591655227939602 0.27430102143677354
0.15238738407811392 0.014332676334815626 0.12432843089889467	0.01433267633248988 0.06776548793334433 0.01359165523778649	-0.12432843089777319 -0.013591655235881836 0.2743010216767842
0.15238738390667858 0.014332676309031936 0.12432843087077876	0.01433267630670707 0.06776548761587349 0.01359165529788705	-0.12432843086965617 -0.013591655295981622 0.2743010214877837
0.15238738334538515 0.014332676371407142 0.12432843065254941	0.014332676369083263 0.06776548710684725 0.013591655162378816	-0.12432843065143111 -0.013591655160473008 0.2743010211495767
0.15238738315828268 0.014332676372252174 0.12432843058905875	0.014332676369924798 0.0677654869950635 0.01359165517594886	-0.12432843058794392 -0.01359165517404282 0.2743010210978931
0.1523873835476999 0.014332676299395053 0.12432843075897757	0.01433267629707063 0.0677654874088908 0.013591655351601943	-0.12432843075786369 -0.013591655349695336 0.2743010214084292
0.15238738391297363 0.014332676305014627 0.12432843086693918	0.014332676302689615 0.0677654878772031 0.013591655322358825	-0.12432843086581893 -0.013591655320454483 0.27430102170026016
0.15238738375757377 0.014332676331081628 0.12432843080060518	0.014332676328755317 0.06776548768068914 0.013591655276270695	-0.12432843079948935 -0.013591655274365004 0.2743010215556756
0.15238738332818919 0.014332676348971658 0.12432843065856533	0.014332676346645973 0.06776548709431415 0.01359165526592633	-0.12432843065744714 -0.013591655264020223 0.2743010211682353
0.15238738326561896 0.014332676401148164 0.12432843060642668	0.014332676398824424 0.0677654870361545 0.013591655138815321	-0.12432843060530968 -0.013591655136911563 0.2743010210962368
0.15238738373098218 0.014332676374981392 0.12432843076713702	0.014332676372657662 0.06776548753450105 0.01359165519960108	-0.1243284307660202 -0.013591655197692117 0.27430102141593704
0.15238738408073574 0.014332676311197097 0.12432843091406019	0.01433267630887315 0.06776548791611305 0.013591655365531665	-0.1243284309129429 -0.013591655363627532 0.2743010216897027
0.15238738408394556 0.0143326763377284 0.12432843089779744	0.014332676335400932 0.06776548794849635 0.013591655246819222	-0.1243284308966805 -0.01359165524491486 0.27430102167829745
0.15238738361412016 0.014332676355874294 0.12432843074500628	0.014332676353546642 0.06776548750032796 0.01359165525397361	-0.12432843074388694 -0.01359165525206887 0.2743010214185778
0.1523873831104812 0.014332676349887039 0.12432843059561632	0.014332676347561192 0.06776548694919608 0.013591655331603225	-0.12432843059450088 -0.013591655329696119 0.2743010211075826
0.15238738319278622 0.014332676381470639 0.1243284305935802	0.01433267637914491 0.06776548715149378 0.013591655253374219	-0.12432843059245959 -0.013591655251471595 0.274301021216772
0.15238738375711375 0.014332676353606345 0.12432843078533337	0.01433267635128312 0.06776548772444935 0.01359165528173694	-0.1243284307842133 -0.013591655279829633 0.27430102157256364
0.1523873840641305 0.014332676309677992 0.12432843091473178	0.014332676307355081 0.067765487889496 0.013591655360738697	-0.124328430913612 -0.013591655358832496 0.2743010216798602
0.15238738372743704 0.014332676370417203 0.12432843076898119	0.014332676368092552 0.06776548752658385 0.01359165519983804	-0.12432843076786802 -0.013591655197930451 0.2743010214088581
0.15238738326970058 0.014332676396813411 0.12432843060763961	0.014332676394485643 0.06776548703339469 0.013591655138686525	-0.12432843060652775 -0.013591655136781896 0.2743010210921641
0.15238738331849933 0.01433267634285204 0.12432843065981701	0.014332676340527224 0.06776548706607582 0.013591655264971456	-0.12432843065869664 -0.013591655263070535 0.27430102115281835
0.15238738374610736 0.014332676325722209 0.12432843080041789	0.014332676323396529 0.06776548765495076 0.013591655275176216	-0.12432843079929887 -0.013591655273272319 0.2743010215396043
0.15238738391742557 0.01433267630338739 0.12432843086638001	0.01433267630105999 0.06776548787883141 0.013591655319303994	-0.12432843086526618 -0.01359165531739931 0.27430102169933224
0.15238738354737885 0.014332676297002342 0.12432843075954114	0.014332676294679696 0.06776548740725769 0.013591655354544416	-0.12432843075842474 -0.013591655352639159 0.2743010214064143
0.15238738314012984 0.014332676369589903 0.12432843058918337	0.014332676367267427 0.06776548697191989 0.013591655179508777	-0.12432843058806328 -0.013591655177601518 0.27430102108672233
0.15238738333683077 0.014332676376660304 0.12432843064740517	0.014332676374333973 0.06776548710239791 0.013591655153528621	-0.12432843064628629 -0.01359165515162257 0.27430102115103905
0.15238738391671477 0.014332676319218519 0.12432843086287251	0.014332676316891672 0.06776548764626938 0.013591655286482953	-0.12432843086175738 -0.013591655284574615 0.274301021501324
0.15238738402631338 0.01433267633328324 0.12432843088184677	0.014332676330958416 0.06776548784163865 0.013591655204948063	-0.124328430880731 -0.013591655203038722 0.27430102161303954
0.15238738402539503 0.01433267633079136 0.12432843088564383	0.014332676328466177 0.0677654878294686 0.01359165521103178	-0.12432843088452163 -0.013591655209125808 0.2743010216079879
0.15238738348819325 0.01433267632393127 0.12432843072744562	0.014332676321604974 0.06776548721843262 0.013591655285171138	-0.12432843072632832 -0.013591655283263285 0.2743010212575162
0.1523873830866841 0.014332676373911717 0.1243284305660419	0.014332676371588561 0.06776548695109838 0.013591655206176348	-0.12432843056493 -0.013591655204268114 0.27430102108296756
0.1523873833433901 0.014332676355073504 0.12432843065513953	0.014332676352747339 0.06776548729504243 0.013591655262338638	-0.12432843065402491 -0.013591655260435064 0.27430102131703316
0.15238738387810402 0.01433267629552724 0.12432843086211533	0.014332676293200616 0.06776548778919458 0.013591655402807337	-0.12432843086099796 -0.013591655400901695 0.27430102165118597
0.15238738394670134 0.014332676341047616 0.12432843085283826	0.014332676338721137 0.06776548787205962 0.013591655287009077	-0.12432843085172102 -0.013591655285103307 0.27430102165886094
0.15238738352506015 0.014332676387039292 0.12432843069452201	0.014332676384714416 0.06776548735190197 0.0135916551914932	-0.12432843069340183 -0.013591655189588624 0.2743010212996349
0.15238738325148632 0.01433267637885071 0.12432843062024922	0.014332676376528073 0.06776548695849915 0.013591655227818134	-0.12432843061913315 -0.013591655225908366 0.27430102105564474
0.15238738351490916 0.014332676385951525 0.12432843069415273	0.014332676383625075 0.0677654873351841 0.013591655190850465	-0.12432843069303465 -0.013591655188942273 0.27430102128713096
0.15238738394740453 0.014332676340722194 0.12432843085359391	0.014332676338395878 0.06776548785864463 0.013591655279337134	-0.1243284308524833 -0.013591655277426801 0.2743010216515145
0.1523873838825612 0.014332676292838843 0.12432843086488767	0.014332676290512153 0.06776548778428584 0.013591655400128345	-0.12432843086376996 -0.013591655398224912 0.2743010216454916
0.1523873833360317 0.014332676349084953 0.12432843065948104	0.01433267634675894 0.0677654872769649 0.013591655263691528	-0.12432843065836038 -0.013591655261787884 0.2743010213055438
0.15238738307568478 0.014332676370890786 0.12432843056701613	0.01433267636856222 0.06776548692648637 0.013591655198579893	-0.12432843056590176 -0.013591655196674945 0.2743010210756165
0.15238738348316722 0.014332676326578765 0.12432843072291494	0.014332676324251347 0.06776548721969432 0.013591655270797035	-0.12432843072179682 -0.013591655268891695 0.2743010212595975
0.15238738361208765 0.014332676355737952 0.12432843074010409	0.014332676353413282 0.0677654875095765 0.013591655241707551	-0.12432843073898583 -0.013591655239800153 0.2743010214265153
0.15238738407632407 0.014332676333997109 0.1243284308981851	0.014332676331671287 0.06776548793478913 0.013591655236927173	-0.12432843089706673 -0.013591655235019335 0.27430102167777887
0.15238738391852175 0.014332676312759833 0.12432843086684933	0.014332676310433558 0.06776548763208307 0.013591655282458738	-0.12432843086573644 -0.013591655280552114 0.27430102150170754
0.15238738334590318 0.014332676371895368 0.12432843064986471	0.01433267636957088 0.06776548710816477 0.013591655154019965	-0.12432843064874805 -0.013591655152111783 0.2743010211525715
0.15238738314612255 0.014332676368423171 0.12432843058911247	0.014332676366096307 0.06776548697065837 0.013591655178625737	-0.1243284305879927 -0.013591655176722117 0.2743010210870771
0.15238738354405146 0.014332676298320444 0.1243284307583022	0.014332676295990991 0.0677654873942189 0.01359165535163924	-0.12432843075718174 -0.013591655349737532 0.27430102140349905
0.1523873839160959 0.014332676307531043 0.12432843086412447	0.01433267630520659 0.06776548788773676 0.01359165532162369	-0.12432843086300707 -0.013591655319717393 0.27430102170147125
0.152387383753971 0.014332676332421277 0.12432843079983863	0.014332676330097521 0.06776548767863358 0.013591655278135693	-0.1243284307987246 -0.013591655276228139 0.2743010215507709
0.15238738331825227 0.01433267634849728 0.12432843066093004	0.01433267634617163 0.06776548707554705 0.013591655271306062	-0.12432843065981533 -0.013591655269396888 0.27430102115754135
0.15238738325900963 0.014332676401723065 0.12432843060694804	0.01433267639939709 0.06776548703676616 0.013591655147373847	-0.12432843060583382 -0.013591655145462855 0.27430102108854515
0.15238738373029143 0.014332676377463554 0.12432843076618719	0.014332676375137614 0.06776548754294824 0.013591655198093529	-0.1243284307650696 -0.013591655196185552 0.27430102141439167
0.15238738407854552 0.014332676313776407 0.12432843091424692	0.014332676311450042 0.0677654879115688 0.013591655360043205	-0.12432843091312931 -0.013591655358135647 0.274301021689776
0.15238738376160957 0.014332676349180104 0.12432843079047504	0.014332676346852837 0.06776548772794641 0.013591655294682554	-0.12432843078935524 -0.013591655292778528 0.2743010215710261
0.15238738319058578 0.014332676374249509 0.12432843059894355	0.014332676371922816 0.06776548713634295 0.013591655263617011	-0.12432843059782592 -0.013591655261710866 0.2743010212117225
0.1523873831103049 0.014332676347343708 0.1243284305945605	0.014332676345017642 0.06776548694594459 0.013591655324487913	-0.12432843059344537 -0.0135916553225802 0.2743010211108958
0.1523873831864557 0.01433267637596607 0.12432843059630388	0.0143326763736394 0.06776548713387275 0.013591655264206769	-0.12432843059518651 -0.013591655262300488 0.27430102120983524
0.15238738375237043 0.014332676349136757 0.12432843078765202	0.014332676346809374 0.06776548772007003 0.013591655295032638	-0.12432843078653276 -0.013591655293128748 0.27430102156689273
0.15238738407495825 0.014332676311618274 0.1243284309145738	0.01433267630929191 0.06776548790797642 0.01359165536030403	-0.12432843091345613 -0.013591655358396341 0.2743010216889933
0.15238738373300031 0.014332676373676051 0.12432843076949482	0.014332676371350408 0.06776548754083178 0.013591655195881572	-0.12432843076837669 -0.013591655193973765 0.2743010214145442
0.15238738326061863 0.014332676397566243 0.1243284306101334	0.014332676395240157 0.06776548702835432 0.013591655142119206	-0.1243284306090191 -0.013591655140208173 0.27430102108409254
0.1523873833146805 0.014332676344934712 0.12432843066203539	0.01433267634260876 0.06776548706011104 0.013591655264472854	-0.12432843066092063 -0.013591655262563757 0.2743010211475779
0.15238738374968108 0.014332676329414956 0.12432843080034961	0.014332676327091 0.06776548766397358 0.013591655271994466	-0.12432843079923526 -0.013591655270087079 0.2743010215410451
0.15238738391692952 0.014332676304816359 0.12432843086603874	0.014332676302491985 0.06776548788220055 0.013591655318529863	-0.12432843086492122 -0.013591655316623246 0.2743010216985345
0.1523873835478361 0.014332676296491069 0.12432843076044248	0.014332676294161668 0.06776548739722524 0.013591655351707903	-0.1243284307593219 -0.013591655349806043 0.27430102140669094
0.15238738314583333 0.014332676368489086 0.12432843058857992	0.014332676366162164 0.06776548697468708 0.013591655181092753	-0.12432843058746004 -0.013591655179189074 0.27430102109069493
0.1523873833400583 0.014332676374150161 0.12432843064632257	0.014332676371825736 0.06776548710808107 0.013591655157078018	-0.12432843064520586 -0.013591655155169746 0.27430102115253635
0.15238738391584222 0.014332676316521123 0.12432843086336179	0.014332676314194822 0.06776548763349433 0.013591655284374851	-0.12432843086224882 -0.013591655282468307 0.2743010215013866
0.15238738408466634 0.014332676338145434 0.12432843089784096	0.01433267633581967 0.06776548794629311 0.013591655239080423	-0.12432843089672269 -0.01359165523717204 0.27430102168262016
0.15238738362625678 0.014332676359463383 0.12432843074212245	0.014332676357138774 0.06776548752701902 0.013591655244884978	-0.12432843074100411 -0.013591655242977622 0.27430102143422164
0.15238738311820255 0.014332676350262205 0.12432843059502241	0.014332676347935822 0.06776548695653455 0.013591655326813338	-0.12432843059390748 -0.013591655324905586 0.27430102111533383
0.15238738308176142 0.014332676374742174 0.12432843056641443	0.014332676372413554 0.06776548693530926 0.013591655200316275	-0.1243284305653001 -0.01359165519841117 0.2743010210787412
0.15238738333357799 0.01433267635365015 0.12432843065581077	0.014332676351324587 0.06776548727988714 0.01359165526634909	-0.12432843065469018 -0.01359165526444555 0.2743010213055584
0.1523873838792701 0.01433267629676788 0.12432843086125858	0.014332676294441465 0.06776548779017508 0.013591655405196842	-0.12432843086014092 -0.013591655403293473 0.2743010216484249
0.152387383949332 0.014332676342960673 0.12432843085253999	0.014332676340634402 0.06776548787012424 0.013591655285068099	-0.124328430851429 -0.013591655283158012 0.2743010216590582
0.15238738351934483 0.014332676386674162 0.1243284306947551	0.014332676384347941 0.06776548734504581 0.013591655194358905	-0.12432843069363708 -0.013591655192450695 0.27430102129440037
0.1523873832517417 0.014332676378743393 0.12432843062012122	0.014332676376420538 0.0677654869584145 0.013591655227594986	-0.12432843061900539 -0.013591655225685055 0.2743010210560062
0.15238738352100895 0.01433267638606675 0.12432843069377193	0.01433267638374191 0.067765487342143 0.01359165518789808	-0.12432843069265173 -0.013591655185993513 0.2743010212930388
0.15238738394486384 0.014332676338528376 0.12432843085395036	0.014332676336202142 0.0677654878611389 0.013591655282154908	-0.12432843085283331 -0.01359165528024938 0.2743010216517487
0.1523873838815069 0.014332676291406386 0.12432843086581738	0.01433267628907959 0.06776548778341766 0.013591655398065242	-0.12432843086469994 -0.013591655396159634 0.27430102164833037
0.1523873833459399 0.01433267635034033 0.12432843065878316	0.01433267634801404 0.06776548729154014 0.013591655259151202	-0.12432843065766844 -0.013591655257247558 0.27430102131678125
0.15238738308005578 0.014332676369928486 0.12432843056666042	0.014332676367605202 0.06776548694176152 0.013591655204805285	-0.12432843056554874 -0.013591655202897034 0.27430102107934995
0.15238738347562691 0.01433267632163943 0.12432843072523633	0.014332676319313157 0.0677654872041987 0.013591655283480233	-0.12432843072411921 -0.01359165528157242 0.274301021250696
0.15238738401915347 0.014332676330224683 0.12432843088409049	0.014332676327899536 0.06776548782200939 0.01359165520932196	-0.1243284308829683 -0.013591655207415867 0.27430102160446396
0.1523873840323376 0.01433267633421264 0.12432843088328836	0.014332676331887749 0.06776548784788808 0.013591655205169272	-0.12432843088217235 -0.013591655203260035 0.27430102161600334
0.1523873834950375 0.014332676329023897 0.12432843072512703	0.014332676326696664 0.06776548723327173 0.013591655272477136	-0.12432843072400904 -0.013591655270571913 0.2743010212658785
0.15238738334259444 0.014332676374371155 0.12432843065083019	0.014332676372044635 0.06776548710278726 0.013591655150627775	-0.12432843064971122 -0.013591655148721737 0.2743010211514325
0.15238738314085604 0.014332676369495178 0.12432843058956577	0.014332676367172689 0.06776548696769523 0.013591655176154727	-0.12432843058844575 -0.013591655174247354 0.27430102108344256
0.15238738354398113 0.014332676298743598 0.12432843075736355	0.014332676296420693 0.06776548740385849 0.013591655353755623	-0.12432843075624737 -0.013591655351850255 0.27430102140337276
0.15238738391664236 0.014332676305892338 0.12432843086451104	0.014332676303565071 0.06776548788469709 0.013591655322753068	-0.12432843086339702 -0.013591655320848477 0.274301021702392
0.15238738375040894 0.014332676328605116 0.12432843079987832	0.014332676326279704 0.06776548767015164 0.01359165528143498	-0.12432843079875963 -0.013591655279531215 0.2743010215494506
0.15238738332210616 0.014332676346461444 0.12432843065865024	0.0143326763441366 0.06776548708137076 0.013591655271408529	-0.12432843065752999 -0.013591655269507445 0.2743010211626674
0.15238738326799117 0.014332676401136675 0.12432843060445731	0.014332676398808815 0.06776548704094873 0.013591655143221616	-0.12432843060334516 -0.013591655141316994 0.2743010210962598
0.15238738372432573 0.014332676374439178 0.12432843076576763	0.014332676372114564 0.06776548752837651 0.013591655202244063	-0.12432843076465414 -0.01359165520033652 0.2743010214083752
0.15238738406744706 0.014332676312142528 0.12432843091443697	0.014332676309819502 0.06776548789333045 0.0135916553608974	-0.12432843091331736 -0.013591655358991362 0.27430102168048864
0.1523873837664479 0.014332676353803477 0.12432843078809423	0.01433267635148029 0.06776548773209921 0.013591655280927276	-0.12432843078697431 -0.013591655279019906 0.2743010215765079
0.15238738319677902 0.014332676379620409 0.12432843059632386	0.014332676377294797 0.06776548715393046 0.013591655253481036	-0.12432843059520335 -0.013591655251578391 0.2743010212183753
0.15238738310222474 0.01433267634683489 0.1243284305954396	0.014332676344508882 0.06776548693925552 0.013591655331011827	-0.12432843059432418 -0.01359165532910472 0.2743010211029122
0.15238738360000628 0.014332676352103363 0.12432843074315506	0.014332676349775673 0.06776548748342494 0.013591655251468476	-0.12432843074203598 -0.013591655249563649 0.2743010214108047
0.15238738407599414 0.014332676333581172 0.12432843089806607	0.01433267633125374 0.06776548793699563 0.013591655244038457	-0.12432843089694895 -0.013591655242133956 0.2743010216736779
0.15238738391945225 0.014332676315485477 0.12432843086622412	0.0143326763131587 0.06776548764492195 0.013591655284199883	-0.12432843086510866 -0.013591655282291483 0.2743010215020367
0.15238738373395827 0.014332676371118054 0.12432843077055791	0.014332676368794149 0.06776548753378261 0.013591655198496356	-0.12432843076944111 -0.013591655196587456 0.27430102141674323
0.1523873832677223 0.014332676397140058 0.12432843060964793	0.014332676394816309 0.06776548702891859 0.01359165513393619	-0.1243284306085308 -0.013591655132032608 0.2743010210924156
0.15238738332486867 0.014332676345647968 0.12432843065968197	0.014332676343322373 0.06776548707867164 0.013591655258652729	-0.12432843065856371 -0.013591655256746594 0.27430102115836597
0.15238738375302255 0.01433267632824809 0.12432843080117195	0.01433267632592198 0.06776548766570631 0.013591655270314126	-0.12432843080005601 -0.01359165526840857 0.2743010215456809
0.15238738391348833 0.014332676302516506 0.12432843086892625	0.014332676300191218 0.06776548787218123 0.01359165531976212	-0.1243284308678059 -0.013591655317857838 0.27430102169705295
0.15238738355134873 0.014332676297815525 0.12432843076125989	0.014332676295491039 0.06776548741251714 0.013591655352122894	-0.12432843076014592 -0.01359165535021628 0.27430102141122614
0.1523873831578388 0.014332676372485923 0.12432843058871648	0.014332676370158472 0.06776548699865206 0.013591655178116134	-0.12432843058760146 -0.01359165517621029 0.2743010211007558
0.15238738333916813 0.014332676373787533 0.12432843064916424	0.014332676371463461 0.06776548710640168 0.013591655165323638	-0.12432843064804625 -0.0135916551634176 0.27430102114887
0.15238738390370793 0.014332676313053495 0.12432843086729183	0.014332676310728584 0.06776548761789307 0.013591655300065349	-0.12432843086616915 -0.013591655298159915 0.27430102148732194
0.1523873840865894 0.014332676339255487 0.12432843089834913	0.014332676336929796 0.06776548794486617 0.013591655238765571	-0.12432843089722767 -0.013591655236861018 0.2743010216816828
0.15238738363710608 0.014332676364362333 0.12432843074022382	0.014332676362037158 0.06776548754181652 0.013591655231856868	-0.12432843073911042 -0.013591655229952787 0.2743010214445282
0.1523873831196919 0.01433267635287347 0.12432843059436564	0.01433267635054785 0.06776548696451049 0.013591655320887536	-0.12432843059325226 -0.013591655318981061 0.2743010211207013
0.15238738318405248 0.01433267637525783 0.12432843059760246	0.01433267637293118 0.0677654871239509 0.013591655260733325	-0.12432843059648464 -0.013591655258828036 0.2743010212085021
0.1523873837590201 0.014332676347306733 0.12432843078720048	0.01433267634497929 0.06776548772031321 0.01359165529382976	-0.12432843078608243 -0.013591655291925488 0.27430102157041397
0.152387384077739 0.014332676308785005 0.12432843091437504	0.01433267630646107 0.06776548791316334 0.013591655365998323	-0.12432843091325786 -0.013591655364093957 0.27430102168965337
0.1523873839390312 0.01433267633872969 0.12432843085451825	0.014332676336403902 0.06776548785978714 0.013591655299235346	-0.12432843085339934 -0.013591655297331213 0.2743010216505418
0.1523873835190852 0.014332676385583602 0.12432843069519722	0.014332676383255322 0.0677654873394886 0.013591655195835592	-0.12432843069407606 -0.013591655193934515 0.2743010212936172
0.15238738325795698 0.014332676381380517 0.12432843061707748	0.014332676379055161 0.06776548697243273 0.013591655224744599	-0.12432843061595643 -0.013591655222841663 0.27430102105998133
0.15238738351658287 0.014332676387813414 0.12432843069254715	0.014332676385489348 0.0677654873378001 0.013591655189544909	-0.12432843069143068 -0.01359165518763715 0.2743010212874067
0.15238738393079823 0.014332676338571982 0.12432843085500772	0.014332676336246394 0.06776548782959058 0.013591655283321	-0.1243284308538881 -0.013591655281413328 0.2743010216364549
0.15238738387294115 0.014332676294407376 0.12432843086457109	0.01433267629208131 0.06776548777247651 0.01359165539418001	-0.12432843086345513 -0.013591655392273947 0.27430102163875575
0.15238738334928653 0.014332676356778817 0.12432843065552407	0.014332676354454179 0.06776548730429985 0.013591655246886061	-0.12432843065440341 -0.01359165524497958 0.27430102131978046
0.15238738307985744 0.014332676372627758 0.12432843056568291	0.014332676370301079 0.06776548694127466 0.013591655197338817	-0.12432843056456724 -0.013591655195435155 0.27430102107960475
0.15238738346523195 0.014332676318238884 0.12432843072675044	0.014332676315913192 0.06776548719369456 0.013591655292809899	-0.1243284307256291 -0.013591655290905731 0.27430102124092365
0.15238738401548285 0.014332676326440965 0.12432843088461831	0.014332676324114252 0.06776548781865538 0.013591655220603988	-0.12432843088350347 -0.013591655218700972 0.2743010215982597
0.15238738403600963 0.014332676332490059 0.12432843088289278	0.014332676330164287 0.06776548784836435 0.01359165520722437	-0.12432843088177815 -0.013591655205320088 0.2743010216170476
0.15238738349259967 0.014332676328391726 0.1243284307248487	0.014332676326067223 0.06776548723531003 0.013591655275787824	-0.12432843072373065 -0.013591655273881606 0.2743010212671939
0.1523873830787303 0.014332676376097357 0.1243284305662979	0.014332676373773353 0.06776548693801583 0.013591655198608943	-0.124328430565175 -0.013591655196701934 0.27430102108107257
0.1523873833414908 0.014332676355890328 0.1243284306539895	0.014332676353566273 0.06776548729004826 0.013591655258300452	-0.1243284306528715 -0.01359165525639456 0.2743010213149171
0.15238738387758216 0.014332676295201647 0.12432843086089398	0.014332676292877076 0.06776548779507119 0.013591655409095307	-0.12432843085977716 -0.013591655407187684 0.274301021647017
0.15238738390433051 0.01433267630549601 0.12432843086661818	0.01433267630316891 0.06776548787162678 0.0135916553291466	-0.12432843086549825 -0.013591655327242425 0.27430102169130965
0.1523873837456277 0.014332676329295779 0.12432843080249911	0.014332676326969367 0.06776548766214077 0.01359165528342205	-0.12432843080137752 -0.01359165528151729 0.27430102154395347
0.15238738333010993 0.014332676349847327 0.12432843065869893	0.014332676347524484 0.06776548709985966 0.013591655268546214	-0.12432843065757967 -0.013591655266640648 0.2743010211682237
0.1523873832701325 0.01433267640215612 0.12432843060573588	0.014332676399832876 0.06776548705780513 0.013591655150076931	-0.1243284306046214 -0.013591655148168923 0.27430102109824367
0.1523873837192361 0.014332676370824839 0.12432843076927733	0.014332676368498871 0.06776548751773209 0.013591655213555556	-0.12432843076816097 -0.013591655211649883 0.2743010214028445
0.15238738406616423 0.014332676308214089 0.12432843091593232	0.01433267630588795 0.06776548788710968 0.013591655368937125	-0.12432843091481435 -0.013591655367031573 0.2743010216778231
0.1523873837726914 0.014332676353349606 0.12432843078646898	0.014332676351024653 0.0677654877435604 0.013591655279530677	-0.12432843078535492 -0.01359165527762278 0.2743010215835245
0.1523873832035586 0.014332676380309996 0.12432843059484651	0.014332676377983248 0.06776548715533698 0.013591655242045825	-0.12432843059372978 -0.013591655240141085 0.2743010212289721
0.1523873831052148 0.014332676346503441 0.12432843059481366	0.01433267634417568 0.06776548693854866 0.013591655322452524	-0.12432843059369175 -0.013591655320550199 0.27430102111110577
0.15238738360558823 0.014332676351439116 0.12432843074194663	0.01433267634911361 0.06776548749429538 0.013591655250270028	-0.12432843074082492 -0.013591655248367474 0.2743010214178311
0.1523873840815387 0.014332676331046113 0.12432843089825994	0.014332676328719983 0.06776548793566098 0.013591655243838034	-0.12432843089713913 -0.013591655241931788 0.2743010216757044
0.15238738391547169 0.014332676311137754 0.12432843086780734	0.014332676308812107 0.06776548763046604 0.013591655290668341	-0.12432843086669093 -0.01359165528876008 0.2743010214961683
0.1523873833376846 0.014332676373611943 0.1243284306514298	0.01433267637128657 0.06776548709844138 0.01359165515405441	-0.12432843065031167 -0.013591655152146026 0.2743010211472794
0.15238738315174036 0.014332676374347077 0.124328430587055	0.014332676372021548 0.06776548697874953 0.013591655162557198	-0.12432843058593865 -0.013591655160651472 0.27430102109346016
0.15238738354755482 0.01433267630240202 0.12432843075602354	0.01433267630007543 0.0677654874062891 0.013591655341478548	-0.12432843075490528 -0.01359165533956953 0.27430102140558915
0.15238738374507638 0.014332676327457649 0.12432843080112999	0.014332676325131305 0.0677654876519219 0.01359165527255948	-0.12432843080001366 -0.013591655270650916 0.27430102153886593
0.15238738390683443 0.014332676301753944 0.12432843086865297	0.01433267629943143 0.06776548785510891 0.01359165531790989	-0.1243284308675362 -0.01359165531600175 0.27430102169149895
0.15238738355837433 0.014332676299519677 0.12432843075823571	0.01433267629719497 0.06776548741222237 0.0135916553374642	-0.12432843075712065 -0.013591655335556615 0.2743010214175652
0.15238738316246597 0.014332676373286075 0.12432843058633225	0.0143326763709598 0.06776548700715632 0.013591655168775432	-0.12432843058521519 -0.013591655166868392 0.2743010211080803
0.15238738333914945 0.014332676371369753 0.12432843064948074	0.01433267636904147 0.06776548710422553 0.01359165516367692	-0.12432843064836048 -0.01359165516177465 0.2743010211520709
0.15238738390764117 0.014332676309110132 0.12432843086800675	0.01433267630678334 0.06776548761866394 0.013591655302941985	-0.12432843086688804 -0.013591655301037966 0.2743010214905341
0.1523873840894019 0.01433267633569849 0.12432843089864307	0.014332676333373349 0.06776548795440823 0.013591655248828976	-0.12432843089752554 -0.013591655246925488 0.2743010216822871
0.1523873836336347 0.014332676361999065 0.12432843074182437	0.01433267635967278 0.06776548753458697 0.0135916552389929	-0.12432843074070743 -0.013591655237084662 0.27430102144045637
0.15238738311699157 0.014332676354226677 0.124328430595582	0.014332676351901334 0.0677654869562704 0.013591655318371035	-0.12432843059446358 -0.013591655316463336 0.27430102112021326
0.15238738318814918 0.014332676381187126 0.1243284305958929	0.014332676378862489 0.06776548714285732 0.013591655255538383	-0.12432843059477469 -0.01359165525363119 0.27430102121544914
0.15238738376202227 0.014332676351687243 0.12432843078648764	0.014332676349359003 0.06776548773171587 0.013591655289322206	-0.12432843078537892 -0.013591655287413212 0.27430102157302416
0.15238738406964106 0.014332676306768854 0.12432843091689622	0.014332676304440435 0.06776548789648365 0.013591655372086762	-0.12432843091578169 -0.013591655370179624 0.2743010216795262
0.15238738372180494 0.014332676367675703 0.12432843077346002	0.014332676365349524 0.06776548752415648 0.013591655213889973	-0.12432843077234197 -0.013591655211986523 0.27430102140351187
0.15238738327333104 0.014332676398425427 0.1243284306089736	0.014332676396099964 0.06776548704281028 0.013591655137182239	-0.1243284306078501 -0.013591655135275278 0.2743010210959904
0.15238738333243304 0.01433267634800129 0.1243284306582328	0.014332676345673902 0.06776548708384791 0.013591655249630772	-0.12432843065711753 -0.013591655247723121 0.2743010211632655
0.1523873835165789 0.014332676384081667 0.12432843069422132	0.014332676381757498 0.06776548734156312 0.013591655199405514	-0.12432843069310504 -0.013591655197498206 0.2743010212895673
0.1523873839276362 0.014332676334330595 0.12432843085667997	0.014332676332005505 0.06776548783325156 0.013591655297217748	-0.12432843085556183 -0.013591655295312182 0.27430102163554865
0.15238738387817002 0.014332676292697497 0.12432843086377504	0.01433267629037157 0.0677654877761607 0.013591655395582599	-0.12432843086265556 -0.013591655393675142 0.27430102164258086
0.15238738334859683 0.01433267635688066 0.1243284306543112	0.014332676354552423 0.06776548730175735 0.013591655244965594	-0.12432843065319676 -0.013591655243058401 0.27430102131986694
0.15238738307323657 0.014332676374930343 0.12432843056495264	0.01433267637260452 0.06776548693338275 0.013591655193062498	-0.12432843056383897 -0.01359165519115444 0.274301021076715
0.15238738346804895 0.014332676323220151 0.12432843072496484	0.01433267632089371 0.06776548719504258 0.01359165528092486	-0.12432843072384984 -0.013591655279018747 0.27430102124436395
0.15238738401773225 0.014332676329906273 0.12432843088290357	0.01433267632758116 0.06776548782746855 0.013591655218063048	-0.12432843088179135 -0.013591655216152954 0.27430102159744546
0.15238738402406365 0.014332676330688762 0.12432843088436633	0.01433267632836361 0.06776548783352941 0.013591655217898117	-0.12432843088325435 -0.013591655215987711 0.2743010216006494
0.1523873834805792 0.014332676325761344 0.1243284307271651	0.014332676323434764 0.06776548720857738 0.013591655281383862	-0.12432843072604992 -0.013591655279477432 0.27430102125114303
0.15238738307985966 0.014332676379035581 0.12432843056432429	0.014332676376709829 0.06776548694386808 0.013591655194600503	-0.12432843056321057 -0.013591655192692564 0.2743010210808402
0.15238738334641475 0.014332676361413296 0.12432843065049407	0.014332676359085219 0.06776548730555047 0.01359165524748008	-0.12432843064937961 -0.01359165524557282 0.2743010213205701
0.15238738387502157 0.014332676296449241 0.12432843086001696	0.014332676294123419 0.06776548778085117 0.013591655399570086	-0.12432843085889772 -0.01359165539766279 0.2743010216454847
0.15238738392961773 0.014332676336616584 0.12432843085569921	0.01433267633429191 0.06776548784412563 0.013591655302365394	-0.12432843085458122 -0.013591655300459922 0.2743010216428364
0.152387383521347 0.01433267638498076 0.12432843069493828	0.01433267638265671 0.0677654873529139 0.013591655203685538	-0.12432843069382174 -0.013591655201778071 0.27430102129714035
0.15238738326722134 0.0143326763807079 0.12432843061717588	0.01433267637838181 0.06776548698615299 0.013591655224504201	-0.12432843061607152 -0.01359165522259375 0.2743010210688299
