0.04065123073302522 -0.00014253906202121944 0.087983195716888	-0.00014253906202091196 0.01460388853476037 -0.0068073723839545824	-0.08798319571688018 0.006807372383950766 0.14240033036506264
0.04065123072381943 -0.00014253906420027412 0.08798319571617637	-0.00014253906420194293 0.014603888526335276 -0.006807372380004499	-0.08798319571616592 0.0068073723799993505 0.1424003303108894
0.040651230724725554 -0.00014253906400289078 0.08798319571613397	-0.0001425390639999023 0.014603888527167427 -0.006807372380351305	-0.08798319571612967 0.006807372380346469 0.14240033031616656
0.04065123073441953 -0.0001425390616655955 0.08798319571690413	-0.00014253906166581017 0.01460388853603895 -0.006807372384522441	-0.08798319571689324 0.006807372384520942 0.14240033037311892
0.04065123073954332 -0.0001425390604453741 0.0879831957173977	-0.00014253906044697133 0.01460388854076711 -0.006807372386745995	-0.08798319571738476 0.006807372386741617 0.14240033040322
0.0406512307329929 -0.00014253906201540378 0.08798319571687033	-0.0001425390620130953 0.014603888534759968 -0.006807372383973789	-0.08798319571686287 0.00680737238397227 0.14240033036479674
0.040651230723929455 -0.00014253906417808094 0.08798319571607865	-0.00014253906417806316 0.01460388852642018 -0.006807372380003181	-0.08798319571606748 0.006807372379998386 0.14240033031120217
0.04065123072473454 -0.00014253906398149687 0.08798319571613931	-0.0001425390639821578 0.014603888527145613 -0.00680737238034098	-0.08798319571613115 0.006807372380335727 0.14240033031610505
0.04065123073431735 -0.00014253906169689077 0.08798319571697998	-0.0001425390616944873 0.014603888535951558 -0.006807372384527763	-0.08798319571697191 0.006807372384523759 0.14240033037267016
0.04065123073950383 -0.0001425390604352884 0.08798319571736857	-0.00014253906043459712 0.014603888540749295 -0.006807372386754398	-0.0879831957173574 0.006807372386751283 0.1424003304031615
0.04065123073307991 -0.00014253906197320403 0.08798319571674992	-0.00014253906197710022 0.014603888534836983 -0.006807372383963423	-0.08798319571673734 0.006807372383960564 0.1424003303653321
0.040651230723954254 -0.0001425390642067364 0.08798319571610103	-0.00014253906420356142 0.014603888526416895 -0.006807372379978992	-0.08798319571609585 0.006807372379974974 0.14240033031133612
0.040651230724618924 -0.00014253906402491266 0.08798319571625983	-0.00014253906402878023 0.014603888527069092 -0.006807372380347641	-0.0879831957162488 0.006807372380342375 0.14240033031561034
0.04065123073433628 -0.00014253906167012486 0.08798319571691667	-0.00014253906166977748 0.014603888536020909 -0.006807372384537387	-0.087983195716909 0.006807372384534327 0.1424003303728808
0.040651230739588484 -0.000142539060404249 0.08798319571731207	-0.00014253906040544119 0.014603888540758558 -0.006807372386758652	-0.08798319571730251 0.006807372386751387 0.14240033040366087
0.04065123072381566 -0.00014253906423033558 0.08798319571618099	-0.00014253906423263973 0.01460388852630698 -0.006807372379984557	-0.08798319571617248 0.006807372379977833 0.14240033031078217
0.04065123072472009 -0.0001425390640217238 0.08798319571621349	-0.00014253906401963477 0.014603888527109442 -0.006807372380356419	-0.08798319571621 0.0068073723803505 0.14240033031601584
0.04065123073444528 -0.00014253906165811753 0.08798319571687609	-0.00014253906165692144 0.014603888536044825 -0.006807372384507182	-0.0879831957168704 0.0068073723845031645 0.14240033037322206
0.04065123073950003 -0.000142539060458208 0.08798319571735795	-0.0001425390604603777 0.014603888540749923 -0.006807372386739154	-0.08798319571734659 0.006807372386730723 0.1424003304032349
0.0406512307330031 -0.000142539062012584 0.08798319571690083	-0.00014253906200930363 0.014603888534754013 -0.006807372383969189	-0.08798319571689353 0.006807372383968606 0.14240033036475996
0.04065123072399177 -0.00014253906419545636 0.08798319571609323	-0.00014253906419711086 0.014603888526442269 -0.00680737237997138	-0.08798319571608258 0.006807372379966099 0.14240033031137778
0.040651230724725554 -0.0001425390639970027 0.08798319571612902	-0.0001425390639964632 0.014603888527132026 -0.006807372380331932	-0.08798319571612125 0.006807372380327602 0.14240033031592952
0.040651230734325944 -0.00014253906167664785 0.08798319571698056	-0.00014253906167670553 0.014603888535977688 -0.006807372384555012	-0.0879831957169712 0.006807372384548552 0.14240033037252442
0.04065123073949951 -0.00014253906045929524 0.08798319571735419	-0.0001425390604567066 0.014603888540719357 -0.006807372386721647	-0.08798319571734924 0.006807372386718635 0.14240033040327515
0.04065123073308802 -0.00014253906200576393 0.08798319571675757	-0.00014253906200844494 0.014603888534804516 -0.006807372383930213	-0.08798319571674497 0.00680737238392546 0.14240033036543268
0.0406512307238995 -0.0001425390641988742 0.08798319571608448	-0.0001425390641945001 0.01460388852638368 -0.006807372380004485	-0.08798319571607922 0.00680737238000164 0.14240033031112076
0.04065123072460741 -0.00014253906404434243 0.0879831957162259	-0.00014253906404512826 0.01460388852706348 -0.0068073723803408065	-0.08798319571621925 0.006807372380336185 0.14240033031559404
0.04065123073438879 -0.00014253906171016358 0.08798319571696729	-0.00014253906171063542 0.01460388853600515 -0.006807372384512705	-0.08798319571695876 0.006807372384507751 0.14240033037280897
0.04065123073958263 -0.00014253906043082106 0.08798319571733991	-0.00014253906042925634 0.014603888540762642 -0.006807372386770039	-0.08798319571733158 0.006807372386766 0.14240033040356959
0.04065123073303355 -0.00014253906202322392 0.08798319571682171	-0.00014253906202164358 0.01460388853480514 -0.006807372383948927	-0.08798319571681291 0.006807372383944757 0.14240033036513916
0.04065123072469268 -0.00014253906401042078 0.08798319571613736	-0.0001425390640108614 0.014603888527127497 -0.0068073723803389954	-0.08798319571613314 0.006807372380333375 0.14240033031595364
0.040651230734449144 -0.0001425390616320416 0.0879831957168663	-0.00014253906162866713 0.014603888536069028 -0.006807372384523183	-0.08798319571686403 0.0068073723845184855 0.1424003303733123
0.04065123073951803 -0.00014253906045490553 0.0879831957174189	-0.00014253906045804798 0.014603888540735757 -0.006807372386751838	-0.08798319571740819 0.006807372386746412 0.14240033040334432
0.04065123073301723 -0.00014253906199872962 0.08798319571687697	-0.0001425390619957021 0.014603888534762568 -0.006807372383960945	-0.08798319571687058 0.006807372383958926 0.14240033036484948
0.04065123072391273 -0.00014253906417125567 0.08798319571605258	-0.00014253906417240883 0.014603888526431453 -0.006807372379989407	-0.0879831957160449 0.0068073723799851465 0.14240033031129662
0.040651230724742964 -0.00014253906398242928 0.08798319571616967	-0.0001425390639832086 0.01460388852713935 -0.006807372380334936	-0.08798319571616091 0.006807372380331515 0.1424003303159798
0.04065123073437531 -0.00014253906170603667 0.08798319571700824	-0.00014253906170438608 0.014603888536001069 -0.006807372384532204	-0.08798319571700058 0.0068073723845249595 0.1424003303726739
0.040651230739503524 -0.0001425390604358357 0.08798319571735533	-0.00014253906043484085 0.014603888540769688 -0.006807372386766014	-0.08798319571735327 0.006807372386763877 0.14240033040327485
0.04065123073309399 -0.00014253906198307287 0.08798319571676544	-0.0001425390619844741 0.014603888534838854 -0.006807372383957469	-0.08798319571675232 0.006807372383953091 0.14240033036533495
0.04065123072388506 -0.000142539064226527 0.08798319571609267	-0.0001425390642249484 0.01460388852634836 -0.006807372379981684	-0.08798319571608693 0.0068073723799774374 0.14240033031120122
0.04065123072460137 -0.00014253906403598367 0.08798319571623119	-0.0001425390640338751 0.014603888527056325 -0.006807372380341077	-0.08798319571622648 0.006807372380336539 0.14240033031567978
0.040651230734334534 -0.00014253906167993168 0.08798319571694611	-0.0001425390616808719 0.014603888535987649 -0.006807372384540725	-0.08798319571693587 0.006807372384536853 0.1424003303726889
0.040651230739567126 -0.00014253906043996912 0.08798319571729737	-0.00014253906043919283 0.014603888540770948 -0.006807372386767284	-0.08798319571729289 0.0068073723867609 0.1424003304035919
0.0406512307330999 -0.00014253906200518713 0.08798319571685433	-0.0001425390620055731 0.01460388853484516 -0.006807372383964824	-0.08798319571684615 0.00680737238396166 0.14240033036526287
0.040651230723796984 -0.0001425390642279807 0.08798319571619102	-0.00014253906422914036 0.014603888526310659 -0.006807372379986805	-0.08798319571618221 0.0068073723799844735 0.14240033031075627
0.04065123073442187 -0.00014253906166523077 0.08798319571689625	-0.00014253906166164423 0.014603888536045962 -0.006807372384519929	-0.08798319571689188 0.006807372384518 0.14240033037318134
0.040651230739516514 -0.00014253906042685635 0.0879831957173435	-0.0001425390604305023 0.01460388854079835 -0.006807372386770566	-0.08798319571733644 0.0068073723867655145 0.1424003304034139
0.04065123073300264 -0.000142539061994725 0.08798319571687784	-0.00014253906199343698 0.01460388853475187 -0.006807372383966941	-0.08798319571687006 0.006807372383963527 0.1424003303647936
0.04065123072390968 -0.00014253906420385893 0.08798319571614	-0.00014253906420350158 0.01460388852637051 -0.006807372379982475	-0.08798319571613301 0.006807372379980532 0.14240033031118374
0.040651230724756834 -0.0001425390639535739 0.0879831957161555	-0.00014253906395615993 0.014603888527155108 -0.006807372380349737	-0.0879831957161443 0.006807372380344165 0.14240033031606347
0.04065123073431665 -0.00014253906169357268 0.08798319571696153	-0.00014253906169326737 0.014603888535994876 -0.006807372384543396	-0.0879831957169562 0.006807372384540544 0.14240033037265332
0.04065123073950455 -0.00014253906044526653 0.08798319571739946	-0.00014253906044522664 0.01460388854074824 -0.00680737238675843	-0.08798319571739449 0.006807372386755828 0.14240033040320205
0.040651230733143334 -0.00014253906198270164 0.08798319571678148	-0.00014253906198266305 0.014603888534878401 -0.006807372383946957	-0.0879831957167717 0.006807372383943945 0.14240033036549615
0.04065123072386925 -0.00014253906420784966 0.08798319571607777	-0.00014253906420992005 0.014603888526351673 -0.006807372379996464	-0.08798319571607043 0.006807372379994021 0.14240033031103475
0.040651230724602666 -0.0001425390640260476 0.08798319571623235	-0.00014253906402428166 0.014603888527069921 -0.006807372380350611	-0.08798319571622656 0.0068073723803481895 0.14240033031553226
0.040651230734326194 -0.0001425390616744647 0.08798319571693208	-0.0001425390616783817 0.01460388853597917 -0.006807372384531579	-0.08798319571692259 0.00680737238452872 0.14240033037285138
0.040651230739570915 -0.00014253906043213208 0.08798319571728444	-0.00014253906043072348 0.014603888540756223 -0.006807372386749708	-0.0879831957172799 0.006807372386743872 0.14240033040369976
0.04065123073304158 -0.00014253906199795984 0.08798319571683016	-0.00014253906199712153 0.01460388853481033 -0.006807372383977377	-0.08798319571681995 0.00680737238397635 0.14240033036508198
0.04065123072377219 -0.0001425390642136072 0.08798319571614575	-0.00014253906421550586 0.014603888526320781 -0.006807372380001488	-0.08798319571613994 0.006807372379999503 0.14240033031074184
0.04065123072472982 -0.0001425390640092095 0.08798319571617144	-0.00014253906401224224 0.014603888527117491 -0.006807372380327172	-0.08798319571616231 0.006807372380324653 0.14240033031588278
0.040651230739594785 -0.00014253906046970792 0.08798319571739695	-0.00014253906047099248 0.014603888540812696 -0.006807372386750679	-0.08798319571738925 0.006807372386745669 0.14240033040351868
0.04065123073299927 -0.00014253906200893413 0.08798319571690477	-0.00014253906200967052 0.014603888534754675 -0.006807372383980728	-0.08798319571689532 0.006807372383974997 0.14240033036472954
0.04065123072388878 -0.00014253906420027542 0.0879831957160579	-0.0001425390641975658 0.014603888526385646 -0.00680737237995753	-0.08798319571605388 0.006807372379955448 0.1424003303110879
0.0406512307247711 -0.00014253906398002236 0.08798319571616395	-0.0001425390639835317 0.014603888527149448 -0.006807372380333417	-0.08798319571615199 0.006807372380327158 0.14240033031608793
0.04065123073435062 -0.00014253906170002585 0.08798319571702773	-0.00014253906169880894 0.014603888535977376 -0.006807372384552479	-0.08798319571702082 0.006807372384550495 0.14240033037275943
0.040651230739542146 -0.00014253906042988995 0.0879831957173681	-0.00014253906042969002 0.014603888540765227 -0.006807372386746981	-0.087983195717362 0.0068073723867414435 0.14240033040338174
0.04065123073308992 -0.00014253906200247836 0.08798319571674132	-0.00014253906200183825 0.01460388853485066 -0.0068073723839300465	-0.08798319571673588 0.006807372383925932 0.142400330365434
0.040651230723894545 -0.00014253906419532105 0.08798319571611547	-0.00014253906419803156 0.014603888526356138 -0.006807372379996526	-0.08798319571610332 0.006807372379993418 0.1424003303110712
0.04065123072466285 -0.00014253906404919532 0.08798319571623946	-0.00014253906404623415 0.014603888527093179 -0.006807372380319157	-0.08798319571623589 0.006807372380318748 0.1424003303156992
0.040651230734346705 -0.0001425390616948182 0.08798319571693977	-0.00014253906169786872 0.014603888535999608 -0.006807372384534945	-0.08798319571692823 0.006807372384530552 0.14240033037284097
0.040651230739586375 -0.000142539060418969 0.08798319571729786	-0.0001425390604183072 0.014603888540782388 -0.006807372386775708	-0.08798319571728944 0.0068073723867697125 0.14240033040358718
0.04065123073304023 -0.0001425390620266808 0.08798319571682467	-0.00014253906202483027 0.014603888534780859 -0.006807372383948185	-0.08798319571681806 0.006807372383944958 0.14240033036518518
0.04065123072378705 -0.00014253906425597263 0.08798319571616836	-0.00014253906425632738 0.014603888526297935 -0.006807372379973607	-0.08798319571616128 0.006807372379969805 0.14240033031083213
0.04065123072468342 -0.00014253906399952238 0.08798319571616486	-0.00014253906400066556 0.014603888527095994 -0.006807372380350597	-0.08798319571615293 0.006807372380347516 0.14240033031574273
0.04065123073441734 -0.00014253906168335082 0.08798319571686239	-0.00014253906168180085 0.01460388853604435 -0.006807372384514648	-0.08798319571685875 0.006807372384512157 0.14240033037318334
0.040651230732979646 -0.00014253906201533266 0.08798319571686651	-0.00014253906201698282 0.01460388853475216 -0.006807372383980222	-0.08798319571685727 0.006807372383974657 0.14240033036472619
0.04065123072394208 -0.00014253906418052603 0.08798319571608576	-0.00014253906417521257 0.014603888526403314 -0.006807372379958605	-0.08798319571608026 0.006807372379954241 0.14240033031110663
0.04065123072474857 -0.00014253906398212094 0.0879831957161725	-0.00014253906398350395 0.014603888527139773 -0.006807372380337143	-0.08798319571616052 0.006807372380332924 0.14240033031599444
0.04065123073433911 -0.00014253906169180413 0.08798319571696035	-0.0001425390616912603 0.014603888536014258 -0.00680737238454613	-0.08798319571695286 0.006807372384541002 0.1424003303728018
0.040651230739526645 -0.0001425390604105261 0.08798319571735938	-0.00014253906040962144 0.014603888540760009 -0.0068073723867604005	-0.08798319571735137 0.006807372386753316 0.1424003304033166
0.04065123073309103 -0.00014253906200749518 0.08798319571681577	-0.00014253906200389866 0.014603888534806585 -0.006807372383936153	-0.08798319571681072 0.00680737238393174 0.14240033036537997
0.04065123072390012 -0.0001425390641943856 0.08798319571610734	-0.0001425390641970354 0.014603888526350878 -0.006807372379990975	-0.08798319571609736 0.006807372379983134 0.14240033031109722
0.040651230724601 -0.0001425390640227408 0.08798319571620483	-0.00014253906401994875 0.014603888527093385 -0.006807372380345192	-0.08798319571620054 0.006807372380341667 0.1424003303156708
0.04065123073435395 -0.000142539061688447 0.08798319571697924	-0.0001425390616894653 0.01460388853599251 -0.0068073723845341536	-0.0879831957169674 0.0068073723845319956 0.14240033037282013
0.040651230739638174 -0.0001425390604476275 0.08798319571733801	-0.00014253906044921303 0.014603888540798301 -0.006807372386755696	-0.08798319571732838 0.006807372386746814 0.14240033040371472
0.04065123073302014 -0.00014253906200249224 0.087983195716817	-0.00014253906199886276 0.014603888534794433 -0.006807372383977446	-0.08798319571681208 0.006807372383974601 0.14240033036501193
0.040651230723783766 -0.00014253906422927913 0.08798319571617243	-0.0001425390642308534 0.01460388852631886 -0.006807372380001578	-0.08798319571616287 0.006807372379996783 0.1424003303106961
0.04065123072466882 -0.00014253906402530558 0.08798319571616414	-0.00014253906402503323 0.014603888527061862 -0.006807372380322377	-0.08798319571615705 0.006807372380316513 0.14240033031583366
0.04065123073440655 -0.00014253906166762425 0.08798319571685889	-0.00014253906166596803 0.01460388853602609 -0.006807372384509264	-0.08798319571685197 0.006807372384505857 0.14240033037323763
0.040651230739537414 -0.00014253906043744423 0.08798319571736044	-0.00014253906043630625 0.01460388854078688 -0.006807372386772252	-0.08798319571735248 0.006807372386768859 0.1424003304033766
0.040651230723888335 -0.00014253906417992755 0.08798319571608068	-0.00014253906417540686 0.014603888526371879 -0.0068073723799741	-0.08798319571607537 0.00680737237996884 0.1424003303109216
0.04065123072473717 -0.0001425390639683802 0.08798319571613163	-0.00014253906396916776 0.014603888527163149 -0.006807372380350209	-0.08798319571612298 0.0068073723803454 0.14240033031603833
0.040651230734414415 -0.00014253906169325176 0.08798319571700335	-0.00014253906169377738 0.014603888536046453 -0.0068073723845529024	-0.08798319571699248 0.006807372384549405 0.14240033037294236
0.040651230739513586 -0.00014253906044576657 0.08798319571740465	-0.00014253906044570412 0.014603888540751139 -0.006807372386758374	-0.08798319571739617 0.006807372386755391 0.14240033040323183
0.040651230733068644 -0.00014253906197977343 0.0879831957167441	-0.0001425390619790032 0.014603888534838998 -0.0068073723839390116	-0.08798319571673749 0.0068073723839345845 0.14240033036532462
0.04065123072391066 -0.0001425390641889776 0.08798319571611131	-0.00014253906419032462 0.014603888526368233 -0.006807372379993175	-0.08798319571610291 0.006807372379986187 0.1424003303111832
0.04065123072462152 -0.00014253906405137413 0.08798319571629366	-0.0001425390640500306 0.014603888527066872 -0.006807372380353373	-0.08798319571628936 0.006807372380349223 0.14240033031572374
0.040651230734381996 -0.00014253906164923922 0.08798319571694518	-0.00014253906164801104 0.014603888536024796 -0.006807372384543625	-0.08798319571693543 0.006807372384539115 0.14240033037299157
0.040651230739573795 -0.00014253906043159084 0.08798319571729596	-0.00014253906043626289 0.014603888540785636 -0.00680737238675988	-0.08798319571728336 0.006807372386752768 0.1424003304036821
0.0406512307330308 -0.00014253906200813703 0.08798319571686092	-0.00014253906200460947 0.01460388853478285 -0.006807372383962305	-0.08798319571685545 0.006807372383960078 0.14240033036499314
0.04065123072384551 -0.00014253906421735855 0.08798319571617784	-0.0001425390642168481 0.01460388852636696 -0.006807372379990392	-0.0879831957161689 0.00680737237998464 0.14240033031095348
0.040651230724688556 -0.00014253906400353133 0.08798319571614928	-0.00014253906400312497 0.01460388852710877 -0.0068073723803422845	-0.08798319571614194 0.00680737238033851 0.1424003303159162
0.04065123073441361 -0.00014253906166038395 0.08798319571687115	-0.00014253906165932187 0.014603888536044935 -0.006807372384524814	-0.08798319571686061 0.006807372384521115 0.14240033037311361
0.04065123073952877 -0.00014253906042954647 0.08798319571734232	-0.00014253906042815002 0.014603888540773472 -0.006807372386757868	-0.08798319571733701 0.006807372386754093 0.14240033040352013
0.040651230732993336 -0.00014253906201305237 0.08798319571686844	-0.00014253906201489117 0.014603888534747159 -0.006807372383967385	-0.0879831957168579 0.006807372383960918 0.14240033036490804
0.04065123072473106 -0.000142539064011567 0.08798319571614659	-0.0001425390640109334 0.014603888527113579 -0.006807372380312669	-0.08798319571614126 0.006807372380308714 0.14240033031598417
0.040651230734365676 -0.0001425390616735982 0.08798319571698036	-0.00014253906167663397 0.014603888536021018 -0.006807372384578965	-0.08798319571696704 0.006807372384574413 0.14240033037277444
0.04065123073950232 -0.00014253906046229718 0.08798319571735931	-0.00014253906046119823 0.01460388854074207 -0.006807372386750721	-0.08798319571735254 0.006807372386749347 0.1424003304032087
0.04065123073312084 -0.00014253906201386812 0.08798319571679243	-0.00014253906201433303 0.014603888534817085 -0.006807372383909882	-0.08798319571678295 0.006807372383907051 0.14240033036524682
0.04065123072388422 -0.00014253906419818205 0.08798319571611611	-0.00014253906419865996 0.014603888526347267 -0.006807372379989164	-0.08798319571610719 0.006807372379985618 0.14240033031102786
0.04065123072462036 -0.00014253906404096016 0.08798319571620862	-0.00014253906404173818 0.014603888527100874 -0.00680737238034286	-0.08798319571620197 0.0068073723803395506 0.1424003303157439
0.04065123073437882 -0.00014253906167773292 0.08798319571694324	-0.00014253906167504844 0.014603888535999273 -0.006807372384521622	-0.08798319571693494 0.0068073723845183745 0.14240033037290245
0.04065123073959601 -0.0001425390604347168 0.08798319571735591	-0.00014253906043779595 0.01460388854075023 -0.006807372386767159	-0.08798319571734306 0.006807372386759741 0.1424003304037031
0.040651230733040514 -0.00014253906200071024 0.0879831957168363	-0.00014253906199777422 0.014603888534771275 -0.0068073723839427724	-0.08798319571682811 0.006807372383939643 0.1424003303650221
0.04065123072378324 -0.0001425390642414981 0.08798319571614466	-0.00014253906424221367 0.014603888526329739 -0.006807372379978978	-0.08798319571613795 0.006807372379975453 0.1424003303108106
0.040651230724705244 -0.00014253906399890872 0.08798319571618181	-0.0001425390639994196 0.01460388852710046 -0.006807372380343249	-0.08798319571617295 0.00680737238033962 0.14240033031587096
0.04065123073447629 -0.00014253906168968863 0.08798319571689384	-0.00014253906169024852 0.014603888536066659 -0.006807372384496906	-0.08798319571688451 0.006807372384494151 0.1424003303732332
0.040651230739516056 -0.00014253906046058067 0.08798319571735612	-0.00014253906045926662 0.014603888540756947 -0.006807372386755842	-0.08798319571734955 0.006807372386754551 0.1424003304032816
0.04065123073301238 -0.0001425390619986932 0.08798319571687721	-0.00014253906200148523 0.014603888534776361 -0.006807372383989922	-0.08798319571686392 0.006807372383985336 0.1424003303647826
0.04065123072388925 -0.00014253906421359246 0.08798319571608365	-0.00014253906421286995 0.014603888526339022 -0.0068073723799460945	-0.08798319571607846 0.006807372379942243 0.14240033031101354
0.04065123073435253 -0.00014253906169444568 0.08798319571697245	-0.00014253906169612186 0.014603888535994616 -0.006807372384553853	-0.08798319571696211 0.006807372384547233 0.14240033037290634
0.040651230739518526 -0.0001425390604355278 0.0879831957173454	-0.00014253906043418252 0.014603888540758551 -0.006807372386749472	-0.08798319571734033 0.0068073723867456 0.14240033040344607
0.040651230733056716 -0.00014253906198818337 0.08798319571676924	-0.00014253906198735504 0.014603888534790605 -0.0068073723839319755	-0.08798319571675903 0.0068073723839284506 0.14240033036509714
0.040651230723870474 -0.00014253906420750315 0.0879831957160828	-0.00014253906420732057 0.01460388852635427 -0.0068073723799849314	-0.08798319571607548 0.00680737237998115 0.14240033031107308
0.04065123072469262 -0.00014253906402009013 0.0879831957162403	-0.00014253906401945045 0.014603888527143569 -0.006807372380354046	-0.08798319571623142 0.006807372380348391 0.14240033031592284
0.04065123073436994 -0.00014253906168807794 0.08798319571696706	-0.00014253906168443936 0.014603888536008322 -0.006807372384537026	-0.08798319571696123 0.006807372384534938 0.1424003303728723
0.04065123073956776 -0.00014253906043691124 0.08798319571729729	-0.00014253906044149525 0.014603888540775394 -0.006807372386751602	-0.08798319571728476 0.006807372386744434 0.14240033040362543
0.040651230733043595 -0.00014253906197605852 0.08798319571683891	-0.00014253906197459832 0.014603888534792123 -0.006807372383961646	-0.08798319571682928 0.006807372383957136 0.14240033036509214
0.040651230723792856 -0.00014253906425420494 0.0879831957162284	-0.00014253906425297372 0.014603888526300667 -0.006807372379991503	-0.08798319571622418 0.0068073723799875405 0.1424003303108365
0.04065123072473631 -0.00014253906399441275 0.08798319571617734	-0.00014253906399566002 0.014603888527121198 -0.00680737238034617	-0.0879831957161693 0.0068073723803389954 0.14240033031603602
0.04065123073441762 -0.00014253906165929888 0.08798319571684868	-0.00014253906165877543 0.014603888536074043 -0.006807372384520068	-0.08798319571684189 0.00680737238451571 0.14240033037326086
0.040651230739525604 -0.00014253906044853258 0.08798319571740401	-0.00014253906044833092 0.014603888540758739 -0.006807372386760643	-0.08798319571739538 0.0068073723867575694 0.1424003304032822
0.04065123073306737 -0.00014253906202289172 0.0879831957169008	-0.00014253906202343208 0.014603888534804097 -0.006807372383964241	-0.08798319571688965 0.006807372383961056 0.1424003303649708
0.04065123072389704 -0.0001425390641750391 0.08798319571606943	-0.00014253906417572128 0.014603888526386617 -0.006807372379982496	-0.08798319571606109 0.006807372379977847 0.14240033031106464
0.04065123072473082 -0.00014253906398436957 0.08798319571614456	-0.0001425390639798992 0.014603888527144351 -0.006807372380337386	-0.08798319571613941 0.006807372380332043 0.14240033031587473
0.040651230739525486 -0.0001425390604335515 0.08798319571736135	-0.00014253906043237364 0.014603888540778253 -0.006807372386769539	-0.08798319571735357 0.006807372386766014 0.14240033040332206
0.040651230733044566 -0.0001425390619878733 0.08798319571675559	-0.0001425390619863914 0.014603888534776493 -0.0068073723839210815	-0.08798319571674866 0.006807372383917362 0.14240033036522218
0.040651230723848214 -0.00014253906422009247 0.0879831957160966	-0.0001425390642196575 0.014603888526314158 -0.0068073723799700475	-0.08798319571608935 0.00680737237996417 0.14240033031100793
0.04065123072463073 -0.00014253906402320656 0.08798319571623306	-0.00014253906402462036 0.01460388852710339 -0.0068073723803737315	-0.08798319571622386 0.006807372380369346 0.14240033031571164
0.040651230734356295 -0.00014253906167487063 0.08798319571692287	-0.00014253906167105944 0.01460388853602495 -0.006807372384558433	-0.0879831957169179 0.0068073723845557335 0.14240033037289793
0.040651230739620126 -0.00014253906044480206 0.08798319571734091	-0.00014253906044642273 0.014603888540783642 -0.006807372386750658	-0.08798319571733126 0.0068073723867416724 0.14240033040362088
0.040651230733011856 -0.00014253906200802947 0.08798319571687363	-0.00014253906200909112 0.014603888534765325 -0.006807372383957573	-0.08798319571686183 0.006807372383955672 0.14240033036492936
0.04065123072377841 -0.00014253906421863877 0.08798319571613798	-0.00014253906421597337 0.014603888526344486 -0.006807372379994382	-0.08798319571613342 0.006807372379990843 0.14240033031084587
0.04065123072472589 -0.0001425390639915652 0.08798319571617344	-0.00014253906399411438 0.014603888527113234 -0.00680737238035195	-0.08798319571616349 0.006807372380344241 0.14240033031597962
0.04065123073442796 -0.00014253906167932887 0.08798319571692169	-0.0001425390616756274 0.014603888536036804 -0.006807372384519152	-0.0879831957169166 0.006807372384514836 0.14240033037328084
0.040651230739530655 -0.0001425390604035499 0.08798319571735799	-0.00014253906040251254 0.01460388854076731 -0.006807372386765917	-0.08798319571735028 0.006807372386759131 0.142400330403351
0.040651230732992476 -0.00014253906201095118 0.08798319571685542	-0.00014253906201030196 0.0146038885347808 -0.006807372383965893	-0.08798319571684808 0.006807372383960876 0.14240033036486993
0.040651230723906015 -0.0001425390641785311 0.08798319571610838	-0.00014253906417971331 0.014603888526368543 -0.006807372379975522	-0.0879831957160968 0.006807372379971199 0.14240033031105034
0.040651230724776014 -0.0001425390639753707 0.0879831957161482	-0.00014253906397013443 0.01460388852717578 -0.006807372380323987	-0.0879831957161428 0.006807372380319789 0.14240033031604957
0.04065123073433499 -0.00014253906168721579 0.08798319571696853	-0.00014253906168881954 0.014603888536005055 -0.0068073723845717415	-0.08798319571695937 0.006807372384566093 0.14240033037273406
0.04065123073306091 -0.00014253906200820945 0.08798319571675978	-0.000142539062006643 0.014603888534795786 -0.0068073723839251615	-0.08798319571675625 0.006807372383922726 0.14240033036518054
0.04065123072386145 -0.00014253906419969386 0.08798319571609861	-0.00014253906420088128 0.01460388852634224 -0.0068073723799954855	-0.08798319571608669 0.006807372379992606 0.14240033031089872
0.04065123072463602 -0.00014253906405427112 0.08798319571623053	-0.00014253906405458077 0.014603888527079886 -0.006807372380344068	-0.08798319571622328 0.006807372380340397 0.14240033031584007
0.04065123073437621 -0.00014253906170388214 0.08798319571693192	-0.00014253906170222591 0.014603888536005917 -0.006807372384527013	-0.08798319571692542 0.006807372384523572 0.14240033037305763
0.04065123073956532 -0.0001425390604210151 0.08798319571730204	-0.00014253906042041142 0.014603888540758895 -0.006807372386764987	-0.08798319571729386 0.006807372386758992 0.14240033040345906
0.04065123073300514 -0.0001425390620182279 0.08798319571683452	-0.00014253906202130488 0.014603888534767207 -0.0068073723839552	-0.08798319571682314 0.006807372383950877 0.14240033036493507
0.04065123072385107 -0.00014253906424958234 0.0879831957161718	-0.00014253906424660685 0.01460388852635201 -0.00680737237996893	-0.0879831957161683 0.006807372379968375 0.1424003303109137
0.040651230724724555 -0.0001425390639969372 0.08798319571617996	-0.0001425390639997609 0.014603888527120523 -0.006807372380355503	-0.08798319571616793 0.006807372380352283 0.14240033031596172
0.04065123073442007 -0.00014253906167893161 0.08798319571684803	-0.00014253906167842854 0.01460388853607048 -0.006807372384505302	-0.0879831957168424 0.00680737238450093 0.14240033037327243
0.04065123073954341 -0.00014253906042976938 0.08798319571736747	-0.00014253906042960545 0.014603888540765877 -0.006807372386746613	-0.08798319571736142 0.0068073723867409855 0.14240033040337938
0.040651230733013924 -0.0001425390620222438 0.08798319571692118	-0.00014253906202103383 0.014603888534749511 -0.006807372383973102	-0.08798319571691421 0.006807372383971069 0.14240033036487734
0.04065123072393548 -0.0001425390641794878 0.08798319571609804	-0.00014253906418316368 0.01460388852638165 -0.0068073723799717475	-0.08798319571608666 0.006807372379965475 0.14240033031117336
0.0406512307247173 -0.00014253906400028653 0.08798319571612168	-0.00014253906399763067 0.014603888527147092 -0.006807372380316645	-0.08798319571611751 0.006807372380314841 0.14240033031598115
0.04065123073434894 -0.0001425390616843691 0.08798319571700812	-0.00014253906168522606 0.014603888535994704 -0.006807372384566433	-0.08798319571699842 0.006807372384560938 0.1424003303726904
0.04065123073958843 -0.0001425390604688822 0.087983195717398	-0.0001425390604703463 0.014603888540804416 -0.006807372386748348	-0.08798319571739036 0.006807372386743289 0.14240033040347994
0.04065123072390772 -0.00014253906421392163 0.08798319571610562	-0.0001425390642168095 0.014603888526359575 -0.006807372379967175	-0.08798319571609677 0.0068073723799648295 0.1424003303110176
0.04065123072462115 -0.00014253906401670265 0.08798319571620888	-0.00014253906401844475 0.014603888527099682 -0.006807372380367091	-0.08798319571620307 0.006807372380365238 0.14240033031573857
0.04065123073438119 -0.00014253906167918315 0.08798319571693758	-0.00014253906167844502 0.014603888536036582 -0.006807372384553839	-0.08798319571692728 0.00680737238455266 0.14240033037296745
0.04065123073955146 -0.00014253906043717839 0.08798319571728956	-0.00014253906043579928 0.014603888540728487 -0.006807372386734747	-0.087983195717285 0.006807372386729044 0.14240033040356384
0.040651230732987195 -0.00014253906200068292 0.0879831957168267	-0.0001425390620045739 0.014603888534744194 -0.006807372383947581	-0.08798319571681715 0.006807372383944611 0.1424003303649412
0.04065123072379585 -0.00014253906422921365 0.08798319571616287	-0.00014253906422733928 0.014603888526329836 -0.006807372379999704	-0.08798319571615713 0.006807372379997366 0.14240033031076965
0.04065123072470422 -0.00014253906401158999 0.08798319571614258	-0.0001425390640136465 0.014603888527115187 -0.006807372380354414	-0.08798319571613518 0.006807372380351874 0.14240033031594584
0.04065123073447267 -0.00014253906166366258 0.08798319571688959	-0.00014253906166370074 0.014603888536092277 -0.006807372384517105	-0.08798319571688003 0.0068073723845139475 0.1424003303733128
0.04065123073950484 -0.00014253906045034017 0.08798319571740021	-0.00014253906045018578 0.014603888540744953 -0.006807372386754225	-0.08798319571739502 0.006807372386751755 0.14240033040318095
0.04065123073298756 -0.0001425390620210026 0.0879831957168552	-0.0001425390620207398 0.014603888534771509 -0.006807372383964713	-0.08798319571684965 0.006807372383961764 0.1424003303648
0.040651230723930884 -0.0001425390641582188 0.08798319571609071	-0.00014253906416095965 0.014603888526393608 -0.006807372379988935	-0.08798319571607943 0.0068073723799834535 0.14240033031118263
0.040651230724735934 -0.00014253906400969307 0.08798319571620598	-0.00014253906400941985 0.014603888527126229 -0.006807372380337129	-0.0879831957161992 0.00680737238033529 0.14240033031604776
0.04065123073435177 -0.00014253906167474226 0.08798319571698426	-0.0001425390616735028 0.014603888535986678 -0.006807372384547053	-0.08798319571697621 0.006807372384543611 0.14240033037272765
0.040651230739517506 -0.00014253906043126168 0.08798319571734575	-0.000142539060434817 0.014603888540794436 -0.006807372386767374	-0.08798319571733854 0.0068073723867624475 0.1424003304034019
0.04065123073307275 -0.00014253906199543885 0.08798319571679332	-0.00014253906199185665 0.014603888534802732 -0.0068073723839309	-0.08798319571678855 0.00680737238392895 0.14240033036520341
0.040651230724633565 -0.00014253906402403836 0.08798319571625343	-0.00014253906402524573 0.014603888527085801 -0.006807372380354448	-0.08798319571624458 0.006807372380352179 0.14240033031571425
0.04065123073443514 -0.00014253906167771687 0.08798319571695934	-0.00014253906167805514 0.014603888536076044 -0.006807372384547546	-0.08798319571695135 0.0068073723845443815 0.14240033037315636
0.04065123073954491 -0.00014253906043601178 0.0879831957172994	-0.00014253906043525198 0.014603888540750402 -0.006807372386760338	-0.08798319571729524 0.006807372386754135 0.14240033040347344
0.040651230732990595 -0.0001425390619990835 0.08798319571683962	-0.00014253906200026962 0.014603888534756786 -0.006807372383962229	-0.08798319571682951 0.006807372383958413 0.14240033036477967
0.04065123072379272 -0.00014253906422962478 0.0879831957161611	-0.00014253906422763332 0.014603888526321393 -0.0068073723799967	-0.08798319571615669 0.006807372379991801 0.1424003303109307
0.040651230724715604 -0.00014253906402110928 0.08798319571615702	-0.00014253906401937542 0.014603888527114538 -0.006807372380346573	-0.08798319571615122 0.006807372380342347 0.14240033031611873
0.04065123073441155 -0.0001425390616564817 0.08798319571687478	-0.00014253906165784778 0.014603888536048293 -0.006807372384529997	-0.0879831957168616 0.00680737238452566 0.14240033037311547
0.040651230739493296 -0.00014253906043287063 0.08798319571735619	-0.0001425390604320011 0.014603888540762965 -0.00680737238676446	-0.08798319571735429 0.006807372386762253 0.14240033040322603
0.0406512307330479 -0.00014253906202388918 0.08798319571690032	-0.00014253906202226635 0.014603888534787945 -0.006807372383962763	-0.0879831957168925 0.006807372383955582 0.14240033036486308
0.0406512307239171 -0.00014253906417896521 0.08798319571610276	-0.00014253906417980872 0.014603888526387311 -0.006807372379982558	-0.08798319571609406 0.006807372379979068 0.14240033031113736
0.040651230724729134 -0.00014253906396932865 0.08798319571611883	-0.0001425390639703556 0.014603888527184795 -0.0068073723803454625	-0.08798319571611116 0.006807372380341008 0.14240033031612698
0.04065123073435251 -0.00014253906166998304 0.08798319571698321	-0.0001425390616668987 0.014603888535990043 -0.006807372384542314	-0.08798319571697658 0.0068073723845402875 0.1424003303727295
0.04065123073952078 -0.00014253906044921737 0.08798319571741804	-0.00014253906045229824 0.014603888540741797 -0.006807372386756251	-0.08798319571740723 0.006807372386750804 0.1424003304033658
0.04065123073310328 -0.00014253906195147966 0.0879831957167595	-0.00014253906194801758 0.014603888534837708 -0.006807372383943203	-0.08798319571675728 0.00680737238393838 0.1424003303653883
0.04065123072386269 -0.0001425390642055156 0.08798319571607054	-0.00014253906420600435 0.014603888526368923 -0.0068073723799828775	-0.08798319571606594 0.006807372379977333 0.14240033031107846
0.04065123073437224 -0.0001425390617004049 0.0879831957169285	-0.00014253906169861812 0.014603888536035491 -0.006807372384529983	-0.08798319571691922 0.006807372384525841 0.14240033037304184
0.04065123073956992 -0.00014253906043191523 0.08798319571734321	-0.00014253906043022561 0.014603888540748823 -0.006807372386763225	-0.08798319571733486 0.006807372386759145 0.14240033040348885
0.040651230733049604 -0.00014253906203426456 0.08798319571686193	-0.00014253906203449095 0.014603888534775983 -0.006807372383930824	-0.08798319571685366 0.00680737238392571 0.14240033036489996
0.04065123072380106 -0.00014253906424388074 0.08798319571615754	-0.0001425390642445859 0.014603888526328134 -0.006807372379992134	-0.08798319571615114 0.006807372379987894 0.14240033031083732
0.04065123072473435 -0.00014253906399818057 0.08798319571614972	-0.00014253906399386935 0.014603888527150893 -0.006807372380367216	-0.08798319571614444 0.006807372380364586 0.142400330316046
0.04065123073440882 -0.00014253906168398747 0.08798319571686816	-0.00014253906168665634 0.01460388853601369 -0.006807372384500042	-0.08798319571685517 0.006807372384495372 0.14240033037321304
0.04065123073948854 -0.00014253906046013398 0.08798319571735636	-0.0001425390604579105 0.014603888540707958 -0.006807372386715596	-0.0879831957173516 0.006807372386712557 0.14240033040321207
0.04065123073300292 -0.00014253906199888575 0.08798319571687171	-0.0001425390619990939 0.014603888534766253 -0.006807372383984024	-0.08798319571686222 0.006807372383977543 0.14240033036472824
0.04065123072390947 -0.00014253906419642564 0.08798319571606172	-0.0001425390641959989 0.014603888526386393 -0.00680737237997929	-0.0879831957160538 0.006807372379975293 0.14240033031112453
0.040651230724806295 -0.000142539063996458 0.08798319571616048	-0.00014253906399831545 0.014603888527188812 -0.006807372380323327	-0.08798319571614936 0.006807372380317929 0.14240033031619057
0.04065123073433507 -0.00014253906168818723 0.08798319571700801	-0.0001425390616848609 0.014603888535974104 -0.00680737238454468	-0.08798319571700065 0.006807372384544083 0.14240033037260508
0.04065123073950917 -0.00014253906045632713 0.08798319571735602	-0.0001425390604585402 0.014603888540759445 -0.0068073723867433655	-0.08798319571734482 0.006807372386735087 0.14240033040328026
0.04065123073311171 -0.00014253906198051893 0.0879831957167691	-0.0001425390619794139 0.01460388853482131 -0.006807372383928853	-0.0879831957167635 0.0068073723839248285 0.14240033036535638
0.040651230723889764 -0.00014253906422174913 0.08798319571614774	-0.00014253906421972384 0.014603888526346021 -0.006807372379996554	-0.08798319571614414 0.006807372379990441 0.14240033031112814
0.04065123072464819 -0.00014253906402993555 0.08798319571624579	-0.0001425390640320749 0.014603888527072362 -0.0068073723803456915	-0.08798319571623754 0.006807372380339134 0.14240033031570054
0.04065123073958633 -0.00014253906040953513 0.08798319571731333	-0.00014253906041070824 0.01460388854075162 -0.00680737238675283	-0.08798319571730397 0.00680737238674578 0.14240033040362943
0.04065123073299849 -0.00014253906199891697 0.0879831957168112	-0.0001425390619983584 0.01460388853478842 -0.006807372383952917	-0.0879831957168034 0.006807372383949864 0.14240033036496358
0.040651230723805776 -0.00014253906422782067 0.08798319571619238	-0.00014253906423157287 0.014603888526321218 -0.006807372379993154	-0.08798319571618117 0.006807372379987776 0.14240033031079458
0.04065123072478939 -0.00014253906401060987 0.08798319571616635	-0.00014253906400734035 0.014603888527179663 -0.006807372380338225	-0.08798319571616121 0.006807372380334173 0.14240033031624239
0.04065123073440309 -0.000142539061655538 0.08798319571685966	-0.00014253906165922602 0.014603888536043086 -0.006807372384531787	-0.08798319571684678 0.0068073723845289355 0.1424003303731166
0.04065123073949427 -0.00014253906043946605 0.08798319571737068	-0.00014253906043885196 0.014603888540734036 -0.006807372386746065	-0.08798319571735941 0.006807372386742956 0.14240033040309324
0.04065123073299609 -0.0001425390620228618 0.08798319571687076	-0.00014253906202058237 0.014603888534736856 -0.006807372383954062	-0.08798319571686257 0.006807372383950308 0.14240033036487226
0.040651230723921294 -0.00014253906418533815 0.08798319571607113	-0.0001425390641859618 0.014603888526398007 -0.006807372379987499	-0.08798319571606322 0.006807372379982281 0.14240033031129562
0.040651230724743026 -0.0001425390639831865 0.0879831957161466	-0.00014253906398342675 0.014603888527161147 -0.006807372380351118	-0.0879831957161353 0.00680737238034633 0.14240033031598284
0.04065123073431979 -0.00014253906169689598 0.08798319571697914	-0.00014253906169484163 0.014603888535969944 -0.006807372384543042	-0.08798319571697155 0.006807372384541488 0.14240033037259794
0.040651230739558196 -0.0001425390604494793 0.08798319571739649	-0.00014253906045105097 0.014603888540778761 -0.006807372386749021	-0.08798319571738367 0.006807372386744587 0.14240033040327726
0.04065123073309343 -0.00014253906199194121 0.08798319571679603	-0.0001425390619919798 0.01460388853482057 -0.006807372383945326	-0.08798319571678542 0.00680737238394364 0.1424003303652853
0.040651230723893345 -0.00014253906420805826 0.08798319571606958	-0.00014253906420513005 0.014603888526397803 -0.0068073723799856115	-0.08798319571606512 0.006807372379980879 0.1424003303112394
0.04065123072464069 -0.00014253906400697692 0.08798319571624391	-0.00014253906400858154 0.014603888527083574 -0.006807372380357078	-0.08798319571623317 0.006807372380351895 0.14240033031572166
0.04065123073436534 -0.00014253906170105888 0.08798319571699517	-0.00014253906170083337 0.014603888535986296 -0.006807372384533043	-0.08798319571698734 0.0068073723845291645 0.14240033037296307
