202
203
204
1552
1553
1554
244
245
246
1594
1595
1596
247
248
249
1597
1598
1599
250
251
252
1600
1601
1602
286
287
288
1636
1637
1638
289
290
291
1639
1640
1641
292
293
294
1642
1643
1644
295
296
297
1645
1646
1647
298
299
300
1648
1649
1650
328
329
330
1678
1679
1680
331
332
333
1681
1682
1683
334
335
336
1684
1685
1686
337
338
339
1687
1688
1689
340
341
342
1690
1691
1692
343
344
345
1693
1694
1695
346
347
348
1696
1697
1698
376
377
378
1726
1727
1728
379
380
381
1729
1730
1731
382
383
384
1732
1733
1734
385
386
387
1735
1736
1737
388
389
390
1738
1739
1740
424
425
426
1774
1775
1776
427
428
429
1777
1778
1779
430
431
432
1780
1781
1782
472
473
474
1822
1823
1824
874
875
876
2224
2225
2226
877
878
879
2227
2228
2229
916
917
918
2266
2267
2268
919
920
921
2269
2270
2271
922
923
924
2272
2273
2274
925
926
927
2275
2276
2277
958
959
960
2308
2309
2310
961
962
963
2311
2312
2313
964
965
966
2314
2315
2316
967
968
969
2317
2318
2319
970
971
972
2320
2321
2322
973
974
975
2323
2324
2325
1003
1004
1005
2353
2354
2355
1006
1007
1008
2356
2357
2358
1009
1010
1011
2359
2360
2361
1012
1013
1014
2362
2363
2364
1015
1016
1017
2365
2366
2367
1018
1019
1020
2368
2369
2370
1051
1052
1053
2401
2402
2403
1054
1055
1056
2404
2405
2406
1057
1058
1059
2407
2408
2409
1060
1061
1062
2410
2411
2412
1099
1100
1101
2449
2450
2451
1102
1103
1104
2452
2453
2454