0.6551234477975366
0.6534144203790025
0.6783099835757256
0.6553156703032782
0.6537713076693215
0.6760166518272086
0.6558649326945035
0.6533394193884856
0.6763186849409005
0.655214122856039
0.6539137384138949
0.6757830523817102
0.6554774531956871
0.6539502648668605
0.6761439516886008
0.6549855661651052
0.6539017167899729
0.6757634659924554
0.6561487501116932
0.6547830253468484
0.6767290050177054
0.6556495917040005
0.6553240508961469
0.6763972027924183
0.6558115915516267
0.6540720531701469
0.676126660642322
0.6557613027621234
0.6549738751074305
0.6751648093585509
0.6548593799478482
0.6558360934570899
0.6754955816955062
0.6552629864674049
0.65427509870508
0.6761879090930198
0.6552048111428662
0.653497569470113
0.6769724316974693
0.6549911971221392
0.6540790363547919
0.6778380612602131
0.6546805180478867
0.6534814162358781
0.678982809553637
0.6553446025251264
0.6538410011402
0.6763692841172455
0.6561159262235002
0.6548006179464945
0.6759555710239613
0.6552812019382575
0.65430868327667
0.6761844071945262
0.6555509380457885
0.6535611578247039
0.6769551005113414
0.65500545063978
0.6544124916160781
0.6768440506307263
0.6544768499312026
0.6548492082444335
0.6752927210069517
0.6554551628490908
0.6546673725729673
0.676659508642039
0.65598613771426
0.6540793915953549
0.677320870865924
0.6558276578440508
0.6559720836522188
0.6763077520739535
0.6554815934519438
0.6549785984233945
0.6768463833519669
0.6554579872330211
0.6546706969689259
0.6776181523006672
0.6555144176305032
0.654677440131052
0.6769314384905833
0.6569669437722689
0.6562488135807023
0.6764951070719882
0.6556847026034903
0.6533898453604534
0.6769581959152473
0.6553447363543866
0.6539996248952572
0.6767111281019655
0.6555566768701064
0.6539114657027283
0.6764056204983169
0.65557753284052
0.6540948496416723
0.675224627314547
0.6554674213182079
0.6535648535428336
0.6771471446509659
0.6549638226805568
0.6559489812293844
0.6771649871502281
0.6538987233780293
0.6539641005723895
0.6759685609858195
0.6551150679907707
0.654280385002737
0.6742572778261371
0.6556786704162432
0.654475553789249
0.6768835367615254
0.6559634963721748
0.6576293461384324
0.6756158489065122
0.6559127276967315
0.6546899121460185
0.6764936316733252
0.6549692819073065
0.6532996967565805
0.677346046621208
0.6547348779176583
0.6536250966266915
0.678031805299929
0.6553657731506701
0.6544594922996946
0.6771731181995502
0.6559051446296019
0.654800959148868
0.676370087636585
0.6555159682649863
0.6544955990077115
0.6762226565087051
0.6560006892964778
0.6541096521002612
0.6764504641750317
0.6554199490339065
0.6536984410189827
0.67562437582536
0.655104122775504
0.6534026581812038
0.6757310204819871
0.6550503059007995
0.6553771904161205
0.6765653075847542
0.6543792763654712
0.6530292732104703
0.676037751994185
0.6532026225323928
0.6530827190166567
0.6748783990209442
0.6551587388422817
0.6538836768734979
0.674788216926312
0.6545384675866003
0.6546167852718975
0.6757308908943416
0.6561414310922602
0.6532730999442855
0.6767078706840659
0.6548054198415072
0.6537519241831247
0.6774853110684744
0.6546524902678711
0.6512585928207816
0.676905991681599
0.6546419179003516
0.6516515070116935
0.6791867959719149
0.655634224483729
0.6526969035918591
0.6772936978019984
0.6554462585773354
0.6541287666608646
0.6769413281293064
0.6554580008472498
0.6552936655205824
0.6756815451600917
0.6552218937040598
0.6543917517091948
0.6757598881163948
0.6549386095559439
0.6542000333766818
0.6756801553021974
0.6547497720953559
0.6541688257104299
0.6757137124372652
0.6543577024457916
0.653493556381054
0.6756249545104274
0.6529996120466832
0.6530829658998626
0.6748165654725979
0.6545725831819326
0.6528394304779637
0.6757221315941118
0.6558727710176921
0.6536814632309934
0.6744983203361773
0.6560615252422788
0.6545207991949138
0.6805557865707813
0.6559775575797465
0.6548403340116347
0.6821090846444835
0.6557222324494187
0.653590238270177
0.6774353707169978
0.6546152902244309
0.6534706450805358
0.6764225960852923
0.654275406766444
0.6512169205195864
0.6768775372354381
0.6546037461651242
0.6528109019371358
0.6766310316428716
0.6554966192175198
0.6536215968099018
0.6767504279306472
0.6552851352487885
0.6549388476516984
0.675479959278126
0.6546890021899763
0.6537969950917227
0.6754020734772901
0.6544550328724593
0.6536930864055353
0.6758135702662968
0.6550837863667871
0.6538166082342921
0.6750299833142617
0.6546129762013996
0.6541599098861589
0.6743133990530157
0.6555577526833565
0.6536725746712396
0.6746831637425909
0.6549628318698428
0.6540350139204925
0.6745694368134947
0.6584530085590059
0.6548214038441339
0.681500966269299
0.6572195472175839
0.6558456698762655
0.6876766910424938
0.6595636665672855
0.6542294199605796
0.6888913444750309
0.6564980907033517
0.6568944450591014
0.6870704315981295
0.6551355913146059
0.654693006793883
0.6775788030303357
0.6540328735496443
0.6539715269324857
0.6776137606625985
0.6552152020345612
0.6544615194816336
0.6763154523812019
0.6557259099331949
0.655686426514041
0.6763033676257033
0.6556389618470841
0.654480847931592
0.6763390801350138
0.655679499236923
0.6545360377131142
0.6763335832252859
0.6561715344856928
0.6548713340528493
0.6765159292676546
0.6549851514618048
0.6548386814946975
0.6757487320080253
0.6563375364502809
0.6537378722464753
0.6763244536619164
0.6548721548465107
0.654415218093122
0.6757788783778084
0.6554277201774998
0.6551347545468001
0.6802130237685526
0.6561783111117787
0.6575463518237102
0.6876049077935493
0.6804768796679357
0.6649329662614222
0.7044587854743316
0.6664375580111909
0.6828938936845543
0.7109914798948617
0.6581506371444596
0.6557944125884916
0.6890376802830818
0.6562800173384495
0.6549473151856939
0.6829897197478718
0.6556045463922617
0.6538448958515667
0.6764650229383622
0.6560497306406314
0.6574737087059128
0.6753079829061676
0.6557260055260528
0.6538992621417756
0.6766958443412028
0.6561127193346175
0.6555396066131461
0.6763735729880425
0.6554629634424491
0.6542739573768972
0.6777306761466251
0.6561127193346175
0.6555396066131461
0.6763735729880427
0.655726005526053
0.6538992621417757
0.6766958443412024
0.6560497306406312
0.657473708705913
0.6753079829061676
0.6556045463922618
0.6538448958515664
0.6764650229383624
0.6562800173384493
0.6549473151856939
0.6829897197478716
0.6581506371444595
0.655794412588491
0.6890376802830814
0.666437558011191
0.682893893684554
0.7109914798948616
0.6804768796679357
0.6649329662614221
0.7044587854743315
0.6561783111117785
0.6575463518237104
0.6876049077935493
0.6554277201775001
0.6551347545467998
0.6802130237685524
0.6548721548465107
0.6544152180931222
0.6757788783778087
0.6563375364502808
0.6537378722464754
0.6763244536619164
0.6549851514618048
0.6548386814946975
0.6757487320080254
0.6561715344856923
0.6548713340528496
0.676515929267655
0.6554629634424487
0.654273957376897
0.6777306761466249
0.6556389618470846
0.6544808479315918
0.6763390801350142
0.6557259099331949
0.655686426514041
0.6763033676257033
0.6552152020345612
0.6544615194816332
0.6763154523812018
0.6540328735496446
0.6539715269324857
0.6776137606625987
0.6551355913146064
0.654693006793883
0.6775788030303357
0.6564980907033517
0.6568944450591014
0.6870704315981293
0.6595636665672857
0.6542294199605796
0.6888913444750306
0.6572195472175844
0.6558456698762654
0.6876766910424938
0.658453008559006
0.654821403844134
0.6815009662692992
0.654962831869843
0.6540350139204927
0.6745694368134947
0.6555577526833573
0.6536725746712395
0.6746831637425912
0.6546129762013995
0.654159909886159
0.674313399053016
0.6550837863667872
0.6538166082342922
0.6750299833142618
0.6544550328724592
0.653693086405535
0.6758135702662968
0.655679499236923
0.6545360377131144
0.6763335832252861
0.6552851352487885
0.6549388476516983
0.6754799592781259
0.6554966192175196
0.6536215968099016
0.6767504279306472
0.654603746165124
0.6528109019371355
0.6766310316428715
0.6542754067664439
0.6512169205195861
0.6768775372354382
0.654615290224431
0.6534706450805355
0.6764225960852924
0.655722232449419
0.6535902382701766
0.6774353707169978
0.6559775575797465
0.6548403340116349
0.6821090846444837
0.656061525242279
0.6545207991949133
0.6805557865707812
0.6558727710176921
0.6536814632309935
0.6744983203361776
0.6545725831819325
0.6528394304779638
0.6757221315941118
0.6529996120466834
0.6530829658998627
0.6748165654725978
0.6543577024457917
0.6534935563810536
0.6756249545104278
0.6547497720953563
0.6541688257104298
0.6757137124372652
0.654938609555944
0.654200033376682
0.6756801553021974
0.6546890021899763
0.6537969950917227
0.6754020734772903
0.6554580008472501
0.6552936655205824
0.6756815451600918
0.6554462585773355
0.6541287666608644
0.6769413281293066
0.6556342244837288
0.6526969035918592
0.6772936978019981
0.654641917900352
0.6516515070116935
0.6791867959719143
0.654652490267871
0.6512585928207817
0.6769059916815992
0.6548054198415074
0.6537519241831244
0.677485311068474
0.6561414310922605
0.6532730999442855
0.6767078706840659
0.6545384675866
0.6546167852718973
0.6757308908943418
0.6551587388422815
0.6538836768734977
0.6747882169263124
0.6532026225323933
0.6530827190166567
0.6748783990209439
0.6543792763654712
0.6530292732104703
0.6760377519941848
0.6550503059007997
0.6553771904161202
0.6765653075847542
0.6551041227755035
0.653402658181204
0.6757310204819866
0.6554199490339067
0.6536984410189829
0.6756243758253598
0.6552218937040597
0.6543917517091948
0.6757598881163946
0.6555159682649863
0.6544955990077113
0.6762226565087051
0.6559051446296016
0.6548009591488678
0.676370087636585
0.6553657731506703
0.6544594922996947
0.6771731181995502
0.654734877917658
0.6536250966266917
0.6780318052999291
0.6549692819073065
0.6532996967565803
0.6773460466212078
0.6559127276967318
0.6546899121460182
0.6764936316733251
0.6559634963721748
0.6576293461384328
0.6756158489065126
0.6556786704162431
0.654475553789249
0.6768835367615252
0.6551150679907709
0.6542803850027367
0.6742572778261371
0.6538987233780296
0.6539641005723892
0.6759685609858193
0.6549638226805572
0.6559489812293844
0.6771649871502284
0.6554674213182078
0.6535648535428336
0.6771471446509658
0.65557753284052
0.6540948496416725
0.675224627314547
0.6555566768701065
0.6539114657027283
0.6764056204983167
0.6560006892964785
0.6541096521002612
0.6764504641750317
0.6556847026034902
0.6533898453604534
0.676958195915247
0.6569669437722689
0.656248813580702
0.6764951070719878
0.655514417630503
0.654677440131052
0.6769314384905832
0.655457987233021
0.6546706969689253
0.677618152300667
0.6554815934519436
0.6549785984233942
0.6768463833519669
0.6558276578440512
0.6559720836522186
0.6763077520739533
0.65598613771426
0.6540793915953551
0.6773208708659241
0.655455162849091
0.6546673725729673
0.6766595086420388
0.6544768499312028
0.6548492082444335
0.6752927210069515
0.65500545063978
0.6544124916160778
0.6768440506307258
0.6555509380457885
0.653561157824704
0.6769551005113417
0.6552812019382573
0.65430868327667
0.676184407194526
0.6561159262234999
0.6548006179464947
0.6759555710239611
0.6553446025251263
0.6538410011402
0.6763692841172448
0.6553447363543868
0.6539996248952571
0.6767111281019655
0.6549911971221392
0.6540790363547921
0.677838061260213
0.6552048111428663
0.6534975694701132
0.6769724316974692
0.6552629864674048
0.65427509870508
0.6761879090930197
0.6548593799478483
0.6558360934570899
0.6754955816955057
0.655761302762123
0.6549738751074304
0.675164809358551
0.6558115915516265
0.6540720531701472
0.6761266606423225
0.6556495917040007
0.6553240508961465
0.6763972027924187
0.6561487501116932
0.6547830253468483
0.676729005017705
0.6549855661651052
0.6539017167899728
0.6757634659924555
0.6554774531956871
0.65395026486686
0.6761439516886008
0.6552141228560389
0.6539137384138951
0.6757830523817101
0.6558649326945032
0.6533394193884857
0.676318684940901
0.6553156703032783
0.6537713076693213
0.6760166518272084
0.6551234477975368
0.6534144203790024
0.6783099835757258
0.654680518047887
0.653481416235878
0.678982809553637
0.6549641915162863
0.65293381809964
0.6803403873527345
0.6548951919273805
0.6536379163153463
0.6774414417737111
0.6555358184911384
0.6540914143144498
0.6764865279618193
0.6554333454041414
0.6541838684280346
0.6758409625274948
0.6550895921714024
0.6540696878185925
0.6757831334685158
0.6560875505003221
0.6543419167253243
0.676172205143662
0.6559500741558233
0.6539388296458319
0.6780558359225108
0.6559500741558233
0.6539388296458324
0.6780558359225106
0.6560875505003221
0.6543419167253244
0.6761722051436618
0.6550895921714028
0.654069687818593
0.6757831334685157
0.6554333454041414
0.6541838684280346
0.6758409625274953
0.6555358184911384
0.6540914143144497
0.6764865279618193
0.6548951919273808
0.6536379163153461
0.6774414417737109
0.654964191516286
0.6529338180996405
0.6803403873527348
0.6547750446703318
0.6529201785323051
0.6791933666071033