0.6551234477662322
0.6534144203330697
0.6783099837114696
0.655315670298855
0.6537713074257536
0.6760166522031079
0.6558649326645256
0.6533394191955451
0.6763186852117737
0.6552141227540029
0.653913738205999
0.675783052735424
0.6554774531410855
0.65395026477802
0.676143951802614
0.6549855661062005
0.6539017168013932
0.6757634658227666
0.6561487500517444
0.6547830253340662
0.6767290050680013
0.6556495916770682
0.6553240506371294
0.6763972033281862
0.6558115914864266
0.6540720532327333
0.6761266608736145
0.6557613026927418
0.6549738753587029
0.6751648089942388
0.6548593798695301
0.6558360936956051
0.6754955813639856
0.6552629864538222
0.6542750984832822
0.676187909466107
0.6552048110887121
0.6534975693815286
0.6769724320255186
0.6549911970396503
0.6540790365222626
0.6778380610769934
0.6546805179773011
0.653481416400637
0.6789828092604455
0.6553446024805405
0.6538410008558473
0.6763692844374133
0.6561159261594884
0.6548006175440577
0.6759555713346308
0.6552812018646654
0.654308682890167
0.6761844078556664
0.6555509380034271
0.6535611578201327
0.6769551006004757
0.6550054505881415
0.6544124918090444
0.6768440500105071
0.6544768498243995
0.6548492082714712
0.6752927209665407
0.6554551627976732
0.6546673721816911
0.6766595095109982
0.6559861376094924
0.6540793915145324
0.6773208712691188
0.6558276577615967
0.6559720841225616
0.6763077514067837
0.6554815933164154
0.6549785987732428
0.6768463827991753
0.6554579872128241
0.6546706968553708
0.6776181527597473
0.6555144176023513
0.6546774398407138
0.6769314390983681
0.6569669437486694
0.6562488136312177
0.6764951069624696
0.6556847024710111
0.6533898453637146
0.6769581957548736
0.6553447362851444
0.6539996247829696
0.6767111282322364
0.6555566768087928
0.6539114654741921
0.6764056208457261
0.655577532822736
0.6540948492852579
0.6752246280997859
0.6554674212617906
0.6535648536013318
0.6771471446990109
0.654963822649402
0.6559489815107262
0.677164986204644
0.6538987232481878
0.6539641005940025
0.6759685608385528
0.6551150679595558
0.654280384579984
0.6742572788731773
0.6556786702747806
0.6544755535075018
0.6768835373539295
0.6559634963047574
0.6576293465148426
0.6756158481460757
0.655912727575164
0.6546899123347303
0.6764936312645908
0.6549692818669037
0.6532996966264775
0.6773460471912912
0.6547348778641451
0.6536250962999401
0.6780318059413979
0.6553657731189382
0.6544594922072162
0.6771731181680662
0.6559051444984473
0.6548009590072366
0.6763700876790169
0.6555159681692166
0.6544955989097951
0.6762226566587435
0.6560006892305761
0.6541096520577658
0.6764504641520448
0.6554199490160583
0.6536984407392147
0.6756243764380403
0.6551041227383284
0.6534026581163048
0.6757310205860972
0.6550503058692918
0.6553771907555954
0.676565306871187
0.6543792762719809
0.6530292733366265
0.6760377518271531
0.6532026225459707
0.6530827188700414
0.6748783996390374
0.6551587387877957
0.6538836766152484
0.6747882172564197
0.6545384675912823
0.6546167854564924
0.6757308906187032
0.6561414310258775
0.6532730999032854
0.6767078706756076
0.654805419765796
0.6537519239143457
0.6774853115331986
0.6546524902393865
0.6512585925796168
0.6769059919500408
0.6546419178893174
0.6516515068230271
0.6791867959857294
0.655634224432001
0.6526969034283767
0.6772936980420757
0.6554462585215679
0.6541287666085149
0.6769413282674934
0.6554580007581479
0.6552936657536381
0.675681544866364
0.6552218936292312
0.6543917516667048
0.675759888222456
0.6549386095114735
0.6542000332014188
0.6756801555340053
0.6547497720464508
0.654168825825205
0.6757137122733743
0.6543577024238438
0.6534935565076276
0.6756249544135906
0.6529996120060106
0.6530829658235711
0.6748165657978775
0.6545725831023949
0.6528394303700802
0.6757221317878854
0.6558727710240251
0.6536814631760279
0.674498320308945
0.6560615251833184
0.6545207990252009
0.680555786761369
0.6559775574837506
0.6548403337359354
0.6821090850954821
0.6557222324235192
0.6535902381685506
0.6774353708085954
0.654615290213086
0.6534706450620433
0.6764225959535524
0.6542754067462013
0.6512169203570416
0.6768775374483248
0.6546037461230885
0.652810901821697
0.6766310319449813
0.6554966191155144
0.6536215970376719
0.676750427690429
0.6552851351453544
0.6549388479170877
0.6754799590380871
0.6546890021718094
0.6537969950021603
0.6754020737302612
0.6544550328178746
0.653693086284035
0.6758135704836175
0.6550837863906946
0.6538166082426189
0.6750299833534013
0.6546129761000881
0.6541599096191739
0.6743133993795957
0.6555577525724343
0.6536725745486611
0.6746831638954769
0.6549628318837079
0.6540350139032223
0.6745694367253826
0.6584530084700961
0.6548214035922977
0.6815009665807514
0.6572195471646117
0.6558456695420083
0.6876766916463726
0.6595636664903712
0.6542294200605181
0.6888913444868476
0.6564980906788261
0.6568944452742354
0.6870704309986244
0.655135591212177
0.6546930066478149
0.6775788031285959
0.6540328735312984
0.6539715266080158
0.6776137613485484
0.6552152018897246
0.6544615195635741
0.6763154524396604
0.6557259098917154
0.6556864269847731
0.6763033670805214
0.6556389617675658
0.6544808480092897
0.6763390800272124
0.6556794992216051
0.654536037484545
0.6763335835670787
0.656171534474782
0.6548713339686717
0.6765159294316188
0.6549851513423126
0.6548386812404892
0.6757487323407518
0.6563375363698569
0.6537378721521159
0.6763244537329559
0.6548721548577773
0.654415218307962
0.6757788780545806
0.6554277200861907
0.6551347542581567
0.6802130241663966
0.6561783111023467
0.6575463514147156
0.6876049087048539
0.6804768795528907
0.6649329664131604
0.7044587853463791
0.6664375580129724
0.682893894319214
0.7109914786912352
0.6581506370484407
0.6557944126646373
0.6890376802090763
0.6562800173450418
0.6549473147688756
0.6829897207307424
0.6556045462369411
0.6538448957179651
0.6764650232723431
0.6560497305990076
0.6574737091342083
0.675307982261524
0.6557260054103855
0.6538992621722026
0.6766958442416573
0.6561127192923502
0.6555396063748481
0.6763735734012433
0.6554629633974587
0.6542739571928795
0.6777306764177375
0.6561127192923499
0.6555396063748486
0.6763735734012432
0.6557260054103855
0.6538992621722026
0.6766958442416569
0.6560497305990075
0.657473709134208
0.6753079822615233
0.6556045462369409
0.6538448957179654
0.6764650232723437
0.656280017345042
0.6549473147688755
0.6829897207307425
0.6581506370484402
0.6557944126646372
0.6890376802090769
0.6664375580129723
0.6828938943192135
0.7109914786912352
0.680476879552891
0.6649329664131596
0.7044587853463791
0.6561783111023463
0.6575463514147151
0.6876049087048532
0.6554277200861907
0.6551347542581567
0.6802130241663964
0.6548721548577776
0.6544152183079618
0.6757788780545804
0.6563375363698575
0.6537378721521159
0.6763244537329562
0.6549851513423132
0.6548386812404894
0.6757487323407516
0.6561715344747825
0.6548713339686711
0.6765159294316186
0.6554629633974582
0.6542739571928795
0.6777306764177375
0.6556389617675658
0.6544808480092902
0.676339080027212
0.655725909891715
0.6556864269847736
0.6763033670805216
0.6552152018897249
0.6544615195635739
0.6763154524396604
0.6540328735312981
0.6539715266080159
0.677613761348548
0.6551355912121768
0.6546930066478145
0.6775788031285959
0.656498090678826
0.6568944452742351
0.6870704309986247
0.659563666490371
0.6542294200605184
0.6888913444868482
0.6572195471646118
0.6558456695420081
0.6876766916463721
0.6584530084700961
0.6548214035922975
0.6815009665807514
0.6549628318837082
0.6540350139032223
0.6745694367253825
0.6555577525724346
0.6536725745486609
0.6746831638954767
0.6546129761000881
0.6541599096191737
0.6743133993795958
0.6550837863906944
0.6538166082426182
0.675029983353401
0.6544550328178744
0.6536930862840352
0.6758135704836177
0.6556794992216051
0.6545360374845454
0.6763335835670787
0.6552851351453544
0.6549388479170877
0.6754799590380876
0.6554966191155142
0.6536215970376715
0.6767504276904296
0.6546037461230887
0.652810901821697
0.6766310319449818
0.6542754067462012
0.6512169203570417
0.6768775374483251
0.6546152902130864
0.6534706450620436
0.6764225959535523
0.6557222324235191
0.6535902381685506
0.6774353708085947
0.6559775574837505
0.6548403337359356
0.6821090850954816
0.6560615251833186
0.6545207990252011
0.6805557867613685
0.6558727710240255
0.6536814631760282
0.6744983203089449
0.6545725831023952
0.6528394303700806
0.6757221317878852
0.6529996120060103
0.6530829658235711
0.674816565797878
0.6543577024238438
0.6534935565076274
0.6756249544135904
0.6547497720464512
0.6541688258252054
0.675713712273374
0.6549386095114738
0.6542000332014188
0.6756801555340053
0.6546890021718095
0.6537969950021607
0.6754020737302613
0.655458000758148
0.6552936657536381
0.6756815448663638
0.6554462585215677
0.6541287666085145
0.6769413282674932
0.6556342244320013
0.6526969034283767
0.6772936980420763
0.6546419178893175
0.6516515068230274
0.6791867959857296
0.6546524902393871
0.6512585925796172
0.6769059919500406
0.6548054197657956
0.6537519239143458
0.677485311533199
0.6561414310258777
0.6532730999032856
0.6767078706756073
0.6545384675912829
0.6546167854564922
0.6757308906187025
0.6551587387877956
0.653883676615248
0.6747882172564199
0.6532026225459713
0.6530827188700417
0.6748783996390372
0.6543792762719813
0.6530292733366265
0.6760377518271532
0.6550503058692919
0.6553771907555949
0.6765653068711868
0.6551041227383284
0.6534026581163044
0.6757310205860976
0.6554199490160579
0.6536984407392146
0.6756243764380403
0.6552218936292309
0.6543917516667046
0.6757598882224557
0.6555159681692166
0.6544955989097947
0.6762226566587439
0.6559051444984467
0.6548009590072358
0.6763700876790169
0.6553657731189377
0.6544594922072158
0.6771731181680665
0.6547348778641454
0.6536250962999407
0.6780318059413981
0.6549692818669033
0.6532996966264772
0.6773460471912913
0.6559127275751637
0.6546899123347303
0.6764936312645915
0.6559634963047574
0.6576293465148426
0.675615848146076
0.6556786702747807
0.6544755535075018
0.6768835373539294
0.6551150679595561
0.6542803845799839
0.6742572788731778
0.6538987232481875
0.6539641005940023
0.6759685608385524
0.654963822649402
0.6559489815107262
0.677164986204644
0.6554674212617904
0.6535648536013315
0.6771471446990112
0.6555775328227363
0.6540948492852575
0.6752246280997858
0.6555566768087933
0.6539114654741924
0.6764056208457264
0.6560006892305761
0.6541096520577662
0.6764504641520444
0.6556847024710106
0.6533898453637148
0.6769581957548739
0.6569669437486694
0.6562488136312179
0.6764951069624696
0.6555144176023515
0.6546774398407141
0.6769314390983678
0.6554579872128239
0.6546706968553706
0.6776181527597478
0.6554815933164152
0.6549785987732424
0.676846382799175
0.6558276577615962
0.6559720841225616
0.6763077514067841
0.6559861376094921
0.6540793915145329
0.6773208712691187
0.6554551627976735
0.6546673721816908
0.6766595095109982
0.6544768498243994
0.6548492082714712
0.6752927209665408
0.6550054505881413
0.6544124918090444
0.676844050010507
0.6555509380034271
0.6535611578201328
0.6769551006004765
0.6552812018646647
0.6543086828901667
0.6761844078556668
0.6561159261594887
0.6548006175440575
0.6759555713346306
0.6553446024805403
0.6538410008558477
0.6763692844374135
0.6553447362851448
0.6539996247829698
0.6767111282322366
0.6549911970396503
0.6540790365222627
0.6778380610769935
0.6552048110887123
0.653497569381529
0.6769724320255189
0.655262986453822
0.6542750984832821
0.6761879094661066
0.6548593798695305
0.6558360936956052
0.675495581363986
0.6557613026927419
0.6549738753587031
0.6751648089942386
0.6558115914864269
0.6540720532327329
0.6761266608736152
0.6556495916770682
0.6553240506371287
0.676397203328186
0.6561487500517443
0.6547830253340661
0.6767290050680016
0.6549855661062012
0.653901716801393
0.675763465822766
0.6554774531410852
0.6539502647780204
0.6761439518026138
0.6552141227540028
0.6539137382059991
0.6757830527354245
0.6558649326645261
0.6533394191955453
0.6763186852117739
0.6553156702988546
0.6537713074257535
0.6760166522031074
0.6551234477662324
0.6534144203330696
0.6783099837114699
0.6546805179773008
0.6534814164006363
0.6789828092604453
0.6549641914594686
0.6529338182307662
0.6803403872269327
0.6548951918989563
0.6536379161147935
0.6774414419651621
0.6555358184785047
0.6540914142757106
0.676486528083277
0.6554333453610484
0.6541838684071853
0.6758409625491153
0.6550895921042863
0.654069687743678
0.6757831336535975
0.656087550443039
0.6543419164739949
0.6761722053693364
0.6559500740782933
0.6539388295273585
0.6780558359992317
0.6559500740782941
0.6539388295273583
0.678055835999231
0.6560875504430388
0.6543419164739948
0.6761722053693364
0.6550895921042864
0.6540696877436779
0.6757831336535973
0.655433345361048
0.6541838684071855
0.6758409625491157
0.6555358184785047
0.6540914142757102
0.676486528083277
0.6548951918989558
0.6536379161147936
0.677441441965162
0.654964191459469
0.6529338182307658
0.6803403872269327
0.6547750446066889
0.6529201787550089
0.6791933664253252