0.025573346387250277 -0.0017487558512707165 0.10644082979230728	-0.0017487558626886552 0.014832900359033178 -0.017449727903020865	-0.10644082966758349 0.017449727493193457 0.019578748416708557
0.025573346387259784 -0.0017487558512085436 0.10644082979231775	-0.0017487558626288432 0.014832900359016531 -0.01744972790301918	-0.10644082966759257 0.017449727493192332 0.019578748416649604
0.025573346387162233 -0.0017487558512273007 0.10644082979230672	-0.0017487558626463956 0.014832900358902326 -0.017449727902992738	-0.10644082966757884 0.017449727493162856 0.019578748416547873
0.02557334638717846 -0.0017487558511987758 0.10644082979229551	-0.0017487558626180077 0.014832900358848574 -0.01744972790299342	-0.1064408296675684 0.017449727493163224 0.019578748416453476
0.025573346387167458 -0.0017487558511901148 0.10644082979231625	-0.0017487558626076462 0.014832900358904326 -0.017449727903020115	-0.10644082966758615 0.017449727493190917 0.01957874841658973
0.025573346387149684 -0.001748755851183413 0.10644082979230612	-0.0017487558625990524 0.014832900358869899 -0.017449727903013905	-0.10644082966758366 0.017449727493180113 0.01957874841658156
0.025573346387240785 -0.0017487558511632291 0.10644082979232483	-0.00174875586258614 0.014832900358875713 -0.017449727902992408	-0.10644082966758918 0.017449727493165944 0.019578748416623333
0.025573346387252095 -0.0017487558512097028 0.10644082979231047	-0.0017487558626294517 0.014832900358925375 -0.0174497279029975	-0.10644082966757831 0.017449727493167425 0.01957874841658879
0.025573346387233666 -0.0017487558512050052 0.10644082979230016	-0.0017487558626205265 0.014832900358970919 -0.01744972790301424	-0.1064408296675834 0.017449727493181053 0.01957874841662907
0.025573346387149115 -0.0017487558511773823 0.10644082979231935	-0.001748755862601115 0.014832900358889572 -0.017449727903018818	-0.10644082966757852 0.017449727493190823 0.019578748416601822
0.025573346387180767 -0.0017487558511687673 0.10644082979228907	-0.0017487558625860393 0.014832900358792755 -0.017449727902982902	-0.10644082966756101 0.017449727493150616 0.019578748416456234
0.025573346387275486 -0.0017487558511713776 0.10644082979230811	-0.0017487558625889797 0.014832900358910214 -0.017449727902997682	-0.10644082966758069 0.017449727493166676 0.019578748416578737
0.025573346387218927 -0.0017487558512117038 0.10644082979231817	-0.0017487558626361312 0.014832900358998369 -0.017449727903032404	-0.1064408296675858 0.01744972749320556 0.019578748416663898
0.02557334638715049 -0.0017487558512678603 0.10644082979230718	-0.001748755862684673 0.014832900358944997 -0.017449727903002366	-0.10644082966758396 0.0174497274931684 0.019578748416609164
0.02557334638720986 -0.0017487558512674865 0.10644082979231353	-0.001748755862686164 0.01483290035893786 -0.017449727902993123	-0.10644082966758521 0.01744972749316483 0.01957874841654254
0.025573346387299377 -0.0017487558512099101 0.10644082979230757	-0.0017487558626261088 0.014832900359023425 -0.017449727903016878	-0.10644082966759107 0.017449727493180973 0.019578748416675798
0.025573346387282925 -0.0017487558512364614 0.10644082979231392	-0.0017487558626582541 0.014832900359025031 -0.017449727903015137	-0.10644082966757387 0.017449727493195885 0.0195787484167024
0.025573346387233357 -0.0017487558511988018 0.10644082979229619	-0.001748755862617025 0.014832900358891024 -0.01744972790298206	-0.10644082966757623 0.01744972749315205 0.019578748416449174
0.02557334638710551 -0.001748755851242535 0.10644082979230304	-0.0017487558626609378 0.014832900358908122 -0.01744972790300618	-0.10644082966758 0.01744972749317331 0.01957874841659034
0.025573346387159652 -0.0017487558512180625 0.1064408297923148	-0.0017487558626371924 0.014832900358938951 -0.017449727903022814	-0.10644082966758141 0.017449727493196565 0.019578748416640458
0.025573346387250284 -0.0017487558511848703 0.10644082979232525	-0.0017487558626008886 0.014832900358897456 -0.017449727902996225	-0.10644082966759927 0.017449727493167855 0.019578748416598228
0.02557334638720179 -0.0017487558511806124 0.10644082979231194	-0.0017487558625988234 0.01483290035884941 -0.017449727902993466	-0.10644082966758221 0.017449727493162294 0.01957874841654447
0.02557334638724202 -0.0017487558511444395 0.1064408297923086	-0.001748755862563037 0.014832900358915171 -0.017449727903009138	-0.10644082966758459 0.017449727493181577 0.019578748416656952
0.025573346387203356 -0.0017487558512137786 0.10644082979230207	-0.001748755862635341 0.01483290035896852 -0.017449727903027113	-0.10644082966757044 0.017449727493198217 0.019578748416666424
0.025573346387253094 -0.0017487558511956524 0.10644082979228371	-0.0017487558626103528 0.014832900358896638 -0.017449727902987534	-0.10644082966756019 0.017449727493158224 0.01957874841650093
0.025573346387240643 -0.001748755851159546 0.10644082979230438	-0.0017487558625793034 0.014832900358875222 -0.017449727902991215	-0.10644082966757185 0.017449727493163272 0.019578748416523357
0.025573346387250267 -0.0017487558511758419 0.10644082979230704	-0.001748755862599179 0.01483290035897013 -0.01744972790302808	-0.10644082966757769 0.01744972749319671 0.01957874841673499
0.025573346387282106 -0.0017487558512101703 0.10644082979230586	-0.0017487558626226958 0.014832900358970145 -0.017449727903011716	-0.10644082966758789 0.01744972749317502 0.01957874841668554
0.025573346387169522 -0.0017487558512746654 0.1064408297923174	-0.001748755862698546 0.014832900358933424 -0.017449727903005537	-0.10644082966757597 0.017449727493182386 0.019578748416540004
0.02557334638715923 -0.0017487558512738937 0.1064408297923022	-0.0017487558626909042 0.014832900358953781 -0.017449727902999763	-0.10644082966758339 0.017449727493171037 0.01957874841661696
0.025573346387182644 -0.001748755851233635 0.10644082979230854	-0.0017487558626559227 0.014832900358944783 -0.01744972790300265	-0.10644082966757125 0.017449727493178187 0.01957874841664694
0.025573346387253358 -0.0017487558512006476 0.10644082979229058	-0.0017487558626150031 0.014832900358891139 -0.017449727902981455	-0.10644082966757364 0.017449727493145852 0.01957874841649678
0.02557334638717912 -0.0017487558512453917 0.10644082979230714	-0.0017487558626695095 0.014832900358979797 -0.01744972790302396	-0.10644082966757558 0.017449727493194914 0.019578748416642366
0.025573346387179667 -0.0017487558512149 0.1064408297923176	-0.001748755862635924 0.014832900358949581 -0.017449727903013836	-0.10644082966758552 0.017449727493187413 0.01957874841660161
0.025573346387189784 -0.0017487558512379311 0.10644082979230744	-0.0017487558626523292 0.014832900358900277 -0.017449727902978194	-0.1064408296675904 0.0174497274931419 0.019578748416619676
0.025573346387192587 -0.0017487558512227072 0.10644082979232358	-0.001748755862644777 0.014832900358911317 -0.01744972790300438	-0.10644082966758757 0.017449727493178357 0.019578748416572825
0.02557334638724582 -0.001748755851162541 0.10644082979231664	-0.0017487558625798438 0.014832900358942695 -0.017449727903018596	-0.10644082966758939 0.01744972749318939 0.019578748416626872
0.025573346387156533 -0.0017487558511803634 0.10644082979229237	-0.0017487558625984474 0.014832900358867872 -0.01744972790301371	-0.10644082966756954 0.0174497274931833 0.01957874841658384
0.02557334638725804 -0.0017487558511518034 0.10644082979229762	-0.0017487558625721702 0.014832900358862007 -0.017449727902991055	-0.10644082966756462 0.01744972749316429 0.019578748416596622
0.025573346387255023 -0.0017487558512142539 0.10644082979229269	-0.0017487558626325343 0.01483290035894811 -0.017449727903002983	-0.10644082966756363 0.017449727493176297 0.019578748416582956
0.025573346387269526 -0.0017487558512048022 0.10644082979230038	-0.0017487558626251712 0.014832900359019113 -0.0174497279030257	-0.10644082966757316 0.01744972749319641 0.01957874841664496
0.025573346387260873 -0.001748755851188128 0.10644082979230071	-0.0017487558626048507 0.01483290035894218 -0.017449727903007237	-0.10644082966757812 0.01744972749317627 0.01957874841665967
0.02557334638719759 -0.0017487558512352857 0.10644082979230779	-0.0017487558626585477 0.014832900358909466 -0.017449727903007695	-0.10644082966756968 0.017449727493180578 0.019578748416623184
0.025573346387232573 -0.00174875585121631 0.10644082979230889	-0.0017487558626323577 0.014832900358938273 -0.017449727903013083	-0.1064408296675875 0.017449727493182264 0.01957874841659753
0.025573346387216048 -0.0017487558512080618 0.10644082979230521	-0.001748755862628891 0.014832900358972483 -0.017449727903022738	-0.10644082966757938 0.017449727493190757 0.019578748416606
0.02557334638718202 -0.0017487558511997542 0.10644082979229093	-0.0017487558626146666 0.014832900358855206 -0.017449727902993276	-0.1064408296675699 0.017449727493163546 0.019578748416456786
0.025573346387075816 -0.001748755851249111 0.10644082979231156	-0.00174875586267017 0.014832900358897961 -0.017449727903010883	-0.10644082966757741 0.017449727493183687 0.01957874841660076
0.025573346387169436 -0.0017487558512118842 0.10644082979231566	-0.0017487558626304205 0.014832900358925536 -0.017449727903010536	-0.10644082966758979 0.017449727493182667 0.019578748416578355
0.025573346387247557 -0.0017487558512309046 0.10644082979231376	-0.001748755862649178 0.014832900358948898 -0.01744972790299475	-0.10644082966758907 0.017449727493162617 0.01957874841660911
0.025573346387215333 -0.0017487558512171526 0.10644082979233221	-0.0017487558626397733 0.014832900358923519 -0.017449727902999104	-0.10644082966759522 0.017449727493174045 0.019578748416569182
0.0255733463871689 -0.0017487558512218034 0.10644082979230664	-0.0017487558626340539 0.014832900358933452 -0.017449727903006328	-0.10644082966759134 0.017449727493171353 0.01957874841665533
0.025573346387143883 -0.0017487558512154842 0.10644082979230468	-0.001748755862634887 0.014832900358906338 -0.01744972790301781	-0.10644082966757305 0.01744972749319129 0.019578748416574063
0.025573346387229884 -0.0017487558511701238 0.10644082979231265	-0.0017487558625925216 0.014832900358879051 -0.017449727903000756	-0.10644082966757326 0.017449727493175735 0.019578748416545482
0.025573346387163957 -0.0017487558511962448 0.1064408297922844	-0.001748755862609305 0.014832900358817085 -0.01744972790299349	-0.10644082966757228 0.017449727493156965 0.019578748416457147
0.025573346387256404 -0.0017487558511689672 0.10644082979231635	-0.0017487558625905839 0.01483290035896663 -0.017449727903018485	-0.10644082966758013 0.017449727493195944 0.019578748416722587
0.025573346387236552 -0.0017487558512441275 0.10644082979229973	-0.0017487558626609343 0.014832900358995638 -0.01744972790301445	-0.10644082966756935 0.01744972749319113 0.019578748416652893
0.025573346387259506 -0.001748755851254463 0.1064408297922923	-0.0017487558626709328 0.014832900358961995 -0.017449727902997387	-0.10644082966757255 0.017449727493165285 0.019578748416557833
0.02557334638722286 -0.0017487558511980958 0.10644082979231079	-0.001748755862617352 0.014832900358925542 -0.017449727903013065	-0.10644082966758185 0.017449727493189016 0.019578748416634206
0.025573346387201996 -0.001748755851178649 0.10644082979230715	-0.0017487558625977058 0.014832900358920407 -0.017449727903022644	-0.10644082966757681 0.01744972749319565 0.01957874841665455
0.0255733463872417 -0.0017487558511705432 0.10644082979230933	-0.0017487558625895877 0.014832900358901101 -0.017449727903004135	-0.10644082966757806 0.017449727493174798 0.019578748416568304
0.0255733463871863 -0.0017487558511888228 0.1064408297923121	-0.0017487558626050346 0.014832900358903585 -0.017449727903013343	-0.10644082966758699 0.017449727493178385 0.019578748416550364
0.02557334638713439 -0.0017487558512199368 0.10644082979231713	-0.0017487558626376291 0.014832900358921063 -0.01744972790302115	-0.10644082966758578 0.01744972749319401 0.019578748416542963
0.0255733463871719 -0.0017487558512313886 0.1064408297923159	-0.0017487558626510338 0.014832900358897338 -0.017449727902987842	-0.10644082966758767 0.017449727493155598 0.019578748416636066
0.02557334638724595 -0.0017487558512033962 0.10644082979232206	-0.0017487558626242431 0.014832900358925335 -0.017449727902991916	-0.10644082966759393 0.01744972749316235 0.019578748416596
0.02557334638724664 -0.0017487558512203306 0.10644082979231248	-0.0017487558626383603 0.014832900359009162 -0.017449727903025715	-0.10644082966759312 0.017449727493192645 0.01957874841665719
0.025573346387167663 -0.0017487558512161187 0.10644082979231587	-0.0017487558626359638 0.014832900358931426 -0.017449727903015817	-0.10644082966758382 0.017449727493188183 0.01957874841656116
0.02557334638716289 -0.0017487558512181232 0.10644082979229878	-0.0017487558626363806 0.01483290035887026 -0.01744972790298596	-0.10644082966756793 0.017449727493157152 0.019578748416591005
0.025573346387164134 -0.0017487558512211624 0.10644082979229513	-0.0017487558626385815 0.01483290035887244 -0.017449727902997536	-0.10644082966757736 0.017449727493160913 0.019578748416466063
0.025573346387213404 -0.0017487558511908902 0.10644082979232963	-0.0017487558626150873 0.01483290035897658 -0.01744972790302967	-0.10644082966759269 0.017449727493205665 0.019578748416604782
0.02557334638718079 -0.0017487558512210032 0.10644082979229812	-0.0017487558626353306 0.01483290035890033 -0.017449727903005884	-0.10644082966757021 0.017449727493177376 0.019578748416592736
0.025573346387291 -0.001748755851201345 0.10644082979229964	-0.0017487558626169903 0.014832900358920414 -0.01744972790298482	-0.10644082966757862 0.017449727493152767 0.019578748416668557
0.02557334638723456 -0.0017487558512462847 0.1064408297923085	-0.0017487558626717564 0.014832900359013348 -0.01744972790302471	-0.10644082966757232 0.017449727493201367 0.01957874841666256
0.025573346387279677 -0.001748755851208414 0.10644082979230123	-0.0017487558626219472 0.014832900359008397 -0.01744972790301952	-0.10644082966758099 0.017449727493185598 0.019578748416610472
0.025573346387247186 -0.0017487558511571051 0.10644082979230733	-0.0017487558625765912 0.014832900358882021 -0.017449727902995923	-0.10644082966757133 0.017449727493168175 0.01957874841659761
0.025573346387185475 -0.001748755851168219 0.1064408297922908	-0.0017487558625888066 0.014832900358824685 -0.017449727902995534	-0.10644082966756338 0.01744972749317028 0.019578748416545517
0.02557334638715568 -0.0017487558511914822 0.10644082979232186	-0.0017487558626152581 0.014832900358920804 -0.017449727903024088	-0.10644082966758066 0.017449727493201086 0.019578748416663173
0.025573346387274324 -0.0017487558511779695 0.10644082979231906	-0.001748755862592845 0.014832900358903788 -0.017449727902989848	-0.10644082966759619 0.017449727493156875 0.019578748416571423
0.025573346387226893 -0.001748755851209623 0.10644082979231306	-0.0017487558626270569 0.014832900358907324 -0.01744972790299604	-0.10644082966758511 0.01744972749316396 0.019578748416572665
0.025573346387183456 -0.0017487558512260682 0.10644082979231952	-0.0017487558626474217 0.014832900358984713 -0.017449727903015202	-0.10644082966758826 0.01744972749319089 0.019578748416763967
0.02557334638718948 -0.0017487558512179462 0.10644082979230945	-0.0017487558626362735 0.014832900358938958 -0.017449727903006265	-0.10644082966758826 0.017449727493176484 0.019578748416563294
0.02557334638723515 -0.0017487558512245894 0.10644082979229921	-0.0017487558626430259 0.01483290035893383 -0.01744972790299626	-0.10644082966757046 0.017449727493168532 0.019578748416554444
0.02557334638719994 -0.001748755851219789 0.10644082979230725	-0.0017487558626388526 0.014832900358912441 -0.017449727902995878	-0.10644082966758124 0.017449727493165153 0.01957874841648873
0.025573346387182387 -0.0017487558512377707 0.1064408297923163	-0.00174875586265782 0.014832900358998124 -0.01744972790301469	-0.10644082966758978 0.017449727493185272 0.019578748416698648
0.025573346387181672 -0.0017487558512457296 0.10644082979230418	-0.0017487558626637346 0.014832900358952662 -0.01744972790301499	-0.1064408296675778 0.017449727493182673 0.019578748416571194
0.02557334638728593 -0.0017487558512134863 0.10644082979231571	-0.0017487558626335222 0.014832900358944951 -0.017449727903001356	-0.10644082966758481 0.017449727493170294 0.019578748416609247
0.025573346387224728 -0.0017487558512102814 0.1064408297923008	-0.001748755862630423 0.014832900358940668 -0.017449727903018467	-0.10644082966757065 0.017449727493189415 0.019578748416696046
0.025573346387309268 -0.0017487558511542684 0.10644082979230796	-0.0017487558625684822 0.0148329003589703 -0.017449727903007937	-0.10644082966758756 0.017449727493175 0.019578748416694606
0.0255733463872339 -0.0017487558512146797 0.10644082979230877	-0.0017487558626395239 0.014832900358958949 -0.017449727903010876	-0.10644082966756652 0.017449727493185838 0.0195787484165844
0.02557334638725851 -0.001748755851194373 0.1064408297922866	-0.0017487558626117566 0.014832900358910554 -0.017449727902994438	-0.1064408296675616 0.017449727493162374 0.019578748416532604
0.025573346387216932 -0.0017487558511674103 0.10644082979229993	-0.0017487558625820113 0.014832900358883573 -0.017449727903001387	-0.10644082966757754 0.017449727493165704 0.019578748416586366
0.02557334638727663 -0.0017487558511569859 0.10644082979230848	-0.0017487558625707464 0.014832900358876891 -0.017449727902979155	-0.1064408296675892 0.01744972749314438 0.01957874841661706
0.02557334638720226 -0.0017487558511817625 0.10644082979231519	-0.001748755862604005 0.014832900358872907 -0.01744972790299896	-0.10644082966757962 0.01744972749317159 0.019578748416623687
0.025573346387230217 -0.001748755851167869 0.10644082979232167	-0.0017487558625884723 0.01483290035893797 -0.017449727903022492	-0.10644082966758976 0.017449727493195517 0.01957874841663583
0.025573346387140483 -0.0017487558512219023 0.10644082979229452	-0.0017487558626347586 0.014832900358880869 -0.017449727903010664	-0.1064408296675779 0.017449727493175464 0.019578748416504768
0.025573346387130703 -0.0017487558512362996 0.1064408297923077	-0.0017487558626573746 0.014832900358881518 -0.017449727902991374	-0.10644082966757218 0.01744972749316941 0.019578748416590946
0.025573346387193347 -0.001748755851223486 0.10644082979230286	-0.0017487558626410543 0.014832900358902949 -0.01744972790298685	-0.10644082966758152 0.017449727493158016 0.019578748416474605
0.02557334638727482 -0.001748755851237429 0.10644082979231045	-0.0017487558626523604 0.014832900359047654 -0.017449727903020015	-0.10644082966758636 0.017449727493190414 0.019578748416657688
0.025573346387231334 -0.0017487558512495277 0.10644082979231459	-0.001748755862672446 0.014832900359004713 -0.017449727903019095	-0.1064408296675836 0.017449727493193585 0.01957874841664873
0.02557334638723398 -0.0017487558512727375 0.10644082979230075	-0.0017487558626896136 0.014832900358969385 -0.017449727902989456	-0.10644082966758098 0.01744972749315413 0.01957874841669719
0.02557334638720831 -0.0017487558512406303 0.10644082979230368	-0.0017487558626586835 0.014832900358960434 -0.01744972790301589	-0.10644082966757573 0.017449727493192062 0.019578748416617872
0.025573346387290218 -0.0017487558511689576 0.10644082979231974	-0.0017487558625872892 0.014832900358990299 -0.017449727903027054	-0.10644082966759036 0.017449727493198924 0.019578748416665574
0.025573346387170903 -0.0017487558511884776 0.106440829792297	-0.0017487558626066366 0.014832900358853231 -0.017449727903009693	-0.10644082966757182 0.01744972749317677 0.01957874841654357
0.025573346387231306 -0.0017487558511466873 0.10644082979229809	-0.0017487558625653276 0.014832900358837017 -0.017449727902982645	-0.10644082966756961 0.017449727493151795 0.01957874841652619
0.025573346387183726 -0.0017487558512164865 0.1064408297922955	-0.0017487558626358701 0.014832900358936762 -0.017449727903016035	-0.10644082966756777 0.017449727493186046 0.01957874841657059
0.025573346387211406 -0.0017487558512098008 0.10644082979231177	-0.0017487558626304795 0.014832900358978152 -0.017449727903027443	-0.10644082966757676 0.017449727493197485 0.01957874841662969
0.025573346387248022 -0.0017487558512069594 0.10644082979230832	-0.0017487558626274533 0.014832900358938595 -0.01744972790300109	-0.1064408296675799 0.01744972749316865 0.019578748416592937
0.025573346387228378 -0.001748755851147817 0.10644082979231165	-0.0017487558625660787 0.014832900358905624 -0.017449727903012024	-0.10644082966757999 0.017449727493180592 0.019578748416680454
0.02557334638710476 -0.0017487558511872408 0.10644082979229695	-0.0017487558626058308 0.01483290035882678 -0.017449727903011292	-0.10644082966756568 0.017449727493181084 0.01957874841653105
0.025573346387192754 -0.001748755851174497 0.10644082979231165	-0.0017487558625953869 0.014832900358849328 -0.017449727903005675	-0.10644082966757824 0.017449727493177854 0.019578748416471555
0.025573346387150912 -0.0017487558512208944 0.1064408297922897	-0.0017487558626365423 0.01483290035885843 -0.01744972790300047	-0.10644082966757652 0.017449727493164945 0.0195787484164385
0.02557334638717705 -0.0017487558512335856 0.10644082979231659	-0.0017487558626535357 0.014832900358981943 -0.017449727903009533	-0.10644082966758012 0.01744972749318577 0.019578748416704893
0.025573346387237163 -0.0017487558512488078 0.1064408297923133	-0.0017487558626706184 0.014832900359006435 -0.01744972790301486	-0.10644082966758135 0.0174497274931929 0.019578748416662628
0.025573346387321734 -0.0017487558512773596 0.10644082979229041	-0.0017487558626911436 0.014832900359019116 -0.017449727902996044	-0.10644082966758166 0.017449727493156476 0.019578748416619277
0.025573346387237017 -0.0017487558512497905 0.10644082979231323	-0.001748755862671719 0.014832900359008225 -0.017449727903015563	-0.10644082966758178 0.017449727493193897 0.019578748416668942
0.02557334638718054 -0.0017487558512337383 0.10644082979231648	-0.0017487558626538176 0.014832900358984338 -0.01744972790300884	-0.10644082966758002 0.01744972749318529 0.019578748416700945
0.02557334638715987 -0.0017487558512207474 0.10644082979228846	-0.0017487558626363446 0.014832900358863801 -0.017449727903000256	-0.1064408296675752 0.017449727493164757 0.01957874841644174
0.02557334638720128 -0.0017487558511752746 0.1064408297923122	-0.0017487558625963063 0.014832900358856864 -0.01744972790300555	-0.10644082966757884 0.017449727493177903 0.019578748416492257
0.02557334638710352 -0.0017487558511907883 0.10644082979229659	-0.0017487558626093774 0.014832900358829894 -0.01744972790301218	-0.10644082966756566 0.017449727493182285 0.019578748416544868
0.025573346387218303 -0.0017487558511521274 0.10644082979231209	-0.0017487558625704034 0.014832900358901401 -0.017449727903009943	-0.10644082966758038 0.01744972749317869 0.019578748416655488
0.025573346387242048 -0.0017487558512090963 0.10644082979230768	-0.0017487558626296219 0.014832900358934873 -0.01744972790299982	-0.10644082966757945 0.017449727493167717 0.01957874841657771
0.025573346387224045 -0.001748755851208276 0.10644082979231077	-0.0017487558626287933 0.014832900358987102 -0.017449727903028824	-0.10644082966757595 0.01744972749319871 0.01957874841664009
0.025573346387192854 -0.001748755851215378 0.10644082979229587	-0.0017487558626343466 0.014832900358941714 -0.01744972790301595	-0.10644082966756793 0.017449727493185532 0.019578748416581637
0.025573346387232916 -0.0017487558511476865 0.10644082979229716	-0.0017487558625662444 0.014832900358838694 -0.017449727902982243	-0.1064408296675687 0.017449727493151188 0.019578748416533
0.02557334638716317 -0.0017487558511916808 0.10644082979229717	-0.0017487558626099776 0.01483290035885118 -0.017449727903009166	-0.10644082966757176 0.017449727493176158 0.019578748416536847
0.02557334638728386 -0.0017487558511711356 0.10644082979232024	-0.0017487558625893258 0.014832900358987804 -0.017449727903027533	-0.10644082966759093 0.017449727493199126 0.019578748416659048
0.025573346387209442 -0.0017487558512393135 0.10644082979230296	-0.001748755862657274 0.014832900358959586 -0.01744972790301646	-0.10644082966757465 0.017449727493191937 0.01957874841661691
0.02557334638723645 -0.0017487558512700513 0.10644082979230034	-0.0017487558626869014 0.01483290035896899 -0.01744972790298887	-0.10644082966758062 0.01744972749315319 0.019578748416693117
0.02557334638722894 -0.0017487558512488451 0.10644082979231445	-0.0017487558626719502 0.014832900359004144 -0.017449727903019727	-0.10644082966758327 0.01744972749319474 0.019578748416648677
0.02557334638727135 -0.0017487558512370082 0.1064408297923112	-0.0017487558626520811 0.014832900359045345 -0.01744972790302043	-0.10644082966758725 0.01744972749319073 0.019578748416657472
0.025573346387193097 -0.0017487558512219842 0.10644082979230153	-0.0017487558626395946 0.014832900358899982 -0.017449727902987284	-0.10644082966758027 0.017449727493158512 0.019578748416472738
0.025573346387131428 -0.0017487558512343515 0.10644082979230773	-0.0017487558626554938 0.014832900358879474 -0.017449727902990958	-0.10644082966757212 0.01744972749316904 0.019578748416580985
0.025573346387136153 -0.0017487558512228947 0.10644082979229441	-0.0017487558626357344 0.014832900358878942 -0.01744972790301149	-0.10644082966757776 0.01744972749317642 0.01957874841650654
0.02557334638722444 -0.0017487558511703263 0.1064408297923224	-0.0017487558625909547 0.014832900358935558 -0.01744972790302256	-0.10644082966759037 0.01744972749319601 0.01957874841663651
0.0255733463872033 -0.001748755851184127 0.10644082979231419	-0.0017487558626064158 0.014832900358874516 -0.017449727902997914	-0.10644082966757874 0.01744972749317108 0.01957874841663023
0.025573346387287383 -0.0017487558511567994 0.10644082979230794	-0.0017487558625705777 0.014832900358885008 -0.017449727902978173	-0.1064408296675887 0.017449727493143503 0.019578748416621952
0.025573346387217855 -0.0017487558511683167 0.10644082979230066	-0.001748755862582955 0.014832900358886217 -0.017449727903001595	-0.10644082966757804 0.01744972749316591 0.019578748416575927
0.025573346387249184 -0.0017487558511959569 0.10644082979228683	-0.0017487558626133994 0.014832900358903917 -0.017449727902993598	-0.10644082966756185 0.017449727493162093 0.01957874841650837
0.02557334638723021 -0.0017487558512172606 0.10644082979230768	-0.001748755862642034 0.0148329003589576 -0.017449727903010442	-0.10644082966756527 0.017449727493185532 0.01957874841659197
0.02557334638731084 -0.001748755851157865 0.10644082979230815	-0.0017487558625719941 0.014832900358974839 -0.017449727903007375	-0.10644082966758785 0.017449727493174173 0.019578748416710208
0.0255733463872275 -0.0017487558512121752 0.1064408297923006	-0.0017487558626324705 0.014832900358943966 -0.017449727903019647	-0.10644082966757028 0.01744972749318991 0.019578748416695504
0.025573346387293687 -0.0017487558512114636 0.10644082979231566	-0.0017487558626315038 0.014832900358948693 -0.017449727903001273	-0.10644082966758471 0.017449727493170086 0.019578748416610246
0.02557334638718866 -0.001748755851244727 0.10644082979230299	-0.0017487558626628173 0.01483290035895761 -0.017449727903015688	-0.10644082966757626 0.017449727493183194 0.019578748416585967
0.025573346387179563 -0.001748755851239337 0.10644082979231695	-0.0017487558626592505 0.014832900358997292 -0.017449727903014276	-0.10644082966759066 0.017449727493184904 0.019578748416694342
0.025573346387194988 -0.0017487558512207894 0.1064408297923069	-0.0017487558626396813 0.014832900358907957 -0.017449727902996263	-0.10644082966758096 0.017449727493165267 0.01957874841648251
0.02557334638723723 -0.0017487558512226183 0.10644082979229906	-0.0017487558626411571 0.01483290035893337 -0.017449727902995912	-0.10644082966757035 0.01744972749316826 0.01957874841656065
0.025573346387187102 -0.0017487558512178768 0.10644082979230882	-0.0017487558626362314 0.014832900358938628 -0.01744972790300655	-0.10644082966758761 0.017449727493176647 0.019578748416570833
0.025573346387169064 -0.0017487558512266233 0.10644082979232025	-0.0017487558626480097 0.0148329003589747 -0.017449727903015265	-0.10644082966758908 0.017449727493191 0.019578748416733155
0.025573346387215798 -0.0017487558512081004 0.10644082979231252	-0.0017487558626256448 0.014832900358895734 -0.01744972790299652	-0.106440829667585 0.017449727493164965 0.019578748416546787
0.025573346387282814 -0.0017487558511738097 0.10644082979231935	-0.0017487558625888058 0.014832900358905835 -0.017449727902989064	-0.10644082966759642 0.017449727493156483 0.01957874841658986
0.025573346387170966 -0.0017487558511891568 0.10644082979232103	-0.0017487558626129995 0.014832900358932921 -0.01744972790302493	-0.10644082966757965 0.017449727493202102 0.019578748416695282
0.025573346387176694 -0.001748755851169969 0.10644082979229187	-0.0017487558625906572 0.01483290035881975 -0.017449727902995094	-0.10644082966756471 0.01744972749317019 0.019578748416534078
0.02557334638723114 -0.0017487558511581971 0.10644082979230692	-0.0017487558625776476 0.01483290035886992 -0.017449727902996204	-0.10644082966757107 0.017449727493168525 0.0195787484165737
0.025573346387270938 -0.0017487558512078154 0.10644082979230127	-0.001748755862621229 0.014832900359001009 -0.017449727903018877	-0.1064408296675812 0.017449727493185345 0.01957874841660361
0.025573346387235647 -0.0017487558512463814 0.1064408297923085	-0.0017487558626719801 0.014832900359014464 -0.0174497279030252	-0.10644082966757233 0.01744972749320168 0.01957874841666847
0.025573346387297226 -0.0017487558511989432 0.10644082979230053	-0.0017487558626145612 0.014832900358923396 -0.017449727902984637	-0.10644082966757933 0.017449727493152628 0.019578748416663398
0.025573346387187557 -0.0017487558512184016 0.10644082979229706	-0.0017487558626328088 0.014832900358903296 -0.01744972790300655	-0.10644082966756899 0.017449727493177827 0.019578748416603065
0.025573346387215267 -0.0017487558511920928 0.10644082979232997	-0.001748755862616234 0.014832900358979577 -0.01744972790302926	-0.10644082966759297 0.017449727493205416 0.019578748416617216
0.025573346387158243 -0.0017487558512265522 0.10644082979229537	-0.0017487558626441716 0.014832900358872044 -0.017449727902997217	-0.10644082966757774 0.017449727493160563 0.01957874841646125
0.02557334638715914 -0.0017487558512197868 0.10644082979229923	-0.001748755862638101 0.014832900358867734 -0.017449727902985115	-0.1064408296675682 0.017449727493156125 0.01957874841657021
0.02557334638717506 -0.0017487558512151594 0.10644082979231494	-0.001748755862634772 0.01483290035893646 -0.017449727903015952	-0.1064408296675825 0.01744972749318809 0.019578748416573973
0.0255733463872542 -0.0017487558512219634 0.10644082979231319	-0.0017487558626397498 0.014832900359017423 -0.017449727903024913	-0.1064408296675938 0.0174497274931916 0.01957874841668065
0.025573346387243047 -0.0017487558512063045 0.10644082979232228	-0.0017487558626271497 0.014832900358925441 -0.01744972790299202	-0.10644082966759408 0.01744972749316302 0.019578748416590266
0.025573346387169477 -0.0017487558512289947 0.1064408297923163	-0.001748755862648708 0.014832900358891513 -0.01744972790298771	-0.1064408296675879 0.017449727493155626 0.019578748416616616
0.025573346387139057 -0.0017487558512146908 0.10644082979231691	-0.0017487558626323736 0.014832900358919597 -0.01744972790302167	-0.10644082966758564 0.01744972749319466 0.01957874841654807
0.025573346387189784 -0.0017487558511873344 0.1064408297923122	-0.0017487558626033293 0.014832900358906255 -0.017449727903014096	-0.1064408296675871 0.0174497274931791 0.01957874841656585
0.025573346387235983 -0.0017487558511749277 0.10644082979230932	-0.0017487558625940624 0.01483290035890101 -0.01744972790300396	-0.10644082966757791 0.017449727493174708 0.01957874841657179
0.025573346387201754 -0.0017487558511772969 0.1064408297923074	-0.0017487558625965223 0.014832900358919848 -0.01744972790302198	-0.10644082966757734 0.017449727493195358 0.019578748416659745
0.025573346387224246 -0.0017487558511950349 0.1064408297923103	-0.0017487558626143361 0.014832900358923581 -0.017449727903013135	-0.10644082966758149 0.01744972749318921 0.019578748416632315
0.025573346387262906 -0.0017487558512526346 0.10644082979229352	-0.0017487558626690502 0.014832900358964134 -0.01744972790299735	-0.10644082966757387 0.017449727493165354 0.019578748416550686
0.025573346387239206 -0.001748755851242241 0.10644082979229938	-0.0017487558626591328 0.014832900358996814 -0.017449727903015376	-0.10644082966756899 0.017449727493191604 0.0195787484166558
0.02557334638725304 -0.0017487558511666253 0.1064408297923166	-0.0017487558625880412 0.014832900358961837 -0.017449727903018023	-0.10644082966758027 0.017449727493195826 0.01957874841671963
0.02557334638715411 -0.0017487558511979574 0.10644082979228447	-0.0017487558626108762 0.014832900358810228 -0.017449727902993525	-0.10644082966757228 0.017449727493156816 0.019578748416449673
0.02557334638722495 -0.0017487558511720762 0.10644082979231405	-0.0017487558625945078 0.014832900358877684 -0.017449727903000353	-0.10644082966757464 0.017449727493174916 0.019578748416538373
0.02557334638714836 -0.0017487558512134641 0.10644082979230401	-0.0017487558626328404 0.014832900358908961 -0.017449727903018825	-0.10644082966757223 0.01744972749319208 0.019578748416576648
0.02557334638717322 -0.0017487558512187485 0.10644082979230662	-0.0017487558626309496 0.014832900358933233 -0.017449727903006404	-0.1064408296675912 0.017449727493171495 0.019578748416654475
0.025573346387217255 -0.0017487558512186549 0.10644082979233244	-0.0017487558626413935 0.014832900358924825 -0.01744972790299878	-0.10644082966759569 0.017449727493173896 0.019578748416568637
0.025573346387256182 -0.0017487558512342917 0.10644082979231426	-0.001748755862652383 0.014832900358958786 -0.017449727902994563	-0.1064408296675892 0.017449727493162585 0.0195787484166299
0.025573346387181083 -0.0017487558512108816 0.10644082979231582	-0.0017487558626293003 0.0148329003589346 -0.01744972790300982	-0.1064408296675899 0.01744972749318186 0.01957874841660049
0.025573346387075518 -0.0017487558512483967 0.10644082979231072	-0.0017487558626694821 0.014832900358896393 -0.01744972790301133	-0.10644082966757658 0.017449727493183964 0.019578748416592757
0.025573346387172083 -0.001748755851203516 0.1064408297922917	-0.0017487558626184709 0.014832900358849883 -0.017449727902992346	-0.10644082966757096 0.01744972749316262 0.019578748416435574
0.02557334638722012 -0.0017487558512099162 0.1064408297923055	-0.0017487558626306538 0.01483290035897826 -0.01744972790302211	-0.10644082966757998 0.017449727493190702 0.019578748416616425
0.025573346387245094 -0.0017487558512143471 0.10644082979230791	-0.0017487558626303606 0.014832900358946549 -0.017449727903013527	-0.10644082966758622 0.017449727493182847 0.01957874841661985
0.025573346387205813 -0.0017487558512330457 0.10644082979230815	-0.0017487558626561065 0.014832900358912816 -0.017449727903007535	-0.1064408296675698 0.017449727493180578 0.01957874841662041
0.025573346387268027 -0.0017487558511881298 0.1064408297923005	-0.0017487558626049916 0.01483290035894814 -0.017449727903008208	-0.10644082966757767 0.017449727493176942 0.019578748416669005
0.025573346387273883 -0.0017487558512055811 0.10644082979230052	-0.001748755862625973 0.014832900359023725 -0.017449727903024976	-0.10644082966757329 0.01744972749319596 0.019578748416664106
0.02557334638724547 -0.0017487558512154179 0.10644082979229208	-0.0017487558626338136 0.014832900358940682 -0.017449727903002858	-0.10644082966756295 0.01744972749317616 0.0195787484165725
0.02557334638724255 -0.001748755851153732 0.10644082979229857	-0.0017487558625740463 0.014832900358850624 -0.01744972790299066	-0.10644082966756549 0.017449727493163834 0.019578748416558857
0.025573346387159485 -0.0017487558511798638 0.10644082979229273	-0.0017487558625977942 0.014832900358872289 -0.017449727903014363	-0.10644082966756999 0.017449727493183628 0.019578748416587362
0.025573346387261414 -0.0017487558511573922 0.1064408297923162	-0.001748755862574885 0.014832900358952102 -0.01744972790301945	-0.10644082966758876 0.017449727493190244 0.019578748416661927
0.025573346387190297 -0.0017487558512188752 0.10644082979232393	-0.0017487558626411099 0.014832900358904574 -0.017449727903004298	-0.10644082966758754 0.017449727493178108 0.019578748416565397
0.02557334638717362 -0.0017487558512393302 0.1064408297923075	-0.0017487558626535504 0.014832900358887575 -0.017449727902979197	-0.10644082966759018 0.017449727493142816 0.019578748416582848
0.025573346387176413 -0.001748755851216575 0.1064408297923185	-0.0017487558626375676 0.014832900358950872 -0.017449727903013686	-0.10644082966758611 0.01744972749318698 0.01957874841660175
0.025573346387186946 -0.0017487558512448874 0.10644082979230597	-0.0017487558626688646 0.014832900358987693 -0.01744972790302405	-0.10644082966757437 0.01744972749319458 0.019578748416670566
0.025573346387251457 -0.0017487558512011012 0.10644082979229058	-0.0017487558626152894 0.014832900358888504 -0.017449727902980487	-0.10644082966757379 0.017449727493144853 0.019578748416486845
0.025573346387173457 -0.0017487558512380291 0.10644082979230828	-0.0017487558626603783 0.014832900358939744 -0.01744972790300233	-0.10644082966757143 0.01744972749317803 0.019578748416629717
0.025573346387165647 -0.0017487558512720202 0.10644082979230107	-0.0017487558626890962 0.01483290035895859 -0.01744972790300043	-0.1064408296675825 0.01744972749317206 0.019578748416631427
0.02557334638717962 -0.0017487558512711237 0.10644082979231707	-0.0017487558626950454 0.014832900358937896 -0.01744972790300496	-0.1064408296675756 0.017449727493181875 0.019578748416543845
0.02557334638728123 -0.0017487558512100845 0.10644082979230544	-0.001748755862622818 0.014832900358968093 -0.017449727903012593	-0.10644082966758757 0.01744972749317591 0.0195787484166767
0.025573346387245875 -0.0017487558511792441 0.10644082979230744	-0.0017487558626026163 0.014832900358969881 -0.01744972790302765	-0.10644082966757838 0.017449727493196683 0.019578748416734664
0.025573346387241014 -0.0017487558511632157 0.10644082979230378	-0.0017487558625827373 0.014832900358878819 -0.017449727902990316	-0.10644082966757118 0.017449727493162353 0.019578748416537523
0.025573346387251304 -0.0017487558511979449 0.10644082979228336	-0.0017487558626127666 0.014832900358896178 -0.017449727902986406	-0.1064408296675594 0.017449727493157558 0.01957874841649929
0.02557334638720293 -0.001748755851214534 0.10644082979230257	-0.0017487558626359855 0.01483290035896827 -0.017449727903026985	-0.10644082966757092 0.01744972749319802 0.01957874841665421
0.025573346387253264 -0.0017487558511438926 0.10644082979230751	-0.001748755862562441 0.014832900358925247 -0.01744972790301022	-0.10644082966758353 0.017449727493182632 0.019578748416671295
0.025573346387213543 -0.0017487558511795043 0.10644082979231148	-0.001748755862597701 0.014832900358858328 -0.017449727902992478	-0.10644082966758166 0.017449727493161003 0.01957874841656585
0.02557334638724424 -0.0017487558511853148 0.1064408297923244	-0.001748755862601403 0.014832900358891309 -0.017449727902996325	-0.1064408296675983 0.017449727493168022 0.019578748416596917
0.02557334638714335 -0.001748755851219049 0.1064408297923157	-0.0017487558626382745 0.014832900358926607 -0.017449727903023717	-0.10644082966758192 0.017449727493197155 0.019578748416616023
0.02557334638709897 -0.0017487558512425515 0.10644082979230288	-0.001748755862660596 0.01483290035890399 -0.01744972790300657	-0.10644082966757965 0.017449727493173563 0.019578748416583115
0.02557334638723347 -0.001748755851196748 0.10644082979229597	-0.001748755862614716 0.014832900358889052 -0.01744972790298186	-0.10644082966757572 0.017449727493151573 0.01957874841644358
0.025573346387278352 -0.0017487558512354721 0.10644082979231338	-0.0017487558626570455 0.014832900359018276 -0.01744972790301578	-0.10644082966757319 0.01744972749319651 0.01957874841669705
0.025573346387295023 -0.0017487558512094973 0.10644082979230847	-0.0017487558626256483 0.014832900359019414 -0.017449727903016937	-0.10644082966759247 0.017449727493181456 0.019578748416672644
0.025573346387211836 -0.0017487558512657196 0.10644082979231315	-0.001748755862684308 0.014832900358938732 -0.017449727902992686	-0.10644082966758481 0.017449727493164282 0.019578748416540913
0.02557334638715179 -0.0017487558512655687 0.10644082979230679	-0.0017487558626824735 0.014832900358943498 -0.017449727903002026	-0.10644082966758361 0.017449727493167762 0.01957874841660356
0.025573346387209227 -0.0017487558512120603 0.10644082979231861	-0.0017487558626366247 0.014832900358991468 -0.017449727903033264	-0.1064408296675862 0.01744972749320655 0.019578748416658447
0.025573346387261033 -0.0017487558511734393 0.10644082979230891	-0.001748755862591352 0.0148329003589018 -0.01744972790299704	-0.10644082966758123 0.017449727493166537 0.01957874841656339
0.025573346387173138 -0.0017487558511697912 0.1064408297922879	-0.0017487558625870034 0.014832900358787721 -0.017449727902982055	-0.10644082966755995 0.017449727493150484 0.019578748416437978
0.02557334638715287 -0.0017487558511751536 0.10644082979231946	-0.0017487558625988511 0.014832900358889572 -0.017449727903018446	-0.10644082966757884 0.017449727493190507 0.01957874841660387
0.025573346387244983 -0.0017487558512019653 0.1064408297922998	-0.001748755862617678 0.01483290035897667 -0.017449727903016632	-0.10644082966758266 0.017449727493183395 0.01957874841665971
0.025573346387260415 -0.0017487558512090003 0.10644082979231063	-0.0017487558626286042 0.014832900358931821 -0.01744972790299733	-0.10644082966757827 0.017449727493167082 0.019578748416597413
0.025573346387237655 -0.0017487558511662567 0.10644082979232362	-0.001748755862589311 0.01483290035887573 -0.017449727902990812	-0.1064408296675882 0.017449727493164518 0.01957874841660851
0.02557334638714205 -0.0017487558511873821 0.10644082979230678	-0.001748755862603213 0.014832900358867366 -0.017449727903012996	-0.10644082966758413 0.01744972749317924 0.019578748416572977
0.025573346387165602 -0.0017487558511930954 0.10644082979231623	-0.0017487558626106468 0.014832900358905452 -0.01744972790302147	-0.10644082966758613 0.017449727493192412 0.01957874841660874
0.025573346387186682 -0.001748755851197914 0.10644082979229624	-0.0017487558626172414 0.0148329003588537 -0.017449727902993328	-0.10644082966756876 0.017449727493162717 0.019578748416459246
0.0255733463871696 -0.0017487558512259936 0.10644082979230535	-0.001748755862644892 0.014832900358905792 -0.01744972790299256	-0.10644082966757772 0.01744972749316264 0.019578748416543196
0.025573346387259707 -0.0017487558512078848 0.1064408297923184	-0.001748755862628419 0.014832900359016186 -0.01744972790301904	-0.10644082966759322 0.017449727493192478 0.019578748416649593
0.025573346387247807 -0.0017487558512704988 0.10644082979230722	-0.001748755862688487 0.014832900359032519 -0.01744972790302232	-0.10644082966758367 0.017449727493195046 0.019578748416714788
