0.02214401816751995 -0.0008635887006398901 0.0994748055695463	-0.00086358870068938 0.015585417528737369 -0.014843977578962365	-0.09947480556909614 0.014843977576863919 0.017862806221462156
0.02214401816786052 -0.0008635887004495597 0.09947480556958116	-0.0008635887004946425 0.015585417528836472 -0.014843977578948186	-0.09947480556913207 0.014843977576850177 0.01786280622145056
0.022144018168172616 -0.0008635887002558041 0.09947480556960774	-0.0008635887003111886 0.01558541752890314 -0.014843977578937066	-0.09947480556914996 0.014843977576838554 0.017862806221430202
0.022144018168377147 -0.0008635887001483423 0.09947480556962306	-0.0008635887001973586 0.015585417528962066 -0.014843977578925097	-0.0994748055691728 0.014843977576818674 0.017862806221416894
0.022144018168423388 -0.0008635887001051164 0.09947480556962758	-0.0008635887001530295 0.015585417528942744 -0.01484397757892103	-0.0994748055691746 0.014843977576814337 0.017862806221436087
0.022144018168268793 -0.0008635887001813614 0.09947480556962399	-0.0008635887002309051 0.015585417528885214 -0.01484397757892731	-0.09947480556917435 0.014843977576819163 0.017862806221388954
0.02214401816812562 -0.0008635887002724149 0.09947480556961519	-0.0008635887003240299 0.015585417528864377 -0.014843977578932358	-0.09947480556915687 0.014843977576832586 0.017862806221435823
0.022144018168195157 -0.0008635887002557147 0.0994748055696144	-0.0008635887003028992 0.015585417528907438 -0.014843977578934731	-0.09947480556916538 0.01484397757683208 0.01786280622142831
0.022144018168482032 -0.0008635887000999175 0.09947480556964151	-0.000863588700144767 0.015585417528988225 -0.014843977578915316	-0.09947480556919952 0.014843977576816346 0.017862806221399144
0.02214401816870732 -0.000863588699957841 0.0994748055696658	-0.000863588700009606 0.015585417529047569 -0.014843977578903246	-0.09947480556920354 0.01484397757680584 0.01786280622142704
0.022144018168691333 -0.0008635886999592448 0.09947480556964994	-0.0008635887000101269 0.01558541752903126 -0.01484397757890539	-0.09947480556920332 0.01484397757680301 0.01786280622140715
0.022144018168495434 -0.0008635887000696934 0.09947480556962789	-0.0008635887001211401 0.015585417528977285 -0.01484397757891908	-0.099474805569173 0.014843977576812644 0.017862806221411474
0.022144018168100417 -0.0008635887003004038 0.09947480556959976	-0.0008635887003451033 0.015585417528888017 -0.014843977578937871	-0.09947480556914962 0.014843977576832024 0.017862806221429876
0.02214401816763912 -0.0008635887005395042 0.09947480556956448	-0.0008635887005974952 0.015585417528740746 -0.014843977578959881	-0.0994748055691045 0.014843977576858416 0.017862806221420908
0.022144018167388556 -0.0008635887007128916 0.09947480556953422	-0.0008635887007600309 0.015585417528699828 -0.014843977578970817	-0.0994748055690836 0.014843977576870962 0.01786280622149502
0.022144018167858003 -0.0008635887004460841 0.0994748055695838	-0.0008635887005006629 0.015585417528830291 -0.014843977578948172	-0.0994748055691261 0.014843977576850256 0.017862806221442054
0.02214401816805392 -0.0008635887003520162 0.09947480556958908	-0.0008635887004007246 0.015585417528901076 -0.014843977578940681	-0.09947480556913829 0.01484397757684039 0.01786280622147752
0.022144018168140833 -0.0008635887003007343 0.09947480556960091	-0.0008635887003440876 0.015585417528910265 -0.014843977578936827	-0.09947480556915252 0.01484397757683787 0.017862806221443765
0.02214401816809508 -0.0008635887002885149 0.09947480556960113	-0.0008635887003414534 0.015585417528867553 -0.014843977578938693	-0.09947480556915063 0.014843977576840191 0.017862806221442026
0.02214401816795192 -0.000863588700370746 0.09947480556959816	-0.0008635887004180129 0.015585417528817197 -0.014843977578940622	-0.09947480556913554 0.014843977576844202 0.01786280622139368
0.02214401816784152 -0.0008635887004176061 0.09947480556956767	-0.0008635887004668549 0.015585417528766726 -0.014843977578950753	-0.09947480556912625 0.014843977576844792 0.01786280622145027
0.022144018167986185 -0.00086358870034332 0.09947480556959128	-0.0008635887003858415 0.015585417528805146 -0.014843977578942954	-0.09947480556913393 0.014843977576837503 0.01786280622141978
0.02214401816840772 -0.000863588700111443 0.09947480556963899	-0.0008635887001667026 0.01558541752894756 -0.014843977578918807	-0.09947480556918657 0.014843977576816322 0.017862806221401392
0.02214401816877682 -0.0008635886999404365 0.09947480556966816	-0.0008635886999853026 0.015585417529086997 -0.014843977578902288	-0.09947480556920316 0.014843977576805736 0.017862806221428378
0.02214401816890355 -0.0008635886998739463 0.09947480556966294	-0.0008635886999242117 0.015585417529134943 -0.014843977578898777	-0.09947480556922644 0.014843977576797878 0.017862806221407315
0.022144018168779422 -0.00086358869992795 0.09947480556966307	-0.0008635886999717127 0.015585417529081604 -0.01484397757890158	-0.09947480556920181 0.014843977576804567 0.01786280622140647
0.022144018168409097 -0.0008635887001067662 0.09947480556962825	-0.0008635887001605062 0.015585417528958562 -0.014843977578914858	-0.09947480556917451 0.014843977576819399 0.017862806221416543
0.022144018167963388 -0.000863588700358452 0.09947480556958369	-0.0008635887004074952 0.015585417528814689 -0.014843977578937434	-0.09947480556912655 0.01484397757683971 0.01786280622139908
0.02214401816762858 -0.0008635887005619828 0.0994748055695492	-0.0008635887006118951 0.0155854175287526 -0.014843977578958292	-0.0994748055691016 0.014843977576853639 0.017862806221467888
0.022144018167637412 -0.0008635887005425261 0.09947480556956295	-0.0008635887005932963 0.015585417528740056 -0.014843977578959604	-0.09947480556910472 0.014843977576857712 0.017862806221427285
0.02214401816817143 -0.0008635887002566046 0.09947480556960238	-0.0008635887003006102 0.01558541752890653 -0.014843977578940133	-0.0994748055691505 0.01484397757683361 0.017862806221448282
0.02214401816814068 -0.000863588700295161 0.09947480556960354	-0.0008635887003485927 0.015585417528911058 -0.014843977578937042	-0.09947480556914383 0.014843977576836961 0.01786280622143794
0.022144018167980208 -0.0008635887003844867 0.09947480556958357	-0.0008635887004356255 0.015585417528863709 -0.01484397757894387	-0.09947480556913287 0.014843977576843203 0.01786280622148819
0.022144018167712675 -0.0008635887005200376 0.09947480556957214	-0.000863588700560673 0.015585417528769512 -0.014843977578957272	-0.09947480556911394 0.014843977576857188 0.01786280622143033
0.022144018167520273 -0.0008635887006039691 0.0994748055695382	-0.0008635887006563907 0.015585417528694436 -0.014843977578968805	-0.09947480556909889 0.01484397757687201 0.017862806221457472
0.022144018167674473 -0.0008635887005306788 0.09947480556955918	-0.000863588700573386 0.015585417528743796 -0.014843977578958525	-0.09947480556909423 0.014843977576863537 0.017862806221426303
0.02214401816812447 -0.0008635887002531378 0.09947480556959534	-0.0008635887003098962 0.015585417528851248 -0.014843977578929891	-0.09947480556914921 0.014843977576833516 0.017862806221412446
0.022144018168564508 -0.0008635887000278579 0.09947480556963592	-0.0008635887000639749 0.01558541752899021 -0.014843977578915628	-0.09947480556917906 0.014843977576810802 0.01786280622141558
0.02214401816883535 -0.0008635886998875734 0.09947480556966067	-0.0008635886999475602 0.015585417529093211 -0.014843977578899058	-0.09947480556920857 0.014843977576798888 0.017862806221409545
0.022144018168850917 -0.0008635886999049094 0.0994748055696663	-0.0008635886999476747 0.015585417529127817 -0.014843977578904072	-0.0994748055692006 0.014843977576800567 0.01786280622142298
0.02214401816862383 -0.000863588700022155 0.0994748055696461	-0.0008635887000791303 0.015585417529056764 -0.014843977578907472	-0.09947480556919537 0.01484397757681195 0.01786280622141677
0.02214401816824761 -0.0008635887002176415 0.09947480556961304	-0.0008635887002543907 0.015585417528919461 -0.014843977578924899	-0.09947480556916113 0.014843977576824798 0.017862806221396327
0.02214401816794408 -0.0008635887003698092 0.09947480556958094	-0.0008635887004293692 0.015585417528822537 -0.014843977578932674	-0.09947480556912712 0.014843977576842284 0.017862806221460633
0.022144018167960845 -0.0008635887003587877 0.09947480556958267	-0.0008635887004038948 0.015585417528817536 -0.014843977578935973	-0.09947480556912741 0.014843977576839477 0.01786280622140831
0.02214401816809648 -0.0008635887003003197 0.09947480556959838	-0.0008635887003508157 0.015585417528882884 -0.014843977578934436	-0.09947480556914572 0.014843977576836545 0.01786280622140846
0.022144018168378396 -0.0008635887001492014 0.09947480556961943	-0.0008635887001994147 0.015585417528966243 -0.014843977578922685	-0.09947480556916487 0.01484397757682623 0.017862806221404747
0.022144018168101888 -0.0008635887002878071 0.09947480556959255	-0.0008635887003350124 0.015585417528874771 -0.014843977578940744	-0.09947480556914687 0.014843977576839532 0.01786280622145879
0.0221440181677183 -0.0008635887005192331 0.09947480556956924	-0.0008635887005614667 0.01558541752877204 -0.014843977578959437	-0.09947480556910981 0.014843977576857747 0.017862806221433672
0.02214401816739938 -0.0008635887006914009 0.09947480556952436	-0.0008635887007567558 0.015585417528690929 -0.014843977578977034	-0.09947480556907634 0.014843977576872176 0.017862806221488444
0.022144018167433586 -0.0008635887006794019 0.09947480556953635	-0.0008635887007135291 0.015585417528693562 -0.014843977578977138	-0.09947480556907153 0.0148439775768748 0.01786280622146617
0.02214401816780607 -0.0008635887004356428 0.09947480556956456	-0.0008635887004994191 0.015585417528780877 -0.014843977578953307	-0.099474805569123 0.014843977576857157 0.017862806221425727
0.022144018168255945 -0.0008635887002192248 0.09947480556960349	-0.0008635887002514022 0.015585417528927434 -0.014843977578929926	-0.0994748055691406 0.014843977576834748 0.017862806221427066
0.022144018168548475 -0.0008635887000265526 0.09947480556962275	-0.0008635887000974559 0.015585417528997302 -0.014843977578910868	-0.0994748055691699 0.01484397757681746 0.017862806221417865
0.02214401816864125 -0.0008635886999964742 0.09947480556963335	-0.0008635887000254701 0.015585417529030698 -0.014843977578912253	-0.09947480556918083 0.014843977576808571 0.017862806221414583
0.02214401816855687 -0.0008635887000376856 0.09947480556963928	-0.0008635887001041359 0.015585417529016717 -0.01484397757890997	-0.09947480556918864 0.014843977576814046 0.017862806221410323
0.02214401816831808 -0.0008635887001961912 0.09947480556962367	-0.0008635887002322613 0.015585417528963273 -0.014843977578924732	-0.09947480556916123 0.014843977576820783 0.017862806221413938
0.02214401816815223 -0.000863588700280052 0.09947480556960339	-0.0008635887003484851 0.015585417528923104 -0.014843977578929662	-0.09947480556914914 0.014843977576830168 0.017862806221469865
0.022144018168250325 -0.0008635887002200445 0.09947480556961685	-0.0008635887002532341 0.015585417528918913 -0.01484397757892638	-0.09947480556916286 0.014843977576822563 0.017862806221403557
0.02214401816841346 -0.0008635887001089112 0.09947480556962808	-0.0008635887001633884 0.015585417528956709 -0.01484397757891236	-0.09947480556917664 0.014843977576819559 0.017862806221409688
0.02214401816849398 -0.0008635887000698803 0.09947480556962683	-0.0008635887001165275 0.01558541752898178 -0.014843977578915507	-0.09947480556917067 0.014843977576816405 0.01786280622142287
0.022144018168418322 -0.0008635887000984334 0.09947480556962048	-0.0008635887001528821 0.015585417528947038 -0.014843977578917346	-0.09947480556916591 0.014843977576819638 0.017862806221430223
0.022144018167955005 -0.0008635887003703431 0.09947480556958663	-0.0008635887004151705 0.015585417528826315 -0.014843977578942815	-0.09947480556912867 0.014843977576845989 0.017862806221395286
0.022144018167522754 -0.000863588700599249 0.09947480556953692	-0.0008635887006582582 0.015585417528697939 -0.014843977578968777	-0.0994748055690901 0.014843977576874386 0.01786280622145676
0.0221440181674332 -0.0008635887006771866 0.09947480556952963	-0.0008635887007106069 0.01558541752869608 -0.014843977578979404	-0.09947480556907771 0.014843977576871687 0.01786280622146892
0.022144018167682352 -0.0008635887005287784 0.09947480556955661	-0.0008635887006025996 0.01558541752877291 -0.01484397757895882	-0.09947480556910071 0.014843977576859662 0.01786280622145357
0.022144018168016463 -0.0008635887003621027 0.09947480556958474	-0.0008635887003976494 0.015585417528876037 -0.014843977578951537	-0.0994748055691201 0.014843977576842627 0.01786280622146732
0.022144018168229643 -0.0008635887002138515 0.09947480556959522	-0.000863588700282897 0.01558541752892212 -0.014843977578932785	-0.09947480556915063 0.01484397757683582 0.017862806221436465
0.022144018168325674 -0.0008635887001876598 0.09947480556960449	-0.0008635887002152853 0.015585417528961299 -0.014843977578934693	-0.09947480556915206 0.014843977576826213 0.017862806221417855
0.022144018168265583 -0.0008635887001791145 0.09947480556960976	-0.0008635887002536348 0.015585417528916241 -0.014843977578918699	-0.09947480556915271 0.014843977576830699 0.017862806221418025
0.022144018168106967 -0.0008635887002832873 0.09947480556959704	-0.0008635887003130803 0.015585417528863967 -0.0148439775789342	-0.09947480556914443 0.014843977576829436 0.01786280622140477
0.022144018168086685 -0.0008635887003055195 0.09947480556959432	-0.0008635887003684167 0.015585417528880766 -0.01484397757892958	-0.09947480556915385 0.014843977576835182 0.017862806221458506
0.02214401816831369 -0.0008635887001975946 0.09947480556962969	-0.0008635887002338217 0.015585417528958773 -0.01484397757892627	-0.09947480556916766 0.014843977576817827 0.01786280622140507
0.022144018168619935 -0.000863588700017591 0.09947480556965524	-0.0008635887000830065 0.015585417529054325 -0.014843977578909037	-0.09947480556920212 0.014843977576807856 0.01786280622142228
0.022144018168785362 -0.0008635886999281946 0.09947480556966207	-0.000863588699970743 0.01558541752908137 -0.014843977578905848	-0.09947480556920686 0.014843977576798804 0.01786280622141318
0.022144018168693477 -0.0008635886999596694 0.0994748055696462	-0.0008635887000078427 0.015585417529034293 -0.014843977578906091	-0.09947480556919948 0.014843977576803391 0.017862806221404164
0.02214401816826723 -0.0008635887001827896 0.09947480556961676	-0.0008635887002252677 0.015585417528887705 -0.014843977578927588	-0.09947480556916503 0.014843977576819985 0.017862806221390137
0.02214401816783841 -0.0008635887004105726 0.09947480556956402	-0.000863588700470264 0.01558541752876931 -0.014843977578949043	-0.09947480556911535 0.014843977576847921 0.017862806221437516
0.02214401816767475 -0.0008635887005297247 0.09947480556955246	-0.000863588700568749 0.0155854175287453 -0.01484397757896088	-0.09947480556909546 0.014843977576863059 0.017862806221438394
0.022144018167803613 -0.00086358870043729 0.09947480556957093	-0.000863588700505678 0.015585417528777757 -0.01484397757895032	-0.0994748055691182 0.014843977576859131 0.017862806221413285
0.022144018168012047 -0.0008635887003675229 0.09947480556958153	-0.000863588700393372 0.015585417528874405 -0.014843977578949324	-0.09947480556913123 0.014843977576842898 0.017862806221464737
0.02214401816810492 -0.000863588700308766 0.09947480556958592	-0.0008635887003828032 0.015585417528914222 -0.014843977578938544	-0.09947480556914103 0.014843977576838946 0.017862806221464123
0.022144018168088524 -0.0008635887003354565 0.09947480556959666	-0.0008635887003653753 0.015585417528904244 -0.014843977578946566	-0.09947480556912805 0.014843977576841302 0.017862806221449628
0.022144018167943577 -0.0008635887003658011 0.0994748055695859	-0.0008635887004375762 0.015585417528838267 -0.01484397757894601	-0.09947480556914086 0.014843977576844528 0.01786280622144324
0.02214401816778896 -0.0008635887004777142 0.09947480556957501	-0.0008635887005021114 0.015585417528788014 -0.014843977578954583	-0.09947480556911743 0.014843977576843644 0.017862806221402842
0.022144018167798308 -0.0008635887004467407 0.09947480556956495	-0.0008635887005168158 0.01558541752877704 -0.0148439775789432	-0.09947480556912185 0.014843977576846405 0.01786280622146606
0.022144018168105895 -0.0008635887002870204 0.09947480556961014	-0.0008635887003193244 0.015585417528856001 -0.01484397757892865	-0.0994748055691474 0.014843977576830418 0.017862806221395952
0.02214401816854981 -0.0008635887000412994 0.09947480556964583	-0.0008635887001019263 0.015585417529011294 -0.01484397757890785	-0.09947480556920846 0.014843977576809095 0.017862806221409018
0.02214401816884903 -0.0008635886999139187 0.09947480556967336	-0.0008635886999510088 0.01558541752911858 -0.014843977578902958	-0.09947480556921487 0.014843977576799207 0.017862806221405538
0.022144018168903212 -0.0008635886998678306 0.09947480556967198	-0.0008635886999258068 0.015585417529133373 -0.014843977578898434	-0.09947480556922336 0.014843977576794874 0.017862806221421113
0.022144018168707563 -0.0008635886999556457 0.09947480556965796	-0.0008635887000091446 0.015585417529044665 -0.014843977578906715	-0.09947480556920053 0.014843977576803238 0.01786280622141958
0.022144018168125557 -0.0008635887002683062 0.0994748055696054	-0.0008635887003268488 0.015585417528869622 -0.014843977578933808	-0.09947480556914753 0.014843977576835914 0.01786280622143148
0.02214401816798526 -0.000863588700340371 0.0994748055695847	-0.0008635887003805437 0.015585417528809691 -0.014843977578945868	-0.09947480556912976 0.014843977576836701 0.017862806221426032
0.022144018168127867 -0.0008635887002541275 0.09947480556959984	-0.0008635887003134776 0.015585417528849146 -0.014843977578930658	-0.09947480556914937 0.014843977576831584 0.01786280622141138
0.02214401816825274 -0.0008635887002158863 0.09947480556960885	-0.0008635887002513979 0.015585417528923251 -0.01484397757893096	-0.09947480556915082 0.014843977576829964 0.01786280622143811
0.022144018168227433 -0.000863588700217419 0.09947480556960774	-0.0008635887002859687 0.015585417528913724 -0.014843977578929374	-0.0994748055691559 0.01484397757683788 0.017862806221425102
0.02214401816808588 -0.0008635887003376301 0.09947480556959852	-0.0008635887003639372 0.01558541752890316 -0.014843977578945115	-0.09947480556914037 0.014843977576839532 0.017862806221446325
0.022144018167826546 -0.0008635887004677101 0.09947480556957163	-0.000863588700532535 0.015585417528829358 -0.014843977578943783	-0.09947480556913627 0.01484397757685019 0.017862806221480707
0.022144018167552532 -0.0008635887006267135 0.09947480556956535	-0.0008635887006559666 0.015585417528732083 -0.014843977578964312	-0.0994748055690942 0.014843977576862493 0.017862806221422584
0.022144018167474206 -0.0008635887006324498 0.09947480556954712	-0.0008635887007019082 0.01558541752869929 -0.014843977578963378	-0.09947480556910258 0.014843977576863874 0.01786280622149132
0.02214401816779149 -0.0008635887004783196 0.09947480556958344	-0.0008635887005065072 0.01558541752878522 -0.014843977578952172	-0.099474805569122 0.014843977576842075 0.017862806221403536
0.02214401816826849 -0.000863588700187698 0.09947480556961466	-0.0008635887002491826 0.01558541752890487 -0.01484397757892128	-0.0994748055691729 0.014843977576821626 0.017862806221421654
0.022144018168637338 -0.0008635886999962799 0.09947480556965542	-0.0008635887000351568 0.01558541752901766 -0.014843977578906969	-0.09947480556918863 0.01484397757680754 0.01786280622140385
0.02214401816883381 -0.0008635886998913335 0.09947480556966876	-0.0008635886999478785 0.015585417529088551 -0.014843977578895738	-0.09947480556922313 0.014843977576798395 0.017862806221414004
0.022144018168778312 -0.0008635886999439285 0.09947480556966554	-0.0008635886999843545 0.015585417529088175 -0.014843977578901834	-0.0994748055692091 0.014843977576804387 0.017862806221418857
0.022144018168480998 -0.0008635887000948612 0.0994748055696401	-0.0008635887001432157 0.015585417528990581 -0.014843977578914879	-0.09947480556919007 0.014843977576817203 0.017862806221407658
0.022144018168198446 -0.0008635887002576264 0.0994748055696082	-0.0008635887002997967 0.015585417528909394 -0.014843977578930825	-0.09947480556915622 0.014843977576835185 0.01786280622142817
0.022144018168408552 -0.0008635887001093162 0.09947480556963702	-0.0008635887001666679 0.015585417528949841 -0.014843977578916024	-0.09947480556918405 0.014843977576819135 0.017862806221405646
0.022144018168569667 -0.000863588700027596 0.09947480556964651	-0.0008635887000670549 0.015585417528987056 -0.014843977578911871	-0.0994748055691822 0.014843977576810222 0.01786280622142273
0.022144018168551736 -0.0008635887000345583 0.0994748055696301	-0.0008635887000934799 0.015585417528986881 -0.0148439775789115	-0.0994748055691886 0.014843977576807804 0.0178628062214211
0.022144018168323978 -0.000863588700188077 0.099474805569624	-0.0008635887002197227 0.015585417528951654 -0.014843977578929444	-0.0994748055691611 0.01484397757682188 0.017862806221417973
0.02214401816794373 -0.000863588700368496 0.0994748055695923	-0.0008635887004386812 0.015585417528832557 -0.014843977578943741	-0.09947480556914774 0.014843977576843494 0.017862806221436996
0.02214401816755677 -0.0008635887006301184 0.09947480556956755	-0.0008635887006549245 0.015585417528732205 -0.0148439775789602	-0.09947480556909677 0.014843977576862746 0.017862806221425415
0.02214401816735894 -0.0008635887007321374 0.0994748055695269	-0.0008635887007978054 0.015585417528695864 -0.014843977578963649	-0.09947480556910095 0.014843977576867902 0.017862806221537325
0.022144018167553292 -0.0008635887006306093 0.09947480556956742	-0.0008635887006554497 0.01558541752873082 -0.01484397757896011	-0.09947480556909671 0.01484397757686231 0.017862806221424478
0.02214401816794543 -0.0008635887003678672 0.09947480556959257	-0.0008635887004379787 0.015585417528833332 -0.014843977578943578	-0.09947480556914809 0.0148439775768432 0.017862806221437804
0.022144018168326965 -0.000863588700187691 0.09947480556962382	-0.0008635887002193844 0.01558541752895326 -0.014843977578929503	-0.09947480556916098 0.014843977576821921 0.017862806221419003
0.022144018168550297 -0.0008635887000345011 0.09947480556962987	-0.0008635887000934504 0.015585417528985984 -0.014843977578911541	-0.09947480556918853 0.014843977576807721 0.01786280622141725
0.022144018168566666 -0.0008635887000275786 0.09947480556964651	-0.0008635887000670644 0.015585417528985276 -0.014843977578911795	-0.09947480556918238 0.014843977576810188 0.017862806221420027
0.022144018168410294 -0.0008635887001091531 0.09947480556963734	-0.0008635887001666211 0.015585417528951132 -0.014843977578916263	-0.0994748055691843 0.014843977576819201 0.017862806221408106
0.02214401816820071 -0.0008635887002582153 0.09947480556960796	-0.000863588700299932 0.015585417528911101 -0.014843977578930988	-0.09947480556915596 0.014843977576835494 0.017862806221430994
0.02214401816847885 -0.0008635887000955911 0.09947480556963997	-0.0008635887001438346 0.01558541752899 -0.014843977578914959	-0.09947480556919014 0.01484397757681703 0.01786280622140816
0.022144018168775557 -0.0008635886999439693 0.09947480556966538	-0.0008635886999844144 0.01558541752908633 -0.014843977578901407	-0.09947480556920912 0.014843977576803991 0.017862806221416047
0.022144018168835593 -0.0008635886998908764 0.09947480556966881	-0.0008635886999473438 0.015585417529089401 -0.014843977578895627	-0.09947480556922318 0.014843977576798263 0.017862806221414687
0.02214401816863889 -0.0008635886999966511 0.09947480556965517	-0.0008635887000355636 0.015585417529019301 -0.014843977578907326	-0.09947480556918833 0.014843977576807749 0.017862806221406072
0.022144018168267117 -0.0008635887001877387 0.09947480556961487	-0.0008635887002491965 0.015585417528904194 -0.014843977578920812	-0.09947480556917307 0.014843977576821356 0.01786280622142014
0.0221440181677895 -0.0008635887004785226 0.0994748055695836	-0.0008635887005069669 0.01558541752878426 -0.014843977578951957	-0.09947480556912212 0.014843977576842131 0.01786280622140252
0.02214401816747675 -0.0008635887006323371 0.09947480556954731	-0.0008635887007019446 0.015585417528700584 -0.014843977578963635	-0.09947480556910271 0.014843977576864096 0.017862806221492483
0.022144018167554742 -0.000863588700626171 0.0994748055695655	-0.0008635887006555685 0.015585417528733186 -0.014843977578964385	-0.09947480556909423 0.014843977576862757 0.017862806221423312
0.02214401816782427 -0.0008635887004675965 0.09947480556957192	-0.0008635887005326599 0.015585417528828327 -0.014843977578943523	-0.09947480556913638 0.01484397757684991 0.017862806221477144
0.022144018168085207 -0.0008635887003377602 0.09947480556959873	-0.0008635887003640872 0.015585417528903132 -0.014843977578945115	-0.0994748055691406 0.014843977576839407 0.01786280622144602
0.022144018168230743 -0.0008635887002164931 0.09947480556960771	-0.0008635887002851703 0.015585417528915133 -0.014843977578929666	-0.09947480556915589 0.014843977576837985 0.01786280622142745
0.02214401816825308 -0.0008635887002157302 0.09947480556960883	-0.0008635887002513519 0.015585417528923232 -0.014843977578930877	-0.09947480556915092 0.014843977576829922 0.01786280622143836
0.022144018168123336 -0.0008635887002550117 0.09947480556959942	-0.0008635887003142577 0.015585417528846731 -0.014843977578930918	-0.0994748055691492 0.014843977576831743 0.017862806221407925
0.022144018167984857 -0.0008635887003399737 0.09947480556958484	-0.0008635887003801334 0.015585417528809353 -0.014843977578945955	-0.09947480556912987 0.014843977576836573 0.01786280622142535
0.022144018168127964 -0.0008635887002678552 0.09947480556960539	-0.0008635887003265123 0.015585417528871184 -0.014843977578933975	-0.09947480556914765 0.014843977576836156 0.01786280622143411
0.022144018168707674 -0.0008635886999551583 0.09947480556965796	-0.0008635887000088271 0.015585417529044743 -0.01484397757890656	-0.0994748055692005 0.014843977576803207 0.01786280622141946
0.022144018168899167 -0.0008635886998686771 0.09947480556967163	-0.0008635886999265405 0.015585417529131897 -0.01484397757889816	-0.09947480556922318 0.014843977576794672 0.017862806221416415
0.022144018168849807 -0.0008635886999136463 0.09947480556967342	-0.0008635886999507816 0.015585417529118465 -0.014843977578902788	-0.09947480556921497 0.014843977576799065 0.017862806221406582
0.022144018168552194 -0.0008635887000407712 0.09947480556964583	-0.000863588700101222 0.015585417529012114 -0.014843977578908	-0.0994748055692084 0.014843977576809383 0.017862806221411193
0.022144018168104664 -0.0008635887002871271 0.09947480556961011	-0.0008635887003195768 0.015585417528855002 -0.014843977578928573	-0.09947480556914742 0.0148439775768304 0.017862806221395237
0.02214401816779545 -0.0008635887004471137 0.09947480556956484	-0.0008635887005170768 0.015585417528775333 -0.014843977578943096	-0.09947480556912174 0.014843977576846228 0.01786280622146262
0.022144018167791248 -0.0008635887004770763 0.09947480556957553	-0.0008635887005015767 0.015585417528788888 -0.014843977578954812	-0.0994748055691179 0.014843977576843491 0.01786280622140291
0.022144018167946214 -0.0008635887003654993 0.09947480556958575	-0.0008635887004371659 0.015585417528839497 -0.014843977578946427	-0.09947480556914075 0.014843977576844868 0.017862806221444927
0.02214401816808704 -0.0008635887003356916 0.0994748055695971	-0.0008635887003655201 0.01558541752890339 -0.014843977578946243	-0.0994748055691282 0.014843977576841062 0.017862806221448868
0.022144018168104546 -0.0008635887003085457 0.0994748055695858	-0.0008635887003826184 0.015585417528914437 -0.014843977578938461	-0.09947480556914101 0.01484397757683873 0.017862806221464293
0.022144018168013875 -0.000863588700367339 0.09947480556958124	-0.0008635887003932844 0.01558541752887587 -0.014843977578949459	-0.0994748055691312 0.014843977576843127 0.01786280622146582
0.022144018167804633 -0.0008635887004371659 0.09947480556957058	-0.0008635887005056676 0.015585417528778522 -0.014843977578950361	-0.09947480556911811 0.014843977576859159 0.017862806221414323
0.022144018167671968 -0.0008635887005301783 0.09947480556955224	-0.0008635887005692625 0.015585417528743985 -0.014843977578960704	-0.09947480556909535 0.014843977576862961 0.017862806221435427
0.02214401816783651 -0.0008635887004112422 0.09947480556956392	-0.0008635887004710477 0.015585417528769189 -0.014843977578948852	-0.09947480556911531 0.014843977576847793 0.017862806221438404
0.022144018168269854 -0.0008635887001823632 0.09947480556961685	-0.0008635887002246883 0.01558541752888907 -0.01484397757892782	-0.09947480556916505 0.014843977576820263 0.017862806221393513
0.022144018168694483 -0.0008635886999593181 0.09947480556964651	-0.0008635887000076961 0.015585417529034409 -0.014843977578906136	-0.09947480556919973 0.014843977576803426 0.01786280622140544
0.022144018168782906 -0.0008635886999280012 0.09947480556966211	-0.0008635886999706242 0.015585417529079802 -0.014843977578905439	-0.09947480556920692 0.014843977576798586 0.017862806221409094
0.0221440181686195 -0.0008635887000176322 0.09947480556965503	-0.0008635887000831739 0.015585417529054197 -0.014843977578908991	-0.09947480556920199 0.014843977576807648 0.017862806221421085
0.022144018168315648 -0.0008635887001975928 0.09947480556962951	-0.000863588700233728 0.015585417528959826 -0.014843977578926582	-0.09947480556916742 0.014843977576818004 0.017862806221405673
0.02214401816808706 -0.0008635887003046881 0.09947480556959452	-0.0008635887003676053 0.015585417528880513 -0.014843977578929312	-0.09947480556915404 0.014843977576834939 0.01786280622145945
0.022144018168103307 -0.0008635887002839604 0.09947480556959683	-0.0008635887003139355 0.015585417528862682 -0.014843977578933968	-0.09947480556914425 0.014843977576829176 0.017862806221402447
0.022144018168266708 -0.0008635887001788569 0.09947480556960989	-0.0008635887002534969 0.015585417528917012 -0.01484397757891871	-0.09947480556915253 0.01484397757683064 0.017862806221418562
0.022144018168329598 -0.0008635887001867959 0.0994748055696045	-0.0008635887002143329 0.015585417528963159 -0.014843977578935016	-0.09947480556915225 0.014843977576826456 0.017862806221417907
0.02214401816822814 -0.0008635887002141872 0.09947480556959494	-0.000863588700283158 0.01558541752892138 -0.014843977578932889	-0.09947480556915062 0.01484397757683589 0.017862806221435653
0.02214401816801393 -0.000863588700362676 0.09947480556958434	-0.0008635887003979993 0.015585417528875222 -0.01484397757895136	-0.09947480556911983 0.014843977576842454 0.017862806221467308
0.02214401816768492 -0.0008635887005286023 0.09947480556955693	-0.0008635887006024755 0.015585417528774728 -0.014843977578958625	-0.09947480556910092 0.014843977576859561 0.01786280622145822
0.022144018167434866 -0.0008635887006775153 0.09947480556952912	-0.0008635887007109582 0.015585417528696957 -0.014843977578979473	-0.0994748055690773 0.014843977576872218 0.01786280622147074
0.022144018167520187 -0.0008635887005995395 0.09947480556953693	-0.0008635887006585253 0.015585417528695952 -0.01484397757896859	-0.09947480556908989 0.014843977576874185 0.01786280622145238
0.022144018167953354 -0.000863588700370255 0.09947480556958689	-0.0008635887004150933 0.015585417528825293 -0.014843977578942576	-0.09947480556912872 0.014843977576845586 0.01786280622139457
0.022144018168421105 -0.0008635887000983597 0.09947480556962061	-0.0008635887001527866 0.015585417528948693 -0.01484397757891769	-0.09947480556916635 0.014843977576819947 0.017862806221435077
0.02214401816849703 -0.0008635887000696726 0.09947480556962697	-0.0008635887001164676 0.015585417528983805 -0.014843977578915757	-0.09947480556917106 0.01484397757681678 0.01786280622142584
0.022144018168411016 -0.000863588700109396 0.09947480556962815	-0.0008635887001638923 0.015585417528955897 -0.014843977578912131	-0.09947480556917672 0.014843977576819246 0.017862806221409018
0.02214401816824922 -0.0008635887002199534 0.0994748055696168	-0.0008635887002530478 0.015585417528918368 -0.014843977578926214	-0.09947480556916272 0.014843977576822466 0.017862806221400865
0.02214401816815452 -0.0008635887002798512 0.0994748055696033	-0.000863588700348434 0.015585417528924398 -0.014843977578929964	-0.09947480556914924 0.014843977576830387 0.017862806221471628
0.022144018168319273 -0.000863588700196251 0.09947480556962351	-0.0008635887002322127 0.01558541752896423 -0.014843977578924916	-0.09947480556916116 0.014843977576821002 0.017862806221416495
0.022144018168554516 -0.0008635887000376149 0.0994748055696393	-0.0008635887001042274 0.015585417529015735 -0.0148439775789098	-0.09947480556918871 0.014843977576813903 0.01786280622140881
0.022144018168640568 -0.0008635886999965887 0.09947480556963342	-0.0008635887000255655 0.015585417529030613 -0.014843977578912246	-0.09947480556918104 0.014843977576808515 0.01786280622141533
0.022144018168551036 -0.0008635887000263227 0.09947480556962289	-0.0008635887000972555 0.015585417528998467 -0.014843977578911004	-0.09947480556917007 0.014843977576817626 0.017862806221420363
0.022144018168256493 -0.0008635887002186766 0.09947480556960338	-0.0008635887002508818 0.015585417528927246 -0.014843977578930061	-0.09947480556914044 0.01484397757683481 0.01786280622142692
0.022144018167802218 -0.000863588700436119 0.09947480556956453	-0.0008635887004997999 0.015585417528778624 -0.014843977578953265	-0.09947480556912269 0.014843977576857036 0.017862806221422105
0.022144018167433863 -0.000863588700679653 0.09947480556953642	-0.0008635887007137195 0.01558541752869359 -0.014843977578977156	-0.09947480556907132 0.014843977576874803 0.017862806221468373
0.022144018167402496 -0.0008635887006913099 0.09947480556952432	-0.000863588700756617 0.015585417528692549 -0.014843977578977256	-0.09947480556907617 0.014843977576872447 0.017862806221490883
0.0221440181677173 -0.0008635887005194421 0.0994748055695692	-0.000863588700561543 0.015585417528771241 -0.014843977578959174	-0.09947480556910976 0.014843977576857514 0.017862806221432354
0.022144018168098877 -0.0008635887002878947 0.0994748055695925	-0.0008635887003351208 0.015585417528872708 -0.01484397757894081	-0.09947480556914684 0.014843977576839425 0.01786280622145507
0.02214401816838103 -0.0008635887001486224 0.09947480556961971	-0.0008635887001986441 0.01558541752896727 -0.01484397757892282	-0.09947480556916524 0.014843977576826078 0.01786280622140541
0.022144018168100257 -0.0008635887002994645 0.0994748055695986	-0.0008635887003499284 0.01558541752888493 -0.014843977578934603	-0.09947480556914602 0.014843977576836833 0.017862806221411336
0.022144018167959627 -0.000863588700359191 0.09947480556958252	-0.0008635887004042817 0.015585417528817449 -0.0148439775789358	-0.09947480556912759 0.014843977576839334 0.01786280622140752
0.022144018167941204 -0.0008635887003702516 0.09947480556958048	-0.00086358870042975 0.015585417528820835 -0.014843977578932823	-0.09947480556912693 0.014843977576842408 0.017862806221457774
0.02214401816824957 -0.000863588700216765 0.09947480556961301	-0.0008635887002536253 0.015585417528919523 -0.014843977578925204	-0.09947480556916105 0.014843977576825023 0.017862806221398672
0.022144018168625546 -0.0008635887000217439 0.09947480556964619	-0.0008635887000790574 0.015585417529057663 -0.014843977578907774	-0.09947480556919534 0.014843977576812203 0.01786280622141948
0.022144018168848513 -0.0008635886999053457 0.0994748055696659	-0.0008635886999478794 0.015585417529126611 -0.014843977578904096	-0.09947480556920016 0.014843977576800536 0.017862806221422237
0.02214401816883392 -0.0008635886998870678 0.09947480556966097	-0.0008635886999472254 0.015585417529092368 -0.014843977578898777	-0.09947480556920879 0.01484397757679861 0.017862806221407707
0.022144018168566915 -0.0008635887000275904 0.09947480556963569	-0.0008635887000636513 0.015585417528991275 -0.014843977578916118	-0.0994748055691792 0.014843977576810951 0.01786280622141723
0.022144018168125144 -0.0008635887002532341 0.0994748055695953	-0.0008635887003099751 0.01558541752885173 -0.01484397757893003	-0.09947480556914927 0.014843977576833516 0.017862806221414493
0.022144018167671344 -0.0008635887005312435 0.09947480556955934	-0.0008635887005739237 0.015585417528742516 -0.014843977578958237	-0.0994748055690945 0.014843977576863135 0.017862806221424134
0.022144018167519753 -0.0008635887006040645 0.09947480556953857	-0.0008635887006563361 0.015585417528693813 -0.01484397757896877	-0.09947480556909881 0.01484397757687194 0.01786280622145564
0.022144018167714254 -0.0008635887005204847 0.09947480556957179	-0.0008635887005609359 0.015585417528770696 -0.014843977578957446	-0.0994748055691136 0.014843977576857428 0.017862806221430997
0.022144018167981727 -0.0008635887003842586 0.09947480556958375	-0.000863588700435524 0.015585417528864956 -0.014843977578943655	-0.09947480556913302 0.014843977576843071 0.017862806221489214
0.02214401816813796 -0.0008635887002956489 0.09947480556960349	-0.0008635887003491079 0.015585417528909839 -0.014843977578936837	-0.09947480556914401 0.014843977576836722 0.017862806221434803
0.022144018168172075 -0.0008635887002565335 0.09947480556960198	-0.0008635887003006094 0.015585417528906399 -0.014843977578940362	-0.09947480556915032 0.014843977576833686 0.017862806221448133
0.022144018167639987 -0.0008635887005422919 0.0994748055695629	-0.0008635887005928825 0.015585417528741267 -0.014843977578959701	-0.0994748055691049 0.014843977576858208 0.017862806221431726
0.022144018167628423 -0.0008635887005619715 0.09947480556954903	-0.0008635887006118179 0.015585417528752398 -0.014843977578958216	-0.09947480556910142 0.014843977576853722 0.017862806221468124
0.022144018167960647 -0.0008635887003588067 0.09947480556958378	-0.0008635887004078769 0.015585417528813277 -0.014843977578937361	-0.09947480556912658 0.014843977576839383 0.017862806221395584
0.022144018168409507 -0.0008635887001069223 0.09947480556962791	-0.0008635887001607456 0.015585417528958563 -0.014843977578914973	-0.09947480556917447 0.014843977576819541 0.01786280622141651
0.02214401816878215 -0.0008635886999274521 0.09947480556966323	-0.0008635886999712027 0.01558541752908307 -0.014843977578901622	-0.09947480556920175 0.014843977576804626 0.017862806221408813
0.022144018168902595 -0.000863588699874079 0.09947480556966294	-0.000863588699924399 0.015585417529134591 -0.01484397757889876	-0.09947480556922673 0.014843977576797479 0.0178628062214077
0.02214401816877347 -0.0008635886999413993 0.09947480556966858	-0.0008635886999859097 0.015585417529085478 -0.014843977578901834	-0.09947480556920356 0.014843977576805303 0.0178628062214266
0.022144018168409718 -0.0008635887001109928 0.0994748055696388	-0.0008635887001662967 0.015585417528948571 -0.014843977578918935	-0.09947480556918668 0.014843977576816523 0.01786280622140156
0.02214401816798834 -0.0008635887003429193 0.09947480556959161	-0.0008635887003854885 0.015585417528806355 -0.014843977578942916	-0.09947480556913424 0.014843977576837444 0.01786280622141957
0.02214401816783825 -0.0008635887004186131 0.09947480556956763	-0.000863588700467482 0.015585417528764894 -0.014843977578950618	-0.09947480556912626 0.014843977576844594 0.017862806221448046
0.022144018167950703 -0.0008635887003707967 0.09947480556959848	-0.0008635887004183412 0.015585417528816314 -0.014843977578940494	-0.09947480556913564 0.014843977576844292 0.01786280622139362
0.022144018168097385 -0.0008635887002880665 0.09947480556960106	-0.0008635887003409426 0.015585417528868844 -0.014843977578938891	-0.09947480556915081 0.014843977576840212 0.017862806221444573
0.022144018168141624 -0.0008635887003002555 0.09947480556960064	-0.0008635887003435073 0.015585417528910236 -0.01484397757893689	-0.09947480556915252 0.014843977576837912 0.017862806221443248
0.022144018168051588 -0.0008635887003520144 0.09947480556958874	-0.0008635887004010117 0.015585417528900226 -0.01484397757894041	-0.09947480556913797 0.014843977576840233 0.017862806221472863
0.022144018167858444 -0.0008635887004457415 0.09947480556958363	-0.0008635887005005588 0.015585417528830659 -0.014843977578948113	-0.09947480556912619 0.014843977576850315 0.01786280622144308
0.022144018167391963 -0.0008635887007126955 0.09947480556953386	-0.0008635887007596528 0.015585417528702081 -0.014843977578971133	-0.0994748055690834 0.014843977576871073 0.017862806221497156
0.022144018167639685 -0.0008635887005398347 0.09947480556956433	-0.0008635887005978135 0.015585417528741104 -0.014843977578960083	-0.09947480556910444 0.01484397757685877 0.017862806221422188
0.02214401816809699 -0.0008635887003010812 0.09947480556960009	-0.0008635887003457538 0.015585417528886295 -0.01484397757893785	-0.09947480556914981 0.014843977576831778 0.017862806221427992
0.022144018168495733 -0.0008635887000699701 0.09947480556962805	-0.000863588700121435 0.015585417528977696 -0.014843977578919247	-0.09947480556917322 0.01484397757681252 0.017862806221410153
0.022144018168693456 -0.0008635886999594981 0.09947480556964954	-0.0008635887000103819 0.015585417529032732 -0.014843977578905501	-0.09947480556920296 0.014843977576803238 0.017862806221408012
0.02214401816870734 -0.0008635886999575262 0.09947480556966605	-0.0008635887000091776 0.015585417529047269 -0.01484397757890292	-0.09947480556920375 0.01484397757680556 0.017862806221425474
0.02214401816847901 -0.0008635887000999435 0.09947480556964179	-0.0008635887001447809 0.01558541752898642 -0.014843977578915212	-0.09947480556919963 0.014843977576816127 0.017862806221396747
0.02214401816819543 -0.0008635887002558856 0.09947480556961434	-0.0008635887003030267 0.015585417528907389 -0.014843977578934874	-0.09947480556916521 0.014843977576832416 0.017862806221429606
0.02214401816812852 -0.0008635887002718771 0.09947480556961558	-0.0008635887003236049 0.015585417528865693 -0.014843977578932434	-0.09947480556915737 0.014843977576832812 0.017862806221436857
0.022144018168266565 -0.0008635887001815458 0.09947480556962408	-0.0008635887002309724 0.01558541752888399 -0.014843977578927501	-0.09947480556917432 0.014843977576819115 0.017862806221386664
0.022144018168420272 -0.0008635887001053706 0.09947480556962737	-0.0008635887001532524 0.015585417528940772 -0.01484397757892084	-0.09947480556917479 0.01484397757681415 0.017862806221434165
0.022144018168379086 -0.0008635887001478418 0.099474805569623	-0.0008635887001967593 0.015585417528963117 -0.014843977578925187	-0.09947480556917299 0.01484397757681898 0.017862806221420172
0.02214401816817603 -0.0008635887002552368 0.09947480556960796	-0.0008635887003105389 0.015585417528905226 -0.014843977578937156	-0.09947480556915014 0.014843977576838745 0.01786280622143325
0.022144018167858118 -0.0008635887004498875 0.09947480556958069	-0.0008635887004949548 0.015585417528835445 -0.014843977578948165	-0.09947480556913173 0.01484397757685008 0.01786280622144856
0.022144018167518383 -0.0008635887006400028 0.0994748055695463	-0.0008635887006895205 0.015585417528737003 -0.014843977578962119	-0.09947480556909627 0.014843977576863884 0.01786280622146069
