0.04153368777283857 -0.0031882248486785527 0.11189795022500988	-0.0031882248486797176 0.010582365321318196 -0.021831771836996222	-0.11189795022500766 0.021831771836996486 0.042285470215703724
0.04153368997084354 -0.003188220855083145 0.11189794863572264	-0.003188220855085239 0.01058237511510433 -0.021831770957109885	-0.1118979486357201 0.02183177095710969 0.04228548656670903
0.041533684422834796 -0.0031882251190000982 0.11189795199061803	-0.0031882251190012557 0.010582357332222717 -0.02183177335923603	-0.11189795199061753 0.021831773359236778 0.042285456140811584
0.04153368075349065 -0.003188224556298744 0.11189795521557164	-0.0031882245562952025 0.010582343133478701 -0.021831776745592328	-0.11189795521557061 0.021831776745593962 0.042285435723034386
0.04153368322087881 -0.0031882154313911068 0.11189795440441211	-0.0031882154313909537 0.010582352256794877 -0.02183177751045727	-0.11189795440440879 0.021831777510454627 0.04228545622835099
0.04153368387554199 -0.003188214911585052 0.11189795332599659	-0.00318821491157941 0.010582357138131146 -0.021831776126348238	-0.11189795332600046 0.021831776126346427 0.04228546384825549
0.041533681698013775 -0.003188225291406257 0.11189795381312136	-0.003188225291406344 0.010582348835088698 -0.02183177458296503	-0.1118979538131207 0.02183177458296602 0.042285444623958224
0.04153368452183213 -0.003188228278252705 0.11189795208823226	-0.003188228278245917 0.010582355631262861 -0.021831772661748544	-0.11189795208823694 0.02183177266174593 0.042285453424888125
0.041533689790890185 -0.0031882222509028524 0.11189794888301295	-0.0031882222509031916 0.010582373900785026 -0.021831770883080068	-0.11189794888300957 0.021831770883078017 0.04228548450667101
0.04153368785995556 -0.003188222399715529 0.11189794984301012	-0.003188222399711031 0.010582368469178254 -0.02183177189435002	-0.11189794984301459 0.02183177189434992 0.04228547507942961
0.04153368198912316 -0.0031882259291026154 0.11189795400976862	-0.0031882259291065016 0.010582346901262139 -0.021831775448065454	-0.11189795400976346 0.021831775448065454 0.04228544015837543
0.0415336817227632 -0.003188220016950735 0.11189795518687688	-0.003188220016949573 0.010582345846653844 -0.02183177754221635	-0.1118979551868804 0.021831777542213007 0.04228544331847146
0.04153368400143628 -0.0031882135555611722 0.11189795364257797	-0.003188213555565273 0.010582357403739404 -0.021831776674273447	-0.11189795364257095 0.021831776674273416 0.04228546522809551
0.04153368237281036 -0.003188220159216216 0.1118979536008305	-0.0031882201592169763 0.010582353249623207 -0.021831775156549903	-0.11189795360083012 0.02183177515654998 0.04228545445358728
0.04153368226376966 -0.0031882283543905126 0.11189795335263127	-0.0031882283543932166 0.010582348935864058 -0.021831773823060903	-0.11189795335262748 0.021831773823061677 0.042285443022114955
0.04153368587764291 -0.00318821520959154 0.11189795246030854	-0.0031882152095927424 0.010582361665731076 -0.02183177522048168	-0.11189795246031105 0.02183177522048106 0.04228547169203166
0.04153368524653192 -0.0031882244309285167 0.11189795240031737	-0.0031882244309312732 0.01058235583297212 -0.021831773652592222	-0.11189795240031239 0.0218317736525911 0.04228545689104701
0.041533685219540775 -0.003188230226194997 0.11189795150950778	-0.003188230226196344 0.010582356307654873 -0.021831771768200184	-0.11189795150950976 0.02183177176819724 0.04228545251455995
0.04153368898429827 -0.0031882234837013424 0.11189794931964327	-0.0031882234837010094 0.010582371123294717 -0.021831771262342807	-0.11189794931964167 0.02183177126234214 0.04228547849954354
0.04153368765406457 -0.0031882192772933254 0.11189795062251617	-0.0031882192772912845 0.010582367663952118 -0.021831773684896975	-0.11189795062251867 0.02183177368489668 0.04228547582652267
0.041533680364464226 -0.0031882233015803375 0.11189795490113941	-0.0031882233015758142 0.010582344531402306 -0.021831776788939286	-0.11189795490113849 0.02183177678893687 0.042285437909848615
0.04153367872314547 -0.003188221704189197 0.11189795591116201	-0.003188221704188092 0.010582340636255797 -0.021831777391206963	-0.11189795591116294 0.02183177739120354 0.042285433553496975
0.041533684069022796 -0.0031882151298392187 0.11189795336746801	-0.0031882151298334663 0.010582357430628863 -0.02183177588984499	-0.11189795336747303 0.0218317758898467 0.04228546498845667
0.04153368596001705 -0.003188219262711173 0.11189795229196571	-0.0031882192627129984 0.010582360488098545 -0.021831774237055256	-0.11189795229196685 0.02183177423705273 0.04228546779338208
0.04153368434915507 -0.003188229280198106 0.11189795229999122	-0.0031882292801961596 0.010582353677757025 -0.021831772602724175	-0.11189795229999278 0.02183177260272201 0.04228544969084704
0.04153368700933624 -0.0031882275126820375 0.11189795025763774	-0.003188227512686284 0.010582363444573056 -0.021831771339207065	-0.11189795025763496 0.021831771339207245 0.04228546417244076
0.04153368958082371 -0.0031882195636875775 0.11189794926531599	-0.0031882195636864924 0.010582372850183938 -0.021831772293049535	-0.11189794926531672 0.02183177229305225 0.042285483533597054
0.041533684124714976 -0.0031882209757304217 0.11189795275692274	-0.003188220975736786 0.010582356042915254 -0.02183177525818753	-0.11189795275691759 0.021831775258185096 0.042285457393924836
0.04153367808477408 -0.003188224301837006 0.11189795610009737	-0.003188224301837821 0.010582338777503978 -0.02183177716856565	-0.11189795610009864 0.02183177716856435 0.04228542896804664
0.041533680925795964 -0.0031882183004136276 0.11189795478000443	-0.003188218300419393 0.010582348960810136 -0.021831776647595006	-0.11189795478000028 0.021831776647595037 0.04228544904970653
0.041533681151978794 -0.0031882206526229425 0.11189795506547513	-0.003188220652620968 0.010582346729251636 -0.021831777090671314	-0.1118979550654761 0.021831777090673736 0.04228544401661006
0.04153367930241006 -0.0031882225779195604 0.11189795662640518	-0.003188222577922329 0.010582338041084369 -0.02183177816158855	-0.11189795662640657 0.02183177816158566 0.042285431505541274
0.0415336845513207 -0.003188217708940341 0.11189795306981372	-0.0031882177089367263 0.010582356585471703 -0.02183177486371252	-0.11189795306981602 0.021831774863712253 0.042285462674262676
0.041533687271046754 -0.00318821981207402 0.11189795044614327	-0.003188219812072733 0.010582367767306087 -0.0218317719272306	-0.11189795044614209 0.021831771927227444 0.042285477157720526
0.04153368482817981 -0.003188229245247384 0.11189795138520395	-0.0031882292452435554 0.010582358302607005 -0.02183177224285957	-0.111897951385206 0.02183177224285813 0.042285455890814456
0.04153368520095372 -0.003188228730342997 0.11189795135809162	-0.0031882287303392023 0.010582357891229641 -0.021831772936164867	-0.1118979513580925 0.02183177293616257 0.0422854545207876
0.04153368772477749 -0.0031882190361742797 0.11189795028856231	-0.0031882190361721243 0.01058236768373028 -0.021831773174949297	-0.11189795028856553 0.021831773174946716 0.042285474845001975
0.04153368445196042 -0.0031882175552414987 0.11189795282032987	-0.0031882175552405585 0.010582357616330277 -0.021831775471854595	-0.11189795282032938 0.021831775471849266 0.042285461823172166
0.041533679187682526 -0.00318822267679758 0.11189795656905721	-0.003188222676799261 0.010582338524057613 -0.021831778060612893	-0.11189795656905839 0.02183177806061186 0.042285431857693186
0.0415336812956329 -0.003188220611976658 0.11189795526823279	-0.0031882206119752633 0.01058234579054492 -0.02183177664810347	-0.1118979552682326 0.021831776648103426 0.04228544456461195
0.04153368656242794 -0.0031882173721621237 0.1118979512601065	-0.0031882173721676102 0.010582365575134567 -0.021831773046857128	-0.11189795126010657 0.021831773046853707 0.04228547531156204
0.0415336863010172 -0.0031882244159390344 0.11189795066154726	-0.0031882244159392482 0.010582363825925822 -0.021831772062061446	-0.1118979506615453 0.021831772062063062 0.0422854674574135
0.04153368460965673 -0.003188230541036002 0.11189795167772215	-0.0031882305410420512 0.010582355168552363 -0.021831772893540984	-0.1118979516777193 0.021831772893541386 0.04228545022189206
0.0415336869177394 -0.0031882239021770757 0.11189795065433358	-0.0031882239021759954 0.01058236361228765 -0.021831772811696848	-0.11189795065433375 0.021831772811697372 0.04228546630792519
0.04153368682141509 -0.0031882171210049744 0.11189795108771888	-0.003188217121010392 0.010582366320521931 -0.021831773812499837	-0.11189795108771641 0.02183177381249721 0.04228547433010111
0.04153368373293612 -0.003188229353479499 0.11189795216215455	-0.0031882293534767825 0.010582354077632857 -0.021831773151540657	-0.11189795216215526 0.021831773151538163 0.04228544734095065
0.04153368527814965 -0.00318821916217789 0.11189795205450731	-0.0031882191621801933 0.010582360891943423 -0.021831775189802217	-0.11189795205450404 0.021831775189799275 0.0422854655730006
0.041533683876515716 -0.0031882148420018315 0.11189795334373809	-0.0031882148419958923 0.010582356832464106 -0.0218317764851575	-0.11189795334374096 0.021831776485159445 0.04228546361349213
0.04153367880647933 -0.0031882219594917822 0.11189795601072117	-0.003188221959490126 0.010582340272615676 -0.021831776575712537	-0.11189795601072348 0.021831776575710022 0.04228543458449351
0.041533680656990486 -0.0031882239606259334 0.11189795491867939	-0.0031882239606219323 0.01058234522333064 -0.02183177524270892	-0.1118979549186794 0.0218317752427088 0.042285441462989556
0.0415336882708634 -0.003188219317701597 0.11189795065992234	-0.003188219317698593 0.010582367916488752 -0.021831773066095968	-0.1118979506599248 0.021831773066091624 0.04228547858183284
0.04153368935389204 -0.003188222879755143 0.11189794943964436	-0.0031882228797511436 0.010582370266281027 -0.021831771780306687	-0.11189794943964584 0.02183177178030956 0.042285477705482945
0.041533684711321864 -0.003188229945382695 0.11189795148197589	-0.0031882299453817368 0.010582355952594148 -0.021831772457078298	-0.11189795148197626 0.021831772457075085 0.04228544973915131
0.041533684411324406 -0.0031882246220474365 0.1118979521813968	-0.0031882246220503517 0.01058235649897847 -0.021831774224905454	-0.11189795218139452 0.021831774224905592 0.04228545488442795
0.04153368565255359 -0.0031882152602260034 0.11189795235457707	-0.003188215260226476 0.01058236184794862 -0.02183177575702962	-0.11189795235457824 0.0218317757570271 0.04228547076087437
0.041533681200425006 -0.0031882182862593023 0.11189795487687834	-0.0031882182862624136 0.010582348474946669 -0.02183177657533981	-0.1118979548768739 0.021831776575343527 0.04228544903052392
0.041533678342792854 -0.0031882246107738433 0.11189795616477592	-0.003188224610774852 0.010582338993653653 -0.0218317762705159	-0.11189795616477635 0.021831776270511645 0.042285430819918216
0.04153368453819795 -0.003188221199642745 0.1118979527706922	-0.0031882211996494686 0.01058235669607939 -0.021831774469133182	-0.11189795277068772 0.021831774469133744 0.0422854604607228
0.04153369023067113 -0.0031882192990441535 0.11189794940584791	-0.003188219299043953 0.010582372612045764 -0.021831772268557075	-0.11189794940584688 0.021831772268558584 0.04228548502270006
0.041533687187608734 -0.003188227259304173 0.11189795038796858	-0.003188227259307684 0.01058236292303317 -0.021831771687311964	-0.11189795038796845 0.021831771687311277 0.042285462972446966
0.04153368738635617 -0.003188222500315083 0.11189795005368863	-0.003188222500312088 0.010582367734369005 -0.021831771528744093	-0.11189795005369282 0.021831771528739562 0.04228547394934626
0.04153368920335376 -0.003188222008705304 0.11189794876481181	-0.0031882220087059926 0.010582373901125949 -0.021831771364416462	-0.11189794876481018 0.021831771364415477 0.04228548201587881
0.04153368431778644 -0.0031882275351276445 0.11189795189726498	-0.003188227535122178 0.010582355746861258 -0.021831774216893224	-0.11189795189726554 0.021831774216890764 0.04228545120145068
0.0415336821187101 -0.0031882248174357848 0.11189795373743548	-0.003188224817435529 0.010582348900494351 -0.021831775467520978	-0.11189795373743475 0.021831775467519972 0.042285443758152505
0.041533684556432415 -0.0031882152955427113 0.1118979532276657	-0.003188215295538246 0.010582357840123997 -0.021831775242434133	-0.11189795322767189 0.021831775242431753 0.042285465336487624
0.04153368365786847 -0.0031882160667340365 0.11189795433432366	-0.0031882160667368754 0.010582353133627587 -0.021831776230987025	-0.11189795433432 0.02183177623098484 0.042285459548623325
0.04153368071814008 -0.003188224747085808 0.11189795540899	-0.0031882247470836666 0.010582342808564687 -0.02183177637424076	-0.111897955408991 0.021831776374239185 0.04228543789914474
0.04153368393185344 -0.00318822509928458 0.11189795228671091	-0.003188225099285743 0.01058235607874369 -0.021831773375378172	-0.111897952286712 0.021831773375376902 0.04228545510149845
0.04153368933105464 -0.003188220891963657 0.11189794866175501	-0.003188220891965514 0.010582374567540173 -0.02183177103082993	-0.11189794866175513 0.02183177103082985 0.04228548400760697
0.041533687542358644 -0.0031882246277822285 0.11189795005734404	-0.0031882246277857083 0.010582365769444897 -0.021831772632053142	-0.11189795005734082 0.021831772632049586 0.042285468724078484
0.04153368267799258 -0.003188227913984219 0.11189795328443451	-0.003188227913986644 0.010582349408771374 -0.02183177493682314	-0.11189795328443378 0.021831774936825372 0.042285442681875895
0.04153368299578513 -0.0031882201077285365 0.1118979535531307	-0.0031882201077287602 0.010582353609812967 -0.021831775204208124	-0.1118979535531291 0.0218317752042085 0.04228545459720194
0.04153368431763406 -0.0031882139597494575 0.11189795348392999	-0.0031882139597541924 0.010582357949044625 -0.021831775731788974	-0.11189795348392892 0.021831775731789134 0.04228546653387494
0.04153368170594737 -0.003188220335780997 0.11189795517776646	-0.0031882203357801323 0.01058234592685584 -0.021831776814988633	-0.1118979551777689 0.02183177681498405 0.04228544570271287
0.04153368177043983 -0.0031882260520562098 0.11189795429482079	-0.00318822605205815 0.010582346095536356 -0.021831775050986595	-0.11189795429481815 0.0218317750509899 0.04228544147407788
0.04153368372133534 -0.0031882155811326835 0.11189795337688108	-0.003188215581126197 0.01058235734678653 -0.021831775143188056	-0.11189795337688128 0.021831775143184958 0.04228546578404979
0.04153368199342379 -0.0031882253936694263 0.1118979538760582	-0.003188225393668718 0.010582348770694864 -0.02183177421586431	-0.11189795387606044 0.021831774215867145 0.0422854445209344
0.041533684956691394 -0.0031882275886533917 0.11189795201014308	-0.0031882275886479412 0.01058235572940408 -0.02183177359204506	-0.11189795201014782 0.021831773592039888 0.04228545223116107
0.041533690235558654 -0.0031882214027714323 0.11189794879007042	-0.0031882214027710454 0.010582374234894044 -0.021831772320571464	-0.11189794879006727 0.021831772320573546 0.04228548345206841
0.04153368813407402 -0.003188222097038085 0.11189794990276068	-0.003188222097034536 0.010582368482832465 -0.021831772423937572	-0.11189794990276296 0.02183177242393374 0.04228547415852087
0.041533681725558214 -0.0031882262496188314 0.11189795410437181	-0.0031882262496216113 0.010582346613281727 -0.021831774888488524	-0.11189795410437084 0.021831774888490984 0.04228543992926011
0.04153368098915615 -0.0031882206379252017 0.11189795517032022	-0.0031882206379242953 0.010582345766103217 -0.02183177671494474	-0.11189795517032107 0.02183177671494252 0.04228544451214407
0.041533683472194445 -0.0031882140988806237 0.11189795361318397	-0.003188214098886066 0.010582357396806635 -0.02183177601224262	-0.11189795361317882 0.021831776012241223 0.04228546662759483
0.041533682474377207 -0.0031882202565977616 0.11189795363859163	-0.003188220256599213 0.010582352997388092 -0.021831774775683918	-0.1118979536385938 0.02183177477568344 0.042285454513289515
0.04153368272837599 -0.0031882279196140204 0.11189795334512151	-0.0031882279196173598 0.010582348915515696 -0.021831774105732712	-0.11189795334511883 0.02183177410573384 0.04228544248225845
0.04153368822541306 -0.0031882242753366735 0.11189795015424985	-0.003188224275338417 0.010582365863610659 -0.021831772777910936	-0.1118979501542447 0.02183177277790837 0.04228547010445903
0.04153369027192981 -0.0031882205572593865 0.11189794864596181	-0.0031882205572623503 0.010582375438436506 -0.021831771758270786	-0.11189794864595903 0.021831771758268115 0.04228548590259801
0.04153368437438225 -0.003188225112064275 0.11189795206653318	-0.00318822511206626 0.010582356873575876 -0.02183177345079152	-0.11189795206653479 0.021831773450794116 0.04228545458161584
0.04153368023243983 -0.0031882247875400574 0.11189795520276208	-0.003188224787539653 0.010582342631059727 -0.021831776305577852	-0.11189795520276377 0.021831776305574126 0.04228543543259851
0.04153368261722093 -0.003188216001579466 0.11189795434988319	-0.0031882160015802934 0.01058235235628183 -0.02183177672047352	-0.11189795434988296 0.021831776720471006 0.04228545822648734
0.041533680996469306 -0.0031882237765146542 0.11189795487484994	-0.003188223776511876 0.010582345440161943 -0.0218317760553873	-0.11189795487484999 0.02183177605538159 0.04228544153889778
0.041533680080242295 -0.003188222206545863 0.11189795588836075	-0.0031882222065447354 0.010582341778979657 -0.021831776228246457	-0.11189795588836195 0.02183177622824542 0.04228543801171013
0.041533684980489136 -0.003188215133386914 0.11189795336733017	-0.003188215133381319 0.010582357606056594 -0.021831775298786615	-0.1118979533673334 0.02183177529878532 0.04228546642585611
0.041533685629956345 -0.003188218942257205 0.11189795229687285	-0.003188218942258704 0.01058236013734757 -0.02183177488122908	-0.11189795229687252 0.021831774881229282 0.04228546622613336
0.041533683237606936 -0.003188229025262511 0.11189795229897924	-0.003188229025259485 0.010582353267847514 -0.02183177375893023	-0.11189795229897471 0.021831773758927003 0.04228544670583927
0.04153368596569976 -0.003188227415814803 0.11189795027573864	-0.0031882274158186886 0.010582362684827271 -0.02183177189088336	-0.11189795027573808 0.021831771890885164 0.04228546086243698
0.041533689072333374 -0.003188219629997535 0.11189794929988192	-0.0031882196299981287 0.010582372245112404 -0.021831772137275635	-0.11189794929988373 0.021831772137274327 0.04228548200362696
0.04153368446969143 -0.003188221201938781 0.11189795275493612	-0.003188221201944017 0.010582356591456697 -0.021831774850682023	-0.11189795275493085 0.021831774850684986 0.04228545954090937
0.04153367927211417 -0.0031882244675297123 0.1118979560484806	-0.003188224467529908 0.010582339908481342 -0.021831776581737062	-0.11189795604847774 0.02183177658173576 0.04228543298657633
0.041533682093800796 -0.0031882182365756077 0.11189795474168736	-0.0031882182365783216 0.010582349301325686 -0.021831775998377493	-0.11189795474168482 0.02183177599838034 0.04228545131156947
0.04153368604605358 -0.0031882151186682422 0.11189795247729536	-0.0031882151186687097 0.010582361388651467 -0.0218317751019388	-0.11189795247729728 0.021831775101939017 0.04228547146605295
0.04153368448741585 -0.003188224444398003 0.11189795243895717	-0.003188224444399735 0.010582355789571344 -0.02183177431653887	-0.11189795243895226 0.021831774316538072 0.04228545540531939
0.04153368426865396 -0.0031882300686162765 0.11189795153054012	-0.003188230068615329 0.010582356020973703 -0.021831772662171327	-0.11189795153054134 0.021831772662168295 0.042285449736157596
0.0415336882333328 -0.003188223100489417 0.11189794932418612	-0.003188223100486657 0.010582370122740667 -0.02183177179480568	-0.11189794932418433 0.0218317717948084 0.042285475111334944
0.04153368736479411 -0.003188219190968497 0.11189795061343981	-0.0031882191909669375 0.010582367163707352 -0.02183177364668027	-0.11189795061344376 0.02183177364667961 0.04228547517222402
0.04153368567700491 -0.0031882283731330457 0.1118979513684888	-0.0031882283731286204 0.010582357881835844 -0.02183177326928496	-0.11189795136849126 0.021831773269284177 0.04228545420230883
0.04153368842884775 -0.0031882193669697167 0.111897950229447	-0.0031882193669669446 0.010582368830125276 -0.021831772604898533	-0.11189795022944853 0.021831772604894748 0.042285478383663644
0.04153368465724826 -0.0031882181937032475 0.11189795282605047	-0.0031882181937008362 0.010582358048552284 -0.021831774329513963	-0.11189795282604714 0.02183177432951319 0.04228546469469614
0.04153367844952731 -0.003188223142001744 0.11189795665106286	-0.003188223142003379 0.01058233762306878 -0.021831777217147182	-0.1118979566510644 0.021831777217148168 0.04228543121823372
0.04153368029976974 -0.003188220709262525 0.11189795525910019	-0.003188220709261054 0.01058234512722718 -0.021831776781129526	-0.11189795525910051 0.021831776781125994 0.04228544274269542
0.041533686210762234 -0.0031882171022365254 0.11189795117606126	-0.003188217102241204 0.01058236569321775 -0.021831773884824393	-0.11189795117605748 0.021831773884823803 0.042285474092570656
0.04153368668229543 -0.003188223928884287 0.11189795068100394	-0.003188223928885055 0.010582363826889686 -0.021831772827168035	-0.1118979506809992 0.02183177282716712 0.042285466118013745
0.04153368534677539 -0.003188230162241395 0.11189795175206745	-0.003188230162247708 0.010582355245983652 -0.021831773236096544	-0.11189795175206801 0.02183177323609991 0.04228544968283064
0.04153368765239249 -0.003188223889514345 0.1118979506009469	-0.003188223889515158 0.010582364402830217 -0.021831772757319245	-0.11189795060094233 0.02183177275731838 0.04228546817279487
0.04153368707038341 -0.0031882174432250054 0.11189795098703956	-0.003188217443229679 0.010582366794496804 -0.021831773264940863	-0.11189795098703588 0.021831773264940246 0.04228547665458166
0.04153368063044381 -0.0031882211302792945 0.11189795510781765	-0.003188221130277941 0.010582346005894848 -0.02183177614474738	-0.11189795510781786 0.02183177614474406 0.04228544424275748
0.04153367851344204 -0.0031882230039561865 0.11189795672461943	-0.003188223003957432 0.010582337435689246 -0.02183177750997543	-0.11189795672462112 0.021831777509976516 0.04228543092509282
0.04153368421437656 -0.0031882177652588963 0.11189795304984744	-0.0031882177652563072 0.010582357042467256 -0.021831775155118707	-0.11189795304984433 0.02183177515511788 0.042285462676596865
0.04153368737768563 -0.0031882192847959307 0.11189795038871572	-0.0031882192847932436 0.01058236795035159 -0.02183177296638906	-0.1118979503887173 0.021831772966385235 0.0422854757798618
0.04153368505851431 -0.003188228463342584 0.11189795140972245	-0.0031882284633380454 0.010582357587268046 -0.02183177325205721	-0.11189795140972449 0.02183177325205657 0.04228545298226079
0.0415336877399142 -0.003188218557280682 0.11189795067618871	-0.003188218557279193 0.010582366856259063 -0.02183177409694337	-0.11189795067619247 0.021831774096942667 0.042285474550171544
0.041533688658213774 -0.003188222674795858 0.11189794944922396	-0.003188222674793125 0.010582369818970002 -0.021831772221858115	-0.11189794944922217 0.02183177222186095 0.04228547540756887
0.04153368410487639 -0.003188230453990028 0.1118979514958742	-0.003188230453989094 0.010582356261227038 -0.021831772207402254	-0.11189795149587549 0.021831772207399444 0.042285450527107124
0.04153368414041415 -0.0031882252225791195 0.11189795222518278	-0.003188225222580809 0.010582356408628356 -0.02183177335970822	-0.11189795222517812 0.02183177335970706 0.04228545631241582
0.04153368603005854 -0.003188215465428688 0.11189795236731104	-0.0031882154654289995 0.010582361619535775 -0.021831774826907457	-0.11189795236731291 0.021831774826907752 0.04228547205917143
0.041533682086746175 -0.00318821814372058 0.11189795482011755	-0.003188218143723399 0.010582349087236622 -0.02183177639420005	-0.11189795482011503 0.021831776394202865 0.042285451046738955
0.041533679089151676 -0.0031882242765806645 0.11189795612565348	-0.003188224276580807 0.010582339756808296 -0.021831776886389716	-0.11189795612565091 0.021831776886388522 0.04228543194589225
0.041533684627889866 -0.003188220791634318 0.11189795280814943	-0.0031882207916394934 0.010582356459644175 -0.021831775178755987	-0.11189795280814407 0.021831775178758887 0.0422854586216823
0.04153368962237992 -0.0031882190744792985 0.11189794943897288	-0.0031882190744796507 0.010582371925012136 -0.021831772730538296	-0.111897949438975 0.021831772730536915 0.04228548191699334
0.04153368619602244 -0.00318822739512624 0.11189795036238241	-0.003188227395130145 0.010582362651866357 -0.02183177197110762	-0.11189795036238213 0.021831771971109387 0.04228546152580744
0.04153368299189697 -0.00318822970746377 0.11189795215121344	-0.0031882297074606603 0.010582353845988796 -0.021831772917116424	-0.11189795215120889 0.02183177291711337 0.042285447705691634
0.041533685455341265 -0.0031882195553234556 0.11189795209330315	-0.0031882195553249748 0.01058236065486242 -0.021831774148280893	-0.11189795209330285 0.021831774148281226 0.042285467093432685
0.04153368490452691 -0.0031882152004346787 0.11189795335449705	-0.0031882152004291406 0.010582357478473359 -0.021831775420397742	-0.11189795335450023 0.021831775420396767 0.04228546651561906
0.041533679758752245 -0.0031882220134634076 0.11189795596790637	-0.003188222013462342 0.010582341405219256 -0.021831776589875514	-0.11189795596790765 0.021831776589874674 0.042285437043094974
0.04153368078980252 -0.003188223426562547 0.11189795489545232	-0.003188223426559664 0.010582345214273009 -0.021831776254044227	-0.11189795489545226 0.021831776254038666 0.04228544022794306
0.04153368264759438 -0.0031882158448591855 0.11189795426604505	-0.0031882158448599722 0.010582352435451615 -0.02183177685438708	-0.11189795426604486 0.021831776854384564 0.04228545732104448
0.04153367974347569 -0.0031882243672386947 0.11189795544863645	-0.0031882243672381686 0.010582341648056246 -0.021831777156080343	-0.11189795544863813 0.02183177715607673 0.042285433444029186
0.04153368354923024 -0.00318822495664211 0.11189795236780246	-0.003188224956644026 0.010582355810941269 -0.021831774024650617	-0.11189795236780409 0.021831774024653416 0.04228545272800201
0.04153368980132503 -0.0031882208650364325 0.11189794864347846	-0.0031882208650393287 0.010582375326414487 -0.0218317713220344	-0.11189794864347555 0.02183177132203185 0.04228548549456913
0.041533688626475204 -0.0031882245876556324 0.11189795000628733	-0.0031882245876573897 0.010582366449671633 -0.021831772156621503	-0.11189795000628251 0.021831772156618794 0.042285471608053314
0.041533683627480236 -0.0031882280091848976 0.11189795329012239	-0.003188228009188241 0.010582349618437185 -0.02183177398447428	-0.11189795329011969 0.021831773984475476 0.042285444866754555
0.041533683136131094 -0.0031882203534333475 0.11189795354037546	-0.003188220353434708 0.010582353765351079 -0.02183177466745738	-0.11189795354037771 0.021831774667456796 0.04228545606106585
0.04153368362146774 -0.0031882141232661212 0.11189795344165787	-0.003188214123271732 0.010582357861835753 -0.02183177585130196	-0.1118979534416529 0.02183177585130043 0.04228546641585716
0.04153368066066352 -0.003188220290296113 0.11189795523378498	-0.003188220290295179 0.010582345200399246 -0.021831777212268345	-0.11189795523378576 0.021831777212266087 0.04228544283813752
0.04153368095722922 -0.0031882258173060807 0.11189795441091441	-0.0031882258173086993 0.010582345336934418 -0.021831775722729107	-0.1118979544109132 0.02183177572273146 0.04228543777808226
0.04153368730100883 -0.0031882221157135335 0.1118979500358936	-0.0031882221157100727 0.01058236773245915 -0.02183177241997155	-0.11189795003589577 0.021831772419967813 0.042285472769492544
0.04153369001056771 -0.003188221734267093 0.11189794864567909	-0.0031882217342667912 0.010582374410650984 -0.02183177157488917	-0.11189794864567579 0.021831771574891388 0.04228548379726889
0.04153368550341198 -0.003188227773177248 0.11189795188817567	-0.0031882277731718226 0.010582356270641325 -0.021831773168304335	-0.1118979518881806 0.02183177316829893 0.042285454147189885
0.04153368276446079 -0.003188225458587806 0.11189795381666572	-0.003188225458587093 0.010582349452503364 -0.02183177415147094	-0.11189795381666816 0.021831774151473925 0.04228544660606256
0.04153368420001663 -0.003188215663156635 0.11189795321155954	-0.003188215663150121 0.010582358095595941 -0.021831774938997114	-0.11189795321155949 0.02183177493899423 0.04228546658264884
0.041533681547476914 -0.0031882266252172622 0.11189795402569533	-0.0031882266252191596 0.010582346753713608 -0.021831774412258725	-0.11189795402569294 0.02183177441226182 0.042285441706485696
0.041533681129835506 -0.003188220524780472 0.11189795513504322	-0.003188220524779747 0.01058234584649951 -0.0218317769860098	-0.1118979551350458 0.021831776986005202 0.042285444655524376
0.04153368392911829 -0.0031882136338059097 0.11189795367226117	-0.0031882136338105133 0.010582357258865405 -0.021831776572225365	-0.11189795367226003 0.02183177657222581 0.042285464951508936
0.04153368300867756 -0.0031882196893210186 0.11189795362201979	-0.0031882196893211045 0.0105823532372783 -0.021831775558210885	-0.11189795362201804 0.02183177555821131 0.04228545351429782
0.0415336829636397 -0.00318822764595399 0.11189795326097264	-0.0031882276459565184 0.010582349449287983 -0.02183177472821919	-0.11189795326097193 0.02183177472822137 0.042285442815493006
0.04153368795155585 -0.00318822448456132 0.11189795016504321	-0.0031882244845648647 0.010582365732793824 -0.021831772559007485	-0.11189795016503999 0.021831772559004186 0.04228546996578602
0.041533689637928146 -0.003188221033837692 0.11189794870613101	-0.0031882210338394735 0.010582374672286999 -0.02183177084811906	-0.11189794870613134 0.02183177084811941 0.04228548544721122
0.041533683823574113 -0.0031882255977171998 0.1118979520446964	-0.0031882255977183117 0.010582356628809512 -0.021831772679874552	-0.11189795204469717 0.021831772679873157 0.04228545574215931
0.041533680204612504 -0.0031882251365005195 0.11189795519005445	-0.003188225136498419 0.010582343131444669 -0.021831776003456017	-0.1118979551900551 0.021831776003454487 0.042285437367916706
0.041533683157762694 -0.0031882159166765752 0.11189795443204713	-0.0031882159166794852 0.010582352665923774 -0.021831776852926157	-0.11189795443204348 0.02183177685292406 0.042285458183947966
0.04153368438441156 -0.0031882148536438127 0.11189795338725894	-0.003188214853639502 0.01058235722012075 -0.02183177596235838	-0.11189795338726505 0.02183177596235596 0.0422854639182448
0.04153368226203248 -0.003188224509070919 0.11189795373998263	-0.0031882245090705105 0.010582348778924765 -0.021831775476981636	-0.11189795373998188 0.021831775476980477 0.04228544319069391
0.041533684723540305 -0.0031882273886102448 0.11189795195542451	-0.0031882273886045306 0.01058235582654676 -0.02183177406243495	-0.1118979519554254 0.021831774062432585 0.0422854519807723
0.04153368977471293 -0.0031882220313221256 0.11189794891347733	-0.0031882220313227475 0.010582374011805189 -0.021831771377547205	-0.11189794891347604 0.021831771377546376 0.04228548370645363
0.04153368773664058 -0.0031882228885658347 0.11189794997414425	-0.0031882228885627695 0.010582368260855594 -0.02183177112269042	-0.11189794997414867 0.021831771122685834 0.04228547539170657
0.04153368685627874 -0.003188227610673294 0.11189795028769303	-0.003188227610676768 0.010582362986156028 -0.021831770967816362	-0.11189795028769295 0.021831770967815453 0.04228546343264365
0.04153369008023607 -0.0031882197485638827 0.11189794923722651	-0.003188219748563817 0.010582373148738177 -0.021831771618270313	-0.11189794923722543 0.021831771618272017 0.04228548585337445
0.04153368510321839 -0.00318822113225374 0.11189795268804689	-0.003188221132260698 0.010582357176680147 -0.021831774682479654	-0.11189795268804233 0.021831774682479814 0.04228546141247387
0.041533679126971305 -0.0031882242073116187 0.11189795604700814	-0.0031882242073126487 0.010582339428459826 -0.021831776731174278	-0.11189795604700835 0.021831776731170014 0.04228543118341359
0.04153368119796162 -0.003188218078730756 0.11189795478256472	-0.0031882180787339443 0.010582348617388328 -0.02183177668280797	-0.11189795478256014 0.021831776682811707 0.04228544818871681
0.04153368498955102 -0.003188215177044107 0.11189795251378781	-0.003188215177044752 0.010582361186166896 -0.021831775946732586	-0.11189795251378885 0.0218317759467302 0.04228546930508219
0.0415336839178911 -0.0031882244797302246 0.11189795246293835	-0.0031882244797331472 0.010582355456040924 -0.0218317745366624	-0.1118979524629363 0.021831774536662775 0.0422854540591867
0.04153368449673188 -0.003188230080992642 0.1118979515305936	-0.003188230080991566 0.010582355622357608 -0.021831772129058624	-0.11189795153059387 0.02183177212905566 0.042285449984191176
0.04153368923946535 -0.0031882233878892142 0.11189794928324916	-0.003188223387885245 0.010582370815148272 -0.021831770978114215	-0.11189794928325081 0.02183177097811709 0.042285478634847516
0.04153368863969226 -0.0031882195976937863 0.1118979505641866	-0.0031882195976907575 0.01058236861360077 -0.02183177289705333	-0.11189795056418944 0.02183177289704912 0.04228547976552169
0.041533681543695605 -0.0031882237284406017 0.11189795486419124	-0.0031882237284366725 0.010582345764493815 -0.021831775770845677	-0.11189795486419148 0.02183177577084551 0.04228544232862318
0.0415336793140564 -0.003188221682220702 0.11189795590200341	-0.0031882216822190453 0.010582340684555104 -0.02183177691401552	-0.11189795590200557 0.021831776914012918 0.04228543439431012
0.04153368354977219 -0.0031882147562075757 0.11189795337582695	-0.003188214756201636 0.010582356681548525 -0.02183177660139102	-0.11189795337582979 0.02183177660139269 0.04228546243238938
0.041533684759718886 -0.0031882190166179175 0.11189795232317949	-0.0031882190166202546 0.010582360002516191 -0.02183177553257628	-0.1118979523231767 0.021831775532573327 0.042285464474624515
0.041533683436806745 -0.003188229273215837 0.11189795235066195	-0.003188229273212874 0.010582353297133655 -0.021831773212375564	-0.11189795235066283 0.02183177321237309 0.04228544710354106
0.041533686899745154 -0.0031882168310579558 0.11189795122085887	-0.003188216831063557 0.010582365863610745 -0.021831773836685033	-0.11189795122085644 0.021831773836682555 0.04228547439913222
0.041533687012561674 -0.0031882240596672077 0.11189795070940707	-0.003188224059666146 0.010582363725326518 -0.021831772202779293	-0.11189795070940683 0.021831772202779865 0.04228546725438375
0.041533685250516594 -0.0031882306004162725 0.11189795166933311	-0.0031882306004225 0.01058235557497694 -0.021831772566256062	-0.11189795166933018 0.0218317725662565 0.04228545193994754
0.04153368705514614 -0.0031882243322980293 0.11189795058409699	-0.003188224332298096 0.010582364267594794 -0.021831772210463587	-0.11189795058409496 0.021831772210465072 0.04228546878883201
0.04153368631775987 -0.0031882176489105313 0.11189795111762309	-0.003188217648915999 0.010582365947265754 -0.021831773066065936	-0.11189795111762296 0.021831773066062585 0.042285474823943375
0.04153368035068355 -0.003188220995936365 0.11189795518327658	-0.0031882209959349884 0.0105823458050625 -0.021831776666072368	-0.11189795518327648 0.021831776666072424 0.04228544269874605
0.04153367880999758 -0.003188222497728156 0.1118979566490586	-0.0031882224977299828 0.010582338039671036 -0.021831778566306036	-0.1118979566490598 0.021831778566305124 0.04228543044235768
0.04153368471806035 -0.0031882171064813616 0.11189795298467554	-0.0031882171064802913 0.010582357096822563 -0.021831775914273287	-0.1118979529846754 0.021831775914267992 0.04228546168795952
0.04153368793381542 -0.0031882190220754916 0.11189795039589229	-0.003188219022073439 0.010582367641048362 -0.021831772832452134	-0.11189795039589613 0.021831772832449702 0.04228547562244172
0.04153368553016022 -0.003188228936933023 0.11189795138486056	-0.0031882289369292065 0.0105823582112505 -0.021831772361381462	-0.11189795138486153 0.02183177236137939 0.042285455935162516
0.04153368552516812 -0.0031882292039660245 0.11189795134575253	-0.0031882292039622988 0.010582358649809432 -0.021831772189331772	-0.11189795134575499 0.02183177218933062 0.042285457405661725
0.041533687478830045 -0.0031882198487174366 0.1118979503146438	-0.0031882198487160583 0.010582368092648453 -0.02183177203087306	-0.11189795031464286 0.021831772030869834 0.042285477465819815
0.04153368376625983 -0.003188218054757051 0.11189795290725085	-0.0031882180547534228 0.010582356763939833 -0.02183177476024418	-0.1118979529072531 0.021831774760244015 0.04228546127218517
0.04153367848837858 -0.0031882226335150895 0.1118979565887838	-0.0031882226335180593 0.010582337727145607 -0.021831778362512468	-0.1118979565887851 0.02183177836250967 0.04228542966734172
0.04153368103650182 -0.0031882201866236196 0.11189795518292502	-0.0031882201866219343 0.010582346022931715 -0.021831777638845452	-0.11189795518292595 0.02183177763884786 0.042285443074600734
0.04153368156644725 -0.003188217946868465 0.11189795484086687	-0.0031882179468742354 0.01058234910725615 -0.02183177730396529	-0.11189795484086279 0.021831777303965454 0.042285449269334814
0.04153367808431517 -0.0031882243196220596 0.11189795620695135	-0.0031882243196228897 0.010582338755870674 -0.021831777125988376	-0.11189795620695261 0.021831777125987196 0.04228542891747859
0.04153368396188784 -0.0031882210633220344 0.11189795283372846	-0.0031882210633283306 0.010582355800780216 -0.02183177484724494	-0.11189795283372331 0.021831774847242594 0.042285457493805
0.041533689488415106 -0.003188219523310009 0.11189794942064409	-0.0031882195233090844 0.010582372256153895 -0.021831772229629707	-0.11189794942064424 0.02183177222963271 0.04228548382430357
0.041533686589558486 -0.0031882277257983985 0.1118979503757776	-0.0031882277258026047 0.010582363067542417 -0.021831771297725365	-0.11189795037577466 0.02183177129772553 0.04228546410750668
0.04153368391155346 -0.0031882296955800093 0.11189795215857022	-0.003188229695578142 0.01058235407772827 -0.021831772269856664	-0.11189795215857169 0.021831772269854454 0.04228544934848229
0.04153368631473668 -0.003188219239018606 0.11189795203488137	-0.0031882192390204084 0.010582361212956044 -0.021831774293554332	-0.1118979520348822 0.021831774293551605 0.04228546782677209
0.04153368487594128 -0.0031882146668033686 0.11189795330059696	-0.0031882146667975555 0.010582357754074172 -0.021831776553942653	-0.11189795330060165 0.02183177655394418 0.042285465299134316
0.0415336789252085 -0.003188221472511713 0.11189795599789405	-0.003188221472510388 0.01058234056415825 -0.02183177770569991	-0.11189795599789493 0.021831777705696588 0.04228543349990037
0.04153367997775329 -0.003188223382728653 0.11189795495864101	-0.0031882233827239606 0.010582344262215012 -0.021831776380903795	-0.1118979549586404 0.021831776380901387 0.04228543761198508
0.04153368736323555 -0.0031882192431299966 0.11189795070843819	-0.0031882192431278277 0.010582367070502693 -0.02183177335123456	-0.11189795070844052 0.021831773351234283 0.04228547581501986
0.0415336886960663 -0.0031882234712411134 0.1118979494678792	-0.0031882234712406663 0.01058237046390962 -0.02183177125082156	-0.11189794946787797 0.02183177125082083 0.04228547856776824
0.04153368470428129 -0.0031882305627795237 0.11189795149308497	-0.003188230562781 0.010582356300848979 -0.021831771526615994	-0.11189795149308708 0.021831771526612993 0.04228545227055063
0.04153368515070781 -0.0031882246974942446 0.11189795215635416	-0.0031882246974968935 0.010582356501645452 -0.021831773406200905	-0.11189795215634896 0.021831773406199798 0.04228545670646511
0.04153368656419297 -0.003188214950927529 0.11189795229008853	-0.003188214950928606 0.010582362239410774 -0.021831775661258837	-0.11189795229009104 0.021831775661258008 0.04228547192154712
0.04153368258086443 -0.0031882282529258395 0.11189795334260039	-0.0031882282529285713 0.010582349220695845 -0.021831774436259256	-0.1118979533425965 0.02183177443625997 0.04228544303465101
0.04153368205418713 -0.0031882202558555506 0.11189795354762547	-0.003188220255856137 0.010582353383303003 -0.021831775516383087	-0.11189795354762495 0.021831775516383295 0.042285453572531814
0.04153368336507508 -0.003188213767781305 0.11189795347499332	-0.0031882137677855067 0.010582357405538641 -0.021831776388452774	-0.11189795347498618 0.021831776388452746 0.04228546400573309
0.04153368127084542 -0.003188220010413093 0.11189795524238269	-0.003188220010411846 0.010582345296298562 -0.02183177739623941	-0.11189795524238624 0.021831777396236166 0.042285442702665266
0.04153368186898107 -0.003188225767530959 0.11189795430814115	-0.0031882257675348415 0.010582346122226737 -0.021831775558174338	-0.1118979543081357 0.021831775558174157 0.04228544052762636
0.04153368809039168 -0.003188222350036871 0.11189794993871606	-0.0031882223500323565 0.010582368387981073 -0.02183177156835206	-0.11189794993872029 0.021831771568351893 0.04228547606412161
0.041533690352117084 -0.003188222222095153 0.11189794869464385	-0.003188222222095531 0.010582374490878342 -0.02183177042143824	-0.11189794869464059 0.021831770421435998 0.042285485481808494
0.04153368499337514 -0.003188228128730382 0.11189795197925921	-0.0031882281287233345 0.01058235603882401 -0.02183177294310873	-0.11189795197926398 0.021831772943106037 0.04228545374971811
0.04153368154356586 -0.00318822525704863 0.11189795381271221	-0.0031882252570488157 0.010582348887615545 -0.021831775189346904	-0.11189795381271152 0.021831775189348063 0.04228544390993053
0.04153368323376615 -0.0031882151258037766 0.11189795319510128	-0.0031882151257981786 0.010582357194723429 -0.02183177611179695	-0.11189795319510507 0.021831776111795168 0.042285462526021916
0.04153368273924486 -0.0031882155703195905 0.11189795431578926	-0.0031882155703194907 0.010582352098371318 -0.021831777221999936	-0.1118979543157861 0.021831777221997212 0.04228545538247353
0.04153368070124951 -0.0031882244447015897 0.11189795544803352	-0.0031882244446979164 0.010582342530488634 -0.021831776852506993	-0.11189795544803272 0.02183177685250849 0.042285435962635114
0.0415336846403796 -0.003188225041667319 0.11189795226460475	-0.0031882250416683496 0.0105823569533885 -0.02183177336803675	-0.11189795226460415 0.02183177336803755 0.042285457094731194
0.041533690420408845 -0.0031882209308915534 0.11189794858825662	-0.0031882209308936307 0.010582375512075849 -0.021831770494213646	-0.11189794858825416 0.021831770494213486 0.0422854875991327
0.0415336883861747 -0.003188224832418411 0.11189795006493125	-0.0031882248324194328 0.010582365951996102 -0.021831771735496	-0.11189795006492917 0.02183177173549606 0.042285470929996405
