0.022062671145926624 0.0009461324413269721 0.09949839039811423	0.0009461324414006423 0.015188215559721694 0.014797963147212666	-0.09949839039776796 -0.014797963145063507 0.016868000243613245
0.02206267114618833 0.0009461324412033782 0.09949839039814179	0.0009461324412271569 0.01518821555978848 0.014797963147210911	-0.09949839039777561 -0.014797963145050972 0.016868000243578242
0.022062671146328733 0.0009461324410801842 0.09949839039814763	0.0009461324411487275 0.015188215559805448 0.014797963147200489	-0.09949839039780105 -0.014797963145045882 0.016868000243561436
0.02206267114635798 0.0009461324410852331 0.09949839039815267	0.0009461324411149611 0.015188215559805724 0.014797963147202123	-0.09949839039778961 -0.014797963145038805 0.016868000243561512
0.02206267114622138 0.0009461324411159568 0.09949839039814624	0.0009461324411802422 0.015188215559732099 0.014797963147200874	-0.09949839039778759 -0.01479796314504241 0.016868000243530173
0.022062671146085774 0.0009461324412034233 0.0994983903981343	0.000946132441246866 0.01518821555969646 0.014797963147213319	-0.09949839039777009 -0.014797963145048252 0.016868000243552086
0.02206267114623097 0.0009461324411358975 0.09949839039814531	0.0009461324411866963 0.015188215559757086 0.014797963147208125	-0.09949839039779325 -0.014797963145042222 0.01686800024356052
0.0220626711465846 0.0009461324409599011 0.09949839039818557	0.0009461324410132686 0.015188215559874095 0.014797963147183225	-0.09949839039782543 -0.014797963145029843 0.016868000243539117
0.022062671146881725 0.000946132440812395 0.09949839039820832	0.0009461324408518742 0.015188215559970492 0.014797963147170502	-0.0994983903978483 -0.014797963145013415 0.016868000243552346
0.022062671146947224 0.000946132440758298 0.09949839039821062	0.0009461324408205581 0.015188215559974395 0.014797963147161832	-0.09949839039785782 -0.014797963145012038 0.016868000243553078
0.02206267114675061 0.000946132440870117 0.09949839039818865	0.0009461324409010558 0.015188215559911046 0.014797963147179183	-0.09949839039782878 -0.014797963145014244 0.016868000243543808
0.022062671146375053 0.0009461324410519403 0.09949839039815792	0.0009461324411218948 0.015188215559802657 0.014797963147185775	-0.0994983903977998 -0.014797963145035224 0.01686800024355804
0.022062671145894983 0.000946132441346038 0.09949839039812218	0.0009461324413705821 0.015188215559682484 0.014797963147220261	-0.09949839039775228 -0.014797963145051756 0.016868000243536428
0.022062671145581803 0.0009461324414944284 0.09949839039808275	0.00094613244156979 0.015188215559600855 0.014797963147233185	-0.09949839039773375 -0.014797963145075498 0.01686800024362714
0.022062671145655063 0.0009461324414918645 0.09949839039810089	0.000946132441511466 0.015188215559637095 0.014797963147234913	-0.09949839039773242 -0.014797963145067393 0.01686800024355895
0.02206267114618559 0.000946132441199822 0.09949839039814282	0.0009461324412261478 0.015188215559788134 0.014797963147215407	-0.09949839039777364 -0.014797963145048356 0.016868000243567348
0.02206267114620572 0.0009461324411740397 0.09949839039813385	0.0009461324412429351 0.01518821555979388 0.01479796314720852	-0.09949839039778971 -0.014797963145043749 0.016868000243591814
0.02206267114611557 0.0009461324412279107 0.09949839039813756	0.0009461324412565085 0.015188215559751524 0.014797963147213586	-0.099498390397768 -0.01479796314505611 0.01686800024358901
0.02206267114589769 0.0009461324412933809 0.09949839039811646	0.0009461324413622468 0.015188215559660847 0.014797963147223266	-0.09949839039776855 -0.014797963145066845 0.016868000243536272
0.0220626711457657 0.0009461324413908316 0.09949839039810018	0.000946132441425033 0.015188215559628073 0.014797963147230156	-0.09949839039774186 -0.014797963145071775 0.016868000243561117
0.022062671145937383 0.000946132441277169 0.09949839039811033	0.0009461324413322088 0.015188215559652721 0.014797963147222294	-0.09949839039775979 -0.014797963145056395 0.01686800024356415
0.022062671146374117 0.0009461324410424765 0.09949839039816698	0.0009461324410933204 0.015188215559778345 0.014797963147192884	-0.0994983903978005 -0.01479796314503298 0.016868000243520462
0.022062671146816683 0.0009461324408276059 0.09949839039820016	0.0009461324408749005 0.0151882155599307 0.01479796314717828	-0.09949839039784295 -0.014797963145008641 0.016868000243550722
0.02206267114701482 0.0009461324407431925 0.09949839039821522	0.0009461324407993958 0.015188215560012226 0.01479796314716706	-0.09949839039786178 -0.014797963145004946 0.016868000243550257
0.022062671146959627 0.0009461324407823543 0.0994983903982152	0.0009461324408187642 0.015188215560007455 0.014797963147169153	-0.09949839039785272 -0.014797963145007635 0.016868000243544925
0.022062671146665554 0.0009461324409076981 0.09949839039818864	0.0009461324409738613 0.015188215559896346 0.014797963147174464	-0.09949839039783932 -0.014797963145021513 0.016868000243554476
0.02206267114620964 0.000946132441152733 0.09949839039814737	0.0009461324411806802 0.015188215559746258 0.014797963147199989	-0.09949839039778692 -0.014797963145039787 0.01686800024353317
0.022062671145896773 0.0009461324413081516 0.09949839039810679	0.0009461324413800741 0.015188215559668471 0.014797963147212302	-0.09949839039776223 -0.014797963145053428 0.01686800024359745
0.022062671145893758 0.0009461324413413122 0.0994983903981242	0.0009461324413658377 0.01518821555968157 0.014797963147220858	-0.09949839039775206 -0.01479796314505501 0.016868000243533125
0.02206267114604934 0.000946132441226418 0.09949839039812942	0.0009461324413034379 0.015188215559726246 0.01479796314721658	-0.0994983903977796 -0.014797963145053158 0.016868000243571914
0.022062671146319324 0.0009461324410746693 0.09949839039814902	0.0009461324411444087 0.015188215559795045 0.014797963147206175	-0.09949839039779808 -0.014797963145045414 0.016868000243550917
0.02206267114610824 0.0009461324412255506 0.09949839039813957	0.0009461324412574461 0.015188215559745581 0.014797963147218866	-0.09949839039776856 -0.014797963145049612 0.016868000243574963
0.022062671145777438 0.0009461324413890266 0.0994983903981046	0.0009461324414586601 0.015188215559654926 0.014797963147230874	-0.09949839039775706 -0.01479796314506391 0.016868000243571643
0.022062671145528914 0.0009461324415370384 0.09949839039808396	0.0009461324415716652 0.015188215559577908 0.014797963147246587	-0.0994983903977149 -0.014797963145086135 0.016868000243590902
0.022062671145609107 0.0009461324414541516 0.09949839039808656	0.0009461324415143166 0.015188215559581601 0.014797963147238975	-0.09949839039773375 -0.014797963145083429 0.016868000243570706
0.022062671146049276 0.000946132441232022 0.09949839039813112	0.0009461324412764443 0.015188215559704885 0.01479796314721277	-0.09949839039777711 -0.014797963145053876 0.016868000243519657
0.022062671146527872 0.0009461324409675695 0.09949839039816369	0.000946132441019475 0.01518821555982681 0.014797963147188883	-0.09949839039781107 -0.014797963145026398 0.01686800024357027
0.022062671146801112 0.0009461324408257636 0.09949839039819246	0.000946132440876362 0.015188215559915313 0.014797963147173417	-0.09949839039783649 -0.014797963145014185 0.016868000243533365
0.02206267114688764 0.0009461324407965752 0.09949839039820986	0.000946132440841285 0.015188215559963414 0.014797963147172178	-0.0994983903978438 -0.014797963145009845 0.01686800024353541
0.022062671146727338 0.0009461324408892213 0.09949839039819547	0.0009461324409510375 0.015188215559934609 0.014797963147180435	-0.09949839039784723 -0.014797963145013835 0.016868000243548606
0.022062671146422245 0.0009461324410657756 0.09949839039817594	0.0009461324411011163 0.015188215559840158 0.01479796314719439	-0.09949839039780711 -0.014797963145028684 0.0168680002435304
0.022062671146182558 0.0009461324411622852 0.09949839039814357	0.0009461324412285447 0.015188215559764587 0.014797963147198674	-0.0994983903977954 -0.014797963145044044 0.016868000243585438
0.02206267114620198 0.0009461324411480093 0.09949839039814881	0.0009461324411770178 0.015188215559736146 0.014797963147201165	-0.09949839039778562 -0.014797963145040862 0.01686800024352918
0.022062671146363316 0.0009461324410425368 0.09949839039815432	0.0009461324411130182 0.015188215559787666 0.01479796314719348	-0.09949839039780861 -0.014797963145035647 0.016868000243539235
0.022062671146425405 0.000946132441048326 0.09949839039816202	0.0009461324410760851 0.015188215559833275 0.01479796314720061	-0.09949839039779648 -0.014797963145037198 0.01686800024353219
0.0220626711463466 0.000946132441079074 0.09949839039815538	0.0009461324411073856 0.015188215559797533 0.014797963147200683	-0.09949839039779146 -0.014797963145045175 0.016868000243541514
0.02206267114589182 0.0009461324412941563 0.099498390398119	0.0009461324413604765 0.015188215559655433 0.014797963147221628	-0.09949839039776613 -0.014797963145067396 0.0168680002435377
0.022062671145523877 0.0009461324415363198 0.09949839039808632	0.0009461324415704288 0.015188215559579655 0.014797963147246653	-0.09949839039771745 -0.01479796314508533 0.01686800024358493
0.022062671145496378 0.0009461324415520728 0.09949839039807068	0.0009461324416140003 0.015188215559579006 0.014797963147247375	-0.09949839039772147 -0.014797963145081486 0.016868000243609335
0.022062671145811515 0.0009461324413799609 0.09949839039811421	0.0009461324414207816 0.015188215559659386 0.014797963147230205	-0.09949839039775175 -0.014797963145066144 0.0168680002435524
0.0220626711461989 0.0009461324411499245 0.09949839039814296	0.0009461324412049507 0.015188215559755159 0.014797963147206699	-0.0994983903977798 -0.014797963145053075 0.016868000243581576
0.022062671146480813 0.0009461324410155519 0.09949839039816102	0.0009461324410601404 0.015188215559848454 0.014797963147193359	-0.09949839039781021 -0.014797963145032733 0.016868000243530343
0.02206267114660209 0.0009461324409363652 0.09949839039816925	0.0009461324409848421 0.01518821555985999 0.014797963147183981	-0.09949839039781207 -0.014797963145028362 0.01686800024355756
0.022062671146509873 0.0009461324409738648 0.09949839039817292	0.0009461324410284435 0.015188215559834788 0.014797963147184012	-0.0994983903978212 -0.014797963145028892 0.016868000243534825
0.0220626711463437 0.0009461324410788311 0.09949839039817145	0.0009461324411188113 0.015188215559798091 0.014797963147190937	-0.09949839039780031 -0.014797963145036879 0.0168680002435228
0.0220626711462528 0.0009461324411457949 0.09949839039814985	0.0009461324412093812 0.015188215559802213 0.014797963147202341	-0.09949839039780078 -0.014797963145036883 0.016868000243589025
0.022062671146416676 0.0009461324410600883 0.09949839039817583	0.000946132441094899 0.015188215559835683 0.014797963147195396	-0.09949839039780668 -0.014797963145033594 0.016868000243529867
0.02206267114664793 0.0009461324408990618 0.09949839039819432	0.0009461324409669363 0.015188215559887006 0.01479796314717995	-0.0994983903978377 -0.014797963145020413 0.016868000243517537
0.022062671146736205 0.0009461324408602464 0.09949839039819362	0.0009461324408902949 0.01518821555989457 0.014797963147179495	-0.09949839039782771 -0.014797963145021298 0.016868000243530433
0.022062671146648 0.0009461324408903135 0.09949839039817387	0.000946132440958221 0.01518821555986363 0.014797963147183478	-0.09949839039782613 -0.014797963145024316 0.016868000243539488
0.022062671146227925 0.0009461324411157547 0.09949839039814407	0.0009461324411764509 0.015188215559730371 0.01479796314719867	-0.09949839039778942 -0.01479796314504634 0.01686800024354039
0.02206267114576499 0.0009461324413925203 0.09949839039809932	0.0009461324414280518 0.015188215559632198 0.014797963147231447	-0.0994983903977431 -0.014797963145069384 0.016868000243552256
0.022062671145613673 0.000946132441457229 0.09949839039808514	0.0009461324415168367 0.015188215559585255 0.014797963147235537	-0.09949839039773364 -0.014797963145085413 0.016868000243584667
0.022062671145816455 0.0009461324413838526 0.0994983903981137	0.0009461324414214878 0.015188215559660878 0.01479796314722702	-0.0994983903977526 -0.014797963145067441 0.016868000243560707
0.02206267114608427 0.0009461324412474458 0.09949839039812869	0.0009461324413007665 0.01518821555975995 0.014797963147210755	-0.0994983903977676 -0.014797963145055899 0.01686800024362044
0.02206267114623902 0.0009461324411639182 0.09949839039814203	0.0009461324412089927 0.015188215559802154 0.014797963147210044	-0.09949839039778807 -0.014797963145043589 0.016868000243561304
0.02206267114627851 0.0009461324411191695 0.09949839039815	0.0009461324411723197 0.015188215559791905 0.014797963147205821	-0.09949839039778502 -0.014797963145047749 0.01686800024357676
0.0220626711462014 0.0009461324411640226 0.09949839039814568	0.0009461324412123632 0.015188215559775377 0.014797963147203025	-0.09949839039778746 -0.014797963145045261 0.01686800024354266
0.022062671146058498 0.0009461324412219237 0.09949839039812622	0.0009461324412653833 0.015188215559698407 0.01479796314720691	-0.0994983903977708 -0.01479796314505056 0.016868000243534274
0.02206267114603711 0.0009461324412302703 0.09949839039812616	0.0009461324412891729 0.015188215559701016 0.014797963147205509	-0.09949839039777555 -0.014797963145051368 0.01686800024358477
0.022062671146346018 0.0009461324410775674 0.09949839039816755	0.0009461324411169387 0.01518821555979609 0.01479796314719278	-0.09949839039780389 -0.01479796314503929 0.01686800024352454
0.022062671146723695 0.0009461324408838205 0.0994983903981998	0.0009461324409437066 0.015188215559933415 0.014797963147177195	-0.09949839039784326 -0.014797963145022762 0.016868000243538815
0.02206267114695301 0.0009461324407747749 0.09949839039821431	0.0009461324408137047 0.015188215559995805 0.014797963147176275	-0.09949839039785108 -0.014797963145008395 0.016868000243541917
0.022062671146934054 0.0009461324407506761 0.09949839039821358	0.0009461324408158809 0.015188215559967707 0.014797963147168608	-0.09949839039785556 -0.014797963145009477 0.016868000243526752
0.02206267114666895 0.0009461324408928844 0.09949839039818781	0.0009461324409279527 0.015188215559870002 0.014797963147183728	-0.0994983903978229 -0.01479796314502001 0.01686800024353892
0.022062671146090188 0.0009461324412069726 0.09949839039813226	0.0009461324412486528 0.015188215559705856 0.014797963147212781	-0.09949839039777018 -0.014797963145047693 0.016868000243553873
0.022062671145945817 0.0009461324412804268 0.09949839039811313	0.0009461324413375738 0.015188215559658522 0.014797963147215508	-0.09949839039775303 -0.0147979631450594 0.01686800024358215
0.02206267114605609 0.000946132441238679 0.09949839039813158	0.00094613244128003 0.015188215559713586 0.014797963147212299	-0.09949839039777411 -0.014797963145051166 0.01686800024353199
0.02206267114620593 0.0009461324411540852 0.09949839039814001	0.0009461324412074123 0.015188215559762186 0.014797963147205457	-0.09949839039778566 -0.014797963145051465 0.016868000243587984
0.022062671146246327 0.000946132441162973 0.09949839039814162	0.0009461324412077675 0.015188215559804328 0.014797963147203663	-0.09949839039778577 -0.014797963145048793 0.016868000243580775
0.022062671146158397 0.0009461324412171988 0.09949839039813259	0.0009461324412698919 0.015188215559790223 0.014797963147207816	-0.09949839039777371 -0.014797963145051052 0.016868000243612104
0.022062671145959258 0.0009461324413129937 0.09949839039812483	0.0009461324413591078 0.015188215559725993 0.014797963147219165	-0.09949839039776918 -0.014797963145056822 0.016868000243572177
0.022062671145739197 0.0009461324414037752 0.09949839039810639	0.0009461324414532825 0.01518821555963202 0.014797963147231447	-0.09949839039774575 -0.014797963145067837 0.016868000243555052
0.02206267114572918 0.0009461324414212066 0.09949839039810074	0.0009461324414758686 0.01518821555964226 0.014797963147225288	-0.09949839039773742 -0.0147979631450668 0.01686800024359486
0.022062671146055375 0.0009461324412224498 0.09949839039812898	0.0009461324412649566 0.015188215559701667 0.01479796314720893	-0.09949839039777197 -0.014797963145046542 0.016868000243522127
0.02206267114651509 0.0009461324409722155 0.09949839039817386	0.0009461324410277318 0.015188215559832392 0.014797963147184304	-0.09949839039781999 -0.014797963145029704 0.016868000243542396
0.022062671146889465 0.0009461324407940347 0.09949839039820652	0.0009461324408357617 0.015188215559962153 0.014797963147172268	-0.09949839039784815 -0.01479796314501371 0.016868000243544887
0.0220626711470098 0.000946132440739024 0.099498390398215	0.000946132440796243 0.015188215560010506 0.014797963147161967	-0.09949839039786097 -0.014797963145009536 0.016868000243542233
0.022062671146879764 0.0009461324408121729 0.09949839039820679	0.0009461324408505459 0.015188215559968486 0.01479796314717578	-0.09949839039784736 -0.014797963145012194 0.016868000243553564
0.022062671146520038 0.0009461324409770163 0.09949839039818077	0.0009461324410358664 0.01518821555983439 0.014797963147187551	-0.09949839039782277 -0.014797963145026304 0.01686800024353627
0.022062671146239467 0.0009461324411421381 0.09949839039814669	0.0009461324411902767 0.015188215559762862 0.014797963147204024	-0.09949839039778996 -0.014797963145043374 0.01686800024357649
0.022062671146375303 0.0009461324410508327 0.09949839039816176	0.0009461324410998638 0.01518821555978348 0.014797963147194455	-0.09949839039780431 -0.014797963145027977 0.01686800024352688
0.02206267114652689 0.0009461324409730581 0.09949839039816866	0.0009461324410257447 0.015188215559832992 0.014797963147186042	-0.0994983903978053 -0.014797963145025256 0.016868000243568597
0.022062671146490617 0.0009461324410188227 0.09949839039816186	0.0009461324410654894 0.015188215559851611 0.01479796314719366	-0.09949839039780353 -0.014797963145030353 0.016868000243553186
0.022062671146277753 0.0009461324411219711 0.099498390398145	0.0009461324411711184 0.015188215559798348 0.014797963147207303	-0.09949839039779242 -0.014797963145045081 0.01686800024356639
0.022062671145959948 0.0009461324413122165 0.0994983903981252	0.0009461324413606604 0.015188215559719538 0.014797963147214911	-0.09949839039776696 -0.014797963145061842 0.016868000243578377
0.022062671145616056 0.0009461324415008382 0.09949839039808986	0.0009461324415500991 0.01518821555962342 0.014797963147230617	-0.099498390397736 -0.014797963145072441 0.016868000243588636
0.022062671145487163 0.000946132441570189 0.0994983903980778	0.0009461324416194863 0.015188215559593909 0.014797963147239006	-0.09949839039772307 -0.014797963145081378 0.016868000243624677
0.02206267114573647 0.0009461324414065794 0.0994983903981033	0.0009461324414539833 0.015188215559633022 0.014797963147233709	-0.09949839039775016 -0.014797963145063806 0.016868000243544738
0.02206267114619985 0.0009461324411615714 0.0994983903981474	0.0009461324412162637 0.015188215559769954 0.01479796314720374	-0.09949839039778276 -0.014797963145045553 0.01686800024354971
0.022062671146598423 0.0009461324409403143 0.09949839039817263	0.0009461324409877608 0.01518821555986557 0.014797963147187055	-0.09949839039781253 -0.014797963145021433 0.016868000243540834
0.02206267114680401 0.0009461324408296763 0.09949839039819092	0.0009461324408776952 0.015188215559916169 0.014797963147173285	-0.09949839039783662 -0.014797963145013408 0.016868000243540973
0.022062671146820707 0.0009461324408309938 0.09949839039819955	0.0009461324408762796 0.015188215559929238 0.014797963147175148	-0.09949839039784297 -0.014797963145010747 0.01686800024356404
0.022062671146584594 0.0009461324409638407 0.09949839039818437	0.0009461324410163516 0.0151882155598768 0.014797963147180473	-0.09949839039782912 -0.014797963145029593 0.01686800024353969
0.022062671146303683 0.0009461324411249852 0.0994983903981518	0.0009461324411688381 0.015188215559799923 0.014797963147202484	-0.09949839039779648 -0.014797963145041188 0.016868000243570894
0.022062671146589302 0.0009461324409638459 0.0994983903981835	0.0009461324410165277 0.015188215559879734 0.014797963147180748	-0.0994983903978281 -0.01479796314502987 0.016868000243542906
0.02206267114682029 0.0009461324408314882 0.09949839039819924	0.0009461324408766422 0.015188215559929358 0.014797963147175276	-0.09949839039784278 -0.014797963145010813 0.01686800024356548
0.022062671146799922 0.000946132440829773 0.09949839039819201	0.0009461324408776557 0.015188215559913884 0.014797963147172861	-0.09949839039783787 -0.014797963145013256 0.01686800024353961
0.02206267114659817 0.0009461324409403334 0.09949839039817253	0.0009461324409879724 0.015188215559865145 0.014797963147187104	-0.09949839039781232 -0.014797963145021416 0.01686800024354225
0.02206267114620484 0.0009461324411611724 0.09949839039814669	0.0009461324412156631 0.015188215559772456 0.014797963147204114	-0.09949839039778209 -0.014797963145045851 0.016868000243551857
0.02206267114573525 0.0009461324414063322 0.09949839039810406	0.0009461324414536988 0.015188215559632158 0.014797963147233646	-0.09949839039775041 -0.014797963145063566 0.01686800024354278
0.02206267114548145 0.0009461324415707502 0.09949839039807867	0.000946132441619881 0.015188215559590537 0.014797963147238639	-0.09949839039772396 -0.014797963145081108 0.01686800024362178
0.02206267114561889 0.0009461324415007463 0.09949839039808951	0.0009461324415500176 0.015188215559625073 0.014797963147230753	-0.09949839039773542 -0.014797963145072535 0.016868000243590642
0.02206267114596417 0.000946132441311641 0.09949839039812516	0.0009461324413603009 0.015188215559721847 0.014797963147215133	-0.09949839039776683 -0.014797963145062206 0.016868000243581288
0.022062671146272694 0.0009461324411225262 0.09949839039814522	0.0009461324411717152 0.0151882155597956 0.01479796314720707	-0.09949839039779278 -0.01479796314504496 0.016868000243563143
0.02206267114648755 0.0009461324410194351 0.09949839039816204	0.0009461324410659083 0.01518821555985031 0.014797963147193723	-0.09949839039780393 -0.014797963145030124 0.016868000243549466
0.022062671146532663 0.0009461324409724423 0.0994983903981679	0.0009461324410252646 0.015188215559835884 0.01479796314718626	-0.09949839039780461 -0.014797963145025482 0.016868000243571366
0.022062671146378568 0.0009461324410504936 0.09949839039816147	0.000946132441099581 0.015188215559785452 0.014797963147194372	-0.09949839039780402 -0.014797963145028084 0.016868000243529656
0.022062671146234475 0.0009461324411422552 0.0994983903981469	0.0009461324411905985 0.015188215559760326 0.014797963147203892	-0.09949839039779038 -0.01479796314504326 0.01686800024357433
0.02206267114630376 0.000946132441124643 0.09949839039815224	0.0009461324411684752 0.015188215559799902 0.014797963147202185	-0.09949839039779682 -0.014797963145041181 0.016868000243569502
0.022062671146885746 0.0009461324408112778 0.09949839039820581	0.0009461324408496369 0.01518821555997129 0.014797963147176036	-0.0994983903978463 -0.014797963145012482 0.016868000243556263
0.02206267114701123 0.0009461324407389303 0.09949839039821438	0.0009461324407963158 0.01518821556001147 0.01479796314716212	-0.09949839039786033 -0.014797963145009918 0.016868000243541955
0.02206267114688403 0.0009461324407945872 0.09949839039820713	0.0009461324408363541 0.015188215559959459 0.014797963147171946	-0.09949839039784886 -0.01479796314501344 0.01686800024354175
0.022062671146514702 0.0009461324409719757 0.09949839039817425	0.0009461324410276499 0.015188215559832019 0.014797963147183985	-0.09949839039782046 -0.01479796314502953 0.016868000243542354
0.022062671146060257 0.0009461324412221115 0.09949839039812834	0.0009461324412646192 0.015188215559704156 0.014797963147209346	-0.0994983903977713 -0.01479796314504677 0.016868000243526186
0.022062671145728803 0.0009461324414213393 0.09949839039810111	0.0009461324414760403 0.015188215559642268 0.014797963147225222	-0.09949839039773775 -0.0147979631450669 0.01686800024359419
0.022062671145734507 0.0009461324414040259 0.09949839039810715	0.0009461324414536277 0.015188215559630175 0.014797963147230989	-0.09949839039774666 -0.014797963145067514 0.016868000243549792
0.022062671145959202 0.0009461324413131895 0.09949839039812455	0.0009461324413593971 0.015188215559726461 0.014797963147219179	-0.09949839039776927 -0.014797963145056839 0.01686800024357115
0.022062671146162165 0.0009461324412169307 0.09949839039813221	0.0009461324412695935 0.015188215559791971 0.014797963147208139	-0.09949839039777332 -0.01479796314505126 0.016868000243617107
0.02206267114624476 0.0009461324411632805 0.09949839039814205	0.0009461324412082103 0.015188215559804128 0.014797963147203538	-0.09949839039778627 -0.014797963145048679 0.01686800024358114
0.0220626711462014 0.0009461324411545024 0.09949839039814054	0.0009461324412078529 0.015188215559759863 0.014797963147205283	-0.09949839039778599 -0.014797963145051121 0.016868000243584747
0.022062671146058793 0.0009461324412387553 0.09949839039813099	0.0009461324412801658 0.015188215559715014 0.014797963147212372	-0.09949839039777326 -0.014797963145051211 0.01686800024353212
0.022062671145951767 0.0009461324412794736 0.09949839039811274	0.0009461324413364567 0.015188215559661138 0.014797963147215612	-0.09949839039775266 -0.014797963145059836 0.016868000243585028
0.022062671146086378 0.0009461324412068754 0.09949839039813256	0.0009461324412486267 0.01518821555970371 0.014797963147212625	-0.09949839039777016 -0.014797963145047534 0.016868000243553352
0.022062671146516902 0.0009461324409772809 0.09949839039818104	0.0009461324410361335 0.01518821555983282 0.014797963147187308	-0.09949839039782309 -0.014797963145026159 0.016868000243535866
0.02206267114693681 0.000946132440750448 0.09949839039821291	0.0009461324408159468 0.015188215559969586 0.014797963147168636	-0.09949839039785492 -0.014797963145009783 0.016868000243529007
0.022062671146957213 0.0009461324407741096 0.09949839039821397	0.0009461324408131695 0.015188215559997689 0.014797963147176504	-0.0994983903978508 -0.014797963145008544 0.016868000243543353
0.022062671146720246 0.0009461324408841926 0.09949839039820015	0.0009461324409441568 0.015188215559931734 0.014797963147176886	-0.09949839039784353 -0.014797963145022623 0.01686800024353537
0.022062671146342583 0.0009461324410783125 0.09949839039816763	0.000946132441117852 0.01518821555979536 0.01479796314719235	-0.09949839039780381 -0.014797963145039103 0.01686800024352192
0.02206267114604203 0.0009461324412298033 0.0994983903981258	0.0009461324412886355 0.015188215559703672 0.014797963147205724	-0.0994983903977753 -0.014797963145051784 0.016868000243587988
0.022062671146060794 0.0009461324412211383 0.09949839039812623	0.0009461324412646131 0.01518821555969904 0.014797963147207247	-0.09949839039777073 -0.014797963145050858 0.0168680002435354
0.0220626711461948 0.0009461324411648899 0.09949839039814604	0.0009461324412131577 0.0151882155597725 0.014797963147202688	-0.09949839039778789 -0.014797963145044935 0.016868000243539242
0.022062671146277815 0.0009461324411193508 0.09949839039815023	0.0009461324411722209 0.015188215559792148 0.014797963147205637	-0.09949839039778527 -0.01479796314504753 0.016868000243576542
0.022062671146243697 0.000946132441163572 0.09949839039814136	0.0009461324412084787 0.015188215559804492 0.01479796314721064	-0.09949839039778736 -0.01479796314504387 0.016868000243564767
0.02206267114608187 0.0009461324412479467 0.09949839039812852	0.0009461324413011321 0.01518821555975821 0.014797963147211084	-0.09949839039776769 -0.014797963145056058 0.016868000243619327
0.02206267114581252 0.000946132441383881 0.09949839039811462	0.0009461324414213545 0.01518821555965836 0.014797963147226603	-0.09949839039775348 -0.014797963145067101 0.016868000243559375
0.022062671145614634 0.0009461324414576514 0.09949839039808502	0.0009461324415172409 0.015188215559585992 0.014797963147235624	-0.0994983903977333 -0.014797963145085403 0.016868000243586444
0.02206267114577 0.0009461324413920875 0.09949839039809827	0.0009461324414276415 0.015188215559634326 0.014797963147231957	-0.09949839039774216 -0.014797963145070103 0.016868000243554643
0.022062671146226776 0.0009461324411154061 0.09949839039814443	0.000946132441176065 0.01518821555972942 0.014797963147198431	-0.09949839039778985 -0.014797963145046073 0.016868000243538205
0.022062671146664787 0.0009461324408930943 0.09949839039818831	0.0009461324409281999 0.0151882155598681 0.014797963147183232	-0.09949839039782335 -0.014797963145019685 0.016868000243536754
0.02206267114673788 0.0009461324408596718 0.09949839039819325	0.0009461324408898217 0.015188215559895392 0.014797963147179433	-0.09949839039782754 -0.014797963145021336 0.0168680002435298
0.02206267114665226 0.0009461324408988883 0.0994983903981936	0.00094613244096669 0.015188215559888918 0.014797963147180355	-0.09949839039783721 -0.014797963145021062 0.01686800024351986
0.02206267114641492 0.0009461324410600675 0.09949839039817604	0.0009461324410949459 0.015188215559834172 0.01479796314719517	-0.09949839039780681 -0.014797963145033483 0.01686800024352719
0.022062671146249074 0.000946132441146249 0.09949839039815073	0.0009461324412096698 0.015188215559800405 0.014797963147201883	-0.09949839039780131 -0.01479796314503664 0.016868000243587068
0.022062671146345785 0.0009461324410790159 0.09949839039817093	0.0009461324411190975 0.015188215559799259 0.014797963147191125	-0.09949839039779992 -0.014797963145037181 0.016868000243525662
0.022062671146514515 0.0009461324409727653 0.09949839039817208	0.000946132441027462 0.015188215559836453 0.014797963147184488	-0.09949839039782074 -0.01479796314502927 0.016868000243536234
0.02206267114659778 0.0009461324409364576 0.09949839039816974	0.0009461324409849163 0.01518821555985753 0.014797963147183704	-0.09949839039781233 -0.014797963145028185 0.01686800024355431
0.022062671146476663 0.0009461324410161946 0.09949839039816115	0.0009461324410607328 0.015188215559846854 0.014797963147193276	-0.09949839039781042 -0.014797963145032584 0.016868000243529253
0.022062671146203684 0.0009461324411493307 0.09949839039814283	0.0009461324412045539 0.015188215559757986 0.014797963147207074	-0.09949839039777954 -0.014797963145053456 0.01686800024358586
0.022062671145812993 0.0009461324413799644 0.09949839039811384	0.0009461324414204789 0.015188215559659908 0.014797963147230413	-0.09949839039775155 -0.01479796314506648 0.01686800024355357
0.022062671145490494 0.0009461324415529619 0.09949839039807132	0.0009461324416149509 0.015188215559575939 0.014797963147247097	-0.09949839039772217 -0.014797963145080972 0.016868000243606227
0.02206267114552289 0.0009461324415364764 0.09949839039808654	0.0009461324415706331 0.015188215559579152 0.014797963147246438	-0.09949839039771773 -0.014797963145085153 0.01686800024358242
0.022062671145897578 0.0009461324412937816 0.09949839039811867	0.0009461324413600463 0.01518821555965833 0.014797963147222086	-0.0994983903977661 -0.01479796314506784 0.01686800024354155
0.022062671146346143 0.0009461324410796348 0.09949839039815563	0.0009461324411076579 0.015188215559797692 0.014797963147200825	-0.09949839039779149 -0.01479796314504496 0.016868000243541757
0.022062671146643228 0.0009461324408906575 0.09949839039817455	0.000946132440958476 0.015188215559861553 0.014797963147183037	-0.09949839039782664 -0.014797963145023778 0.01686800024353672
0.022062671146362005 0.0009461324410423941 0.09949839039815453	0.0009461324411130191 0.015188215559786892 0.01479796314719345	-0.0994983903978088 -0.014797963145035502 0.016868000243538843
0.02206267114620824 0.0009461324411468497 0.09949839039814856	0.0009461324411757762 0.015188215559738505 0.014797963147201394	-0.09949839039778507 -0.014797963145041441 0.01686800024353234
0.02206267114618174 0.0009461324411631292 0.0994983903981431	0.0009461324412293054 0.015188215559764942 0.014797963147198528	-0.09949839039779479 -0.0147979631450442 0.01686800024358462
0.022062671146418425 0.0009461324410660055 0.09949839039817701	0.0009461324411014624 0.015188215559838188 0.014797963147193737	-0.09949839039780757 -0.014797963145028424 0.01686800024352939
0.022062671146728434 0.0009461324408891669 0.09949839039819544	0.0009461324409507491 0.015188215559934711 0.014797963147180404	-0.09949839039784698 -0.014797963145014054 0.016868000243550226
0.02206267114689223 0.0009461324407968024 0.09949839039820903	0.0009461324408413952 0.015188215559966247 0.014797963147172594	-0.09949839039784306 -0.014797963145010268 0.016868000243540328
0.0220626711467998 0.0009461324408257714 0.09949839039819247	0.0009461324408763568 0.015188215559915296 0.014797963147173302	-0.0994983903978365 -0.014797963145013984 0.016868000243531963
0.022062671146523695 0.0009461324409676332 0.09949839039816417	0.0009461324410193167 0.01518821555982453 0.014797963147188429	-0.09949839039781162 -0.014797963145025891 0.01686800024356502
0.022062671146052093 0.0009461324412320909 0.09949839039813063	0.000946132441276401 0.01518821555970642 0.014797963147213086	-0.09949839039777643 -0.014797963145054285 0.016868000243520725
0.022062671145613062 0.0009461324414539556 0.09949839039808628	0.0009461324415139796 0.015188215559583908 0.014797963147239038	-0.09949839039773316 -0.014797963145083574 0.01686800024357549
0.0220626711455257 0.0009461324415372466 0.09949839039808495	0.0009461324415717069 0.015188215559576126 0.014797963147245873	-0.09949839039771588 -0.014797963145085469 0.01686800024358868
0.022062671145772806 0.0009461324413895821 0.09949839039810476	0.0009461324414591784 0.015188215559651901 0.014797963147230826	-0.09949839039775726 -0.014797963145063743 0.016868000243566255
0.022062671146112024 0.0009461324412251295 0.09949839039813935	0.0009461324412570592 0.015188215559746764 0.014797963147219272	-0.09949839039776853 -0.01479796314505015 0.016868000243575185
0.022062671146322023 0.0009461324410742203 0.09949839039814877	0.0009461324411439336 0.015188215559796311 0.014797963147206397	-0.09949839039779809 -0.014797963145045622 0.016868000243552214
0.022062671146419147 0.0009461324410491383 0.09949839039816283	0.0009461324410769858 0.015188215559830751 0.014797963147200208	-0.09949839039779708 -0.014797963145037157 0.016868000243531377
0.022062671145889622 0.0009461324413419011 0.09949839039812455	0.0009461324413663885 0.015188215559680314 0.014797963147220726	-0.099498390397752 -0.014797963145055004 0.016868000243532393
0.02206267114590145 0.0009461324413077453 0.09949839039810632	0.0009461324413795207 0.015188215559670853 0.014797963147212767	-0.09949839039776183 -0.014797963145053872 0.016868000243601272
0.02206267114621204 0.0009461324411523466 0.09949839039814712	0.0009461324411804192 0.01518821555974751 0.014797963147199965	-0.09949839039778652 -0.014797963145039613 0.01686800024353407
0.02206267114666073 0.0009461324409084674 0.09949839039818933	0.0009461324409746428 0.015188215559894741 0.01479796314717428	-0.09949839039784004 -0.014797963145021225 0.01686800024355187
0.022062671146958302 0.0009461324407829129 0.09949839039821515	0.000946132440819235 0.015188215560007042 0.014797963147169323	-0.09949839039785283 -0.014797963145007718 0.01686800024354396
0.022062671147021318 0.0009461324407421803 0.09949839039821458	0.0009461324407983498 0.015188215560014992 0.014797963147167421	-0.09949839039786117 -0.014797963145005272 0.01686800024355564
0.022062671146816867 0.0009461324408279086 0.09949839039819983	0.0009461324408752587 0.01518821555993101 0.014797963147178475	-0.09949839039784257 -0.014797963145008603 0.016868000243551017
0.022062671146369405 0.0009461324410430794 0.09949839039816777	0.0009461324410937992 0.015188215559775897 0.014797963147192679	-0.0994983903978008 -0.014797963145032574 0.016868000243516333
0.022062671145940037 0.0009461324412761039 0.09949839039810982	0.0009461324413311137 0.015188215559653056 0.01479796314722254	-0.09949839039775969 -0.014797963145056707 0.016868000243563313
0.022062671145770665 0.0009461324413904629 0.09949839039809957	0.000946132441424748 0.01518821555963047 0.014797963147230319	-0.09949839039774114 -0.01479796314507206 0.0168680002435648
0.022062671145895302 0.0009461324412936012 0.09949839039811682	0.0009461324413625955 0.015188215559659629 0.014797963147222846	-0.09949839039776891 -0.01479796314506645 0.016868000243535262
0.02206267114611151 0.000946132441227948 0.0994983903981379	0.0009461324412564556 0.015188215559748915 0.014797963147213315	-0.0994983903977689 -0.014797963145055722 0.016868000243587075
0.02206267114620672 0.0009461324411743355 0.09949839039813352	0.0009461324412434018 0.01518821555979443 0.01479796314720878	-0.09949839039778956 -0.014797963145044137 0.01686800024359198
0.02206267114618878 0.0009461324411996572 0.09949839039814184	0.0009461324412258004 0.015188215559789685 0.014797963147215622	-0.0994983903977729 -0.01479796314504872 0.016868000243568524
0.022062671146045338 0.0009461324412266385 0.09949839039813024	0.0009461324413034891 0.015188215559724641 0.014797963147215955	-0.09949839039778023 -0.014797963145052884 0.016868000243569704
0.02206267114557746 0.0009461324414941335 0.09949839039808336	0.0009461324415695124 0.015188215559598218 0.01479796314723279	-0.09949839039773445 -0.014797963145075213 0.016868000243625045
0.022062671145897654 0.000946132441345672 0.09949839039812186	0.0009461324413704716 0.015188215559684155 0.014797963147220573	-0.09949839039775202 -0.014797963145052162 0.01686800024353813
0.022062671146377562 0.0009461324410521034 0.09949839039815712	0.0009461324411221463 0.015188215559803694 0.014797963147186174	-0.09949839039779922 -0.014797963145035495 0.016868000243559684
0.022062671146747502 0.0009461324408697718 0.0994983903981895	0.0009461324409007115 0.015188215559908272 0.014797963147178777	-0.09949839039782954 -0.014797963145013925 0.016868000243540564
0.02206267114694352 0.0009461324407588896 0.09949839039821101	0.0009461324408214628 0.015188215559972826 0.014797963147161745	-0.09949839039785811 -0.014797963145011958 0.016868000243552075
0.022062671146885877 0.000946132440812336 0.09949839039820772	0.0009461324408518582 0.015188215559973092 0.01479796314717105	-0.09949839039784758 -0.014797963145013786 0.016868000243555847
0.022062671146588067 0.0009461324409590459 0.09949839039818524	0.0009461324410126684 0.01518821555987522 0.014797963147183197	-0.09949839039782502 -0.014797963145029736 0.0168680002435386
0.022062671146226308 0.0009461324411363667 0.0994983903981458	0.0009461324411869747 0.01518821555975463 0.014797963147207834	-0.0994983903977938 -0.014797963145041788 0.016868000243556974
0.022062671146085386 0.0009461324412035413 0.0994983903981346	0.000946132441246951 0.015188215559696554 0.01479796314721342	-0.09949839039777043 -0.014797963145048304 0.016868000243552343
0.02206267114622855 0.0009461324411151172 0.09949839039814588	0.0009461324411791129 0.015188215559735783 0.01479796314720094	-0.09949839039778739 -0.014797963145042534 0.016868000243534395
0.022062671146357744 0.0009461324410853815 0.09949839039815261	0.000946132441115151 0.015188215559805847 0.014797963147202161	-0.09949839039778938 -0.014797963145038763 0.016868000243561474
0.022062671146323286 0.0009461324410808781 0.09949839039814849	0.0009461324411494582 0.015188215559803282 0.014797963147200083	-0.09949839039780177 -0.01479796314504566 0.016868000243558685
0.02206267114618951 0.0009461324412028834 0.09949839039814157	0.0009461324412265814 0.015188215559788887 0.01479796314721097	-0.0994983903977754 -0.01479796314505108 0.01686800024357892
0.022062671145930367 0.0009461324413269209 0.09949839039811344	0.0009461324414007186 0.015188215559724213 0.014797963147213003	-0.099498390397767 -0.014797963145063837 0.016868000243617128
0.02206267114565165 0.0009461324414922964 0.09949839039810128	0.0009461324415120124 0.015188215559636013 0.014797963147234767	-0.09949839039773284 -0.014797963145067289 0.01686800024355791
0.022062671145648312 0.0009461324414940606 0.09949839039809996	0.0009461324415128095 0.015188215559635657 0.014797963147231884	-0.09949839039773296 -0.014797963145071358 0.01686800024356066
0.022062671146050115 0.0009461324412355964 0.0994983903981308	0.0009461324413069204 0.01518821555972952 0.014797963147210932	-0.09949839039778172 -0.014797963145053678 0.01686800024357505
0.02206267114643553 0.0009461324410589816 0.09949839039816016	0.0009461324410871821 0.015188215559843178 0.014797963147200308	-0.09949839039779536 -0.014797963145031887 0.016868000243545327
0.02206267114665679 0.0009461324408999786 0.09949839039817554	0.0009461324409708403 0.015188215559875668 0.014797963147178208	-0.09949839039781765 -0.01479796314502254 0.016868000243549848
0.02206267114666898 0.0009461324408978197 0.09949839039818631	0.0009461324409319643 0.01518821555987361 0.014797963147182423	-0.0994983903978251 -0.014797963145017062 0.016868000243547867
0.022062671146516027 0.000946132440977656 0.09949839039817943	0.0009461324410344986 0.015188215559829927 0.014797963147186358	-0.09949839039782543 -0.014797963145028934 0.016868000243534582
0.022062671146296405 0.0009461324411169786 0.09949839039815199	0.0009461324411651892 0.015188215559798695 0.014797963147200836	-0.099498390397795 -0.014797963145047745 0.016868000243560347
0.02206267114629281 0.000946132441116453 0.09949839039815261	0.0009461324411645378 0.015188215559795933 0.014797963147200624	-0.09949839039779555 -0.014797963145047575 0.01686800024355732
0.022062671146513183 0.0009461324409775727 0.09949839039817966	0.0009461324410345324 0.015188215559828322 0.014797963147186184	-0.09949839039782568 -0.014797963145028722 0.01686800024353209
0.022062671146673603 0.0009461324408979541 0.09949839039818552	0.0009461324409319174 0.015188215559876596 0.014797963147182853	-0.09949839039782445 -0.014797963145017516 0.016868000243551062
0.022062671146659496 0.0009461324408995171 0.09949839039817554	0.0009461324409703112 0.015188215559877268 0.014797963147178145	-0.09949839039781744 -0.014797963145022724 0.01686800024355428
0.0220626711464309 0.000946132441059051 0.0994983903981607	0.0009461324410872237 0.015188215559840793 0.01479796314720019	-0.09949839039779605 -0.014797963145031581 0.016868000243544064
0.022062671146047704 0.0009461324412363527 0.09949839039813048	0.0009461324413076399 0.015188215559728577 0.014797963147211157	-0.0994983903977813 -0.014797963145053803 0.016868000243574342
0.02206267114565439 0.0009461324414933381 0.0994983903980994	0.0009461324415120098 0.015188215559638734 0.01479796314723211	-0.0994983903977322 -0.014797963145071653 0.01686800024356238
0.022062671145463553 0.000946132441589274 0.09949839039806438	0.0009461324416677585 0.015188215559592814 0.01479796314723062	-0.0994983903977193 -0.01479796314508559 0.01686800024367422
