0.290574248502758 0.0036897323436520125 0.10374545591114545	0.003689732838901314 0.30069905373303424 -0.018768382520771044	-0.10374544553477112 0.018768383515587996 0.5532668530731483
0.29057424850272134 0.00368973234366894 0.10374545591116566	0.0036897328389164123 0.3006990537330483 -0.018768382520741707	-0.1037454455348195 0.018768383515613885 0.5532668530731731
0.2905742485027303 0.0036897323436703554 0.10374545591114813	0.0036897328389186423 0.30069905373307976 -0.01876838252074786	-0.1037454455347877 0.01876838351559197 0.5532668530732195
0.2905742485027364 0.0036897323436654098 0.10374545591114397	0.003689732838912699 0.30069905373299466 -0.01876838252068632	-0.1037454455348026 0.018768383515570898 0.5532668530731815
0.2905742485027004 0.0036897323436592133 0.10374545591115135	0.0036897328389034322 0.30069905373304545 -0.01876838252073356	-0.10374544553480797 0.01876838351562072 0.5532668530730912
0.29057424850271296 0.0036897323436668097 0.10374545591113839	0.003689732838911196 0.3006990537330441 -0.018768382520760997	-0.10374544553480138 0.018768383515657752 0.5532668530731584
0.2905742485028001 0.003689732343649994 0.10374545591112963	0.003689732838896921 0.30069905373296096 -0.01876838252072844	-0.103745445534805 0.01876838351564937 0.5532668530731506
0.2905742485027676 0.003689732343637746 0.10374545591112368	0.0036897328388843086 0.300699053732972 -0.018768382520741367	-0.10374544553478489 0.018768383515638996 0.5532668530730668
0.2905742485027105 0.003689732343656044 0.10374545591113578	0.003689732838898648 0.30069905373298983 -0.01876838252076178	-0.10374544553481466 0.018768383515695375 0.5532668530730337
0.2905742485027685 0.003689732343623949 0.10374545591116993	0.00368973283886905 0.3006990537329469 -0.018768382520855997	-0.1037454455348228 0.018768383515730312 0.5532668530729661
0.2905742485027228 0.003689732343626466 0.10374545591116278	0.0036897328388713554 0.3006990537328778 -0.018768382520794345	-0.10374544553483712 0.018768383515714623 0.5532668530729314
0.290574248502746 0.0036897323436357 0.10374545591117695	0.0036897328388817334 0.3006990537329907 -0.018768382520818215	-0.10374544553481563 0.0187683835156605 0.5532668530729601
0.29057424850277996 0.0036897323436402285 0.10374545591114907	0.0036897328388863686 0.30069905373298633 -0.018768382520788336	-0.1037454455348105 0.018768383515685896 0.5532668530730682
0.29057424850275265 0.0036897323436392727 0.103745455911175	0.003689732838889799 0.30069905373297773 -0.018768382520836	-0.10374544553480178 0.018768383515651896 0.5532668530730305
0.2905742485027611 0.003689732343647616 0.10374545591112089	0.003689732838893702 0.30069905373303085 -0.018768382520763002	-0.10374544553477527 0.018768383515639045 0.5532668530731221
0.2905742485033157 0.003689732343671986 0.1037454559108618	0.0036897328389198904 0.3006990537334108 -0.018768382520460945	-0.10374544553449937 0.018768383515301787 0.553266853074137
0.2905742485032569 0.0036897323436882335 0.1037454559108639	0.0036897328389359323 0.3006990537333708 -0.01876838252045325	-0.10374544553450997 0.01876838351531606 0.5532668530741035
0.29057424850328073 0.0036897323436970763 0.10374545591085688	0.0036897328389445183 0.3006990537334012 -0.018768382520476627	-0.10374544553449726 0.018768383515318954 0.5532668530741724
0.2905742485032842 0.0036897323437013983 0.10374545591083131	0.0036897328389462703 0.3006990537334032 -0.018768382520397545	-0.10374544553449505 0.01876838351529657 0.5532668530742321
0.29057424850318536 0.003689732343697953 0.10374545591084554	0.0036897328389453154 0.30069905373341554 -0.018768382520436472	-0.10374544553449197 0.018768383515296215 0.5532668530741736
0.2905742485032537 0.0036897323437005613 0.10374545591083358	0.003689732838944101 0.3006990537334076 -0.018768382520384097	-0.10374544553451695 0.01876838351531601 0.5532668530742221
0.29057424850326397 0.003689732343691213 0.10374545591087225	0.0036897328389361257 0.30069905373334316 -0.0187683825204068	-0.10374544553452598 0.01876838351528376 0.5532668530742527
0.29057424850322433 0.0036897323437067196 0.10374545591081716	0.0036897328389513175 0.3006990537334081 -0.01876838252035405	-0.10374544553450735 0.018768383515301024 0.5532668530742846
0.2905742485032068 0.003689732343694024 0.10374545591086838	0.0036897328389407825 0.30069905373340344 -0.0187683825204144	-0.10374544553452175 0.018768383515292468 0.5532668530741892
0.2905742485032088 0.0036897323436814672 0.10374545591088383	0.0036897328389244883 0.30069905373331185 -0.018768382520434633	-0.10374544553456518 0.01876838351536777 0.5532668530741279
0.2905742485032796 0.0036897323436790213 0.10374545591087796	0.0036897328389256575 0.3006990537333917 -0.018768382520464685	-0.10374544553452793 0.018768383515325678 0.5532668530741682
0.2905742485032555 0.003689732343685888 0.10374545591087649	0.003689732838929656 0.30069905373338673 -0.018768382520425092	-0.10374544553453788 0.018768383515323984 0.5532668530741724
0.29057424850331903 0.0036897323436519023 0.10374545591088216	0.0036897328389023038 0.30069905373335587 -0.01876838252049748	-0.10374544553452121 0.0187683835153409 0.5532668530740773
0.29057424850329794 0.0036897323436597077 0.10374545591086809	0.0036897328389082842 0.3006990537333375 -0.01876838252050251	-0.1037454455345142 0.01876838351536452 0.5532668530740663
0.2905742485033047 0.0036897323436756715 0.10374545591085635	0.003689732838921201 0.30069905373341965 -0.01876838252050453	-0.10374544553449618 0.018768383515345433 0.5532668530741086
0.2905742485031474 0.0036897323436610886 0.10374545591094252	0.0036897328389066493 0.3006990537332792 -0.01876838252052348	-0.10374544553459461 0.018768383515399847 0.5532668530738897
0.29057424850315694 0.0036897323436539398 0.10374545591096239	0.003689732838900813 0.30069905373326195 -0.018768382520574077	-0.10374544553459035 0.018768383515389342 0.5532668530738121
0.2905742485031644 0.0036897323436565297 0.10374545591092735	0.003689732838902203 0.30069905373325934 -0.018768382520579253	-0.10374544553458688 0.018768383515476675 0.5532668530738151
0.2905742485031851 0.0036897323436580493 0.10374545591093026	0.003689732838908169 0.3006990537333064 -0.01876838252060837	-0.10374544553456605 0.018768383515447525 0.5532668530738455
0.2905742485031647 0.0036897323436505015 0.10374545591089882	0.003689732838894663 0.3006990537332371 -0.018768382520536087	-0.10374544553457375 0.018768383515457412 0.553266853073823
0.29057424850316904 0.003689732343654731 0.10374545591093254	0.0036897328388985056 0.3006990537331963 -0.018768382520553954	-0.10374544553458381 0.018768383515427547 0.5532668530738276
0.29057424850311786 0.0036897323436787186 0.10374545591091584	0.0036897328389246236 0.30069905373327754 -0.018768382520516595	-0.1037454455345976 0.018768383515450453 0.5532668530738536
0.29057424850309227 0.0036897323436786526 0.10374545591088669	0.0036897328389252984 0.3006990537333165 -0.018768382520503772	-0.10374544553454657 0.018768383515402845 0.5532668530739182
0.29057424850317704 0.003689732343678082 0.1037454559108737	0.00368973283892135 0.30069905373324995 -0.01876838252043394	-0.10374544553455037 0.018768383515352663 0.5532668530740056
0.2905742485030862 0.0036897323436891633 0.10374545591089478	0.003689732838936698 0.30069905373334493 -0.01876838252049042	-0.1037454455345594 0.018768383515391188 0.5532668530739776
0.29057424850309876 0.003689732343706201 0.10374545591089551	0.0036897328389530904 0.30069905373338157 -0.018768382520471874	-0.10374544553455303 0.018768383515358616 0.5532668530740777
0.2905742485031655 0.003689732343689073 0.10374545591089769	0.003689732838934959 0.30069905373328754 -0.018768382520440455	-0.1037454455345602 0.018768383515324172 0.5532668530740386
0.2905742485031295 0.003689732343659373 0.10374545591092862	0.003689732838907487 0.30069905373332406 -0.01876838252052162	-0.10374544553456498 0.018768383515365604 0.5532668530739595
0.29057424850313873 0.003689732343677675 0.10374545591093534	0.003689732838924628 0.3006990537333426 -0.018768382520521605	-0.10374544553458968 0.018768383515396184 0.5532668530739362
0.2905742485031521 0.003689732343670129 0.10374545591096887	0.0036897328389213285 0.30069905373332395 -0.01876838252057412	-0.10374544553459226 0.018768383515390966 0.5532668530739301
0.29057424850263003 0.003689732343647254 0.10374545591122755	0.0036897328388967865 0.3006990537329433 -0.01876838252082822	-0.10374544553485489 0.018768383515643867 0.5532668530729381
0.29057424850265745 0.0036897323436511044 0.10374545591120339	0.003689732838898648 0.3006990537329415 -0.018768382520759012	-0.1037454455348555 0.0187683835156342 0.5532668530730005
0.290574248502667 0.0036897323436620375 0.10374545591119341	0.003689732838912621 0.30069905373301276 -0.01876838252082042	-0.10374544553483249 0.018768383515661936 0.5532668530730247
0.2905742485026922 0.0036897323436536084 0.10374545591119261	0.0036897328389016958 0.30069905373297295 -0.018768382520796843	-0.10374544553484914 0.018768383515683752 0.5532668530729778
0.2905742485027058 0.0036897323436355794 0.10374545591121875	0.00368973283888356 0.30069905373293293 -0.01876838252077613	-0.10374544553487683 0.01876838351566177 0.5532668530729519
0.29057424850270286 0.0036897323436426033 0.10374545591121558	0.0036897328388911113 0.30069905373292055 -0.018768382520786345	-0.10374544553488133 0.018768383515685265 0.5532668530729731
0.2905742485026569 0.0036897323436482464 0.10374545591121706	0.003689732838894207 0.3006990537329146 -0.01876838252082392	-0.10374544553489108 0.01876838351574691 0.5532668530728738
0.2905742485026555 0.003689732343636393 0.1037454559112173	0.0036897328388829087 0.30069905373289973 -0.01876838252085096	-0.10374544553488245 0.01876838351574505 0.5532668530727904
0.2905742485026819 0.003689732343647077 0.10374545591115945	0.003689732838893652 0.3006990537329055 -0.018768382520762336	-0.10374544553483929 0.018768383515698768 0.5532668530729048
0.2905742485026937 0.0036897323436390775 0.10374545591117999	0.003689732838888543 0.30069905373295897 -0.01876838252084391	-0.10374544553483209 0.01876838351571758 0.5532668530729322
0.2905742485026462 0.003689732343650486 0.10374545591116993	0.0036897328388938765 0.3006990537328838 -0.018768382520797038	-0.10374544553484763 0.01876838351571783 0.5532668530728807
0.29057424850267183 0.003689732343646851 0.10374545591117626	0.0036897328388974925 0.30069905373289746 -0.01876838252081233	-0.10374544553481105 0.018768383515653887 0.5532668530729344
0.29057424850264335 0.003689732343656729 0.10374545591115222	0.003689732838905663 0.3006990537329942 -0.01876838252081335	-0.10374544553481856 0.01876838351570824 0.5532668530729298
0.2905742485026029 0.003689732343656691 0.10374545591120943	0.003689732838908795 0.30069905373295064 -0.01876838252083963	-0.10374544553483335 0.018768383515657565 0.5532668530729293
0.29057424850263947 0.003689732343668496 0.10374545591119658	0.003689732838916139 0.30069905373296085 -0.018768382520786726	-0.10374544553485103 0.018768383515661888 0.5532668530729802
0.29057424850282115 0.003689732343645822 0.10374545591109857	0.003689732838894586 0.30069905373308636 -0.018768382520750485	-0.1037454455347348 0.018768383515591604 0.5532668530732431
0.29057424850281743 0.003689732343656514 0.10374545591105286	0.0036897328389013263 0.3006990537330684 -0.018768382520699005	-0.10374544553469918 0.018768383515558686 0.5532668530733167
0.29057424850288305 0.0036897323436636403 0.10374545591101626	0.0036897328389128735 0.3006990537331543 -0.018768382520700025	-0.10374544553465537 0.01876838351554276 0.553266853073445
0.2905742485028561 0.00368973234366484 0.10374545591105379	0.0036897328389139524 0.3006990537330715 -0.018768382520658287	-0.10374544553471932 0.018768383515555438 0.55326685307339
0.2905742485027942 0.003689732343667455 0.10374545591108492	0.003689732838915832 0.3006990537330832 -0.018768382520668314	-0.10374544553473201 0.018768383515530555 0.5532668530733303
0.2905742485028331 0.003689732343680821 0.1037454559110531	0.003689732838925681 0.3006990537331289 -0.01876838252061952	-0.10374544553473362 0.01876838351555382 0.5532668530734479
0.2905742485029048 0.00368973234364689 0.10374545591110375	0.003689732838893959 0.30069905373307115 -0.018768382520702398	-0.10374544553476021 0.018768383515577018 0.5532668530733946
0.290574248502823 0.0036897323436561316 0.10374545591110168	0.0036897328389010565 0.30069905373307654 -0.018768382520692475	-0.10374544553478895 0.018768383515642327 0.553266853073294
0.2905742485028699 0.003689732343658915 0.10374545591111825	0.0036897328389077387 0.30069905373312134 -0.018768382520696264	-0.10374544553476983 0.01876838351557379 0.5532668530733532
0.29057424850287644 0.0036897323436348058 0.10374545591110511	0.003689732838877321 0.3006990537329962 -0.018768382520675017	-0.10374544553478653 0.018768383515609624 0.5532668530732743
0.29057424850291186 0.003689732343617305 0.10374545591113	0.0036897328388676353 0.30069905373302075 -0.018768382520748937	-0.103745445534776 0.01876838351560956 0.5532668530732826
0.290574248502887 0.0036897323436648546 0.10374545591106359	0.003689732838910227 0.30069905373312744 -0.01876838252068916	-0.1037454455347274 0.01876838351558848 0.5532668530733579
0.29057424850285635 0.0036897323436380636 0.103745455911089	0.0036897328388861093 0.300699053733105 -0.018768382520754558	-0.10374544553472624 0.018768383515599132 0.5532668530732743
0.29057424850289826 0.003689732343636634 0.10374545591108761	0.003689732838885792 0.3006990537330398 -0.018768382520722632	-0.1037454455347353 0.01876838351558314 0.5532668530732805
0.2905742485028608 0.003689732343650944 0.1037454559110765	0.0036897328389010053 0.30069905373306344 -0.01876838252072216	-0.10374544553471322 0.01876838351556394 0.5532668530733175
0.29057424850329816 0.003689732343687302 0.10374545591086522	0.0036897328389321462 0.30069905373341776 -0.018768382520443445	-0.10374544553451882 0.01876838351531869 0.5532668530742029
0.29057424850330726 0.003689732343674178 0.10374545591086272	0.0036897328389227414 0.30069905373343325 -0.01876838252048204	-0.10374544553448807 0.018768383515298012 0.5532668530741489
0.2905742485033773 0.003689732343681253 0.10374545591079887	0.0036897328389278415 0.30069905373340433 -0.018768382520392923	-0.1037454455344618 0.018768383515288298 0.5532668530743102
0.2905742485033133 0.0036897323436830432 0.10374545591084035	0.0036897328389306795 0.30069905373338307 -0.01876838252044516	-0.10374544553448005 0.018768383515286438 0.5532668530742441
0.2905742485032435 0.0036897323437106782 0.10374545591079112	0.0036897328389561123 0.30069905373343747 -0.01876838252037831	-0.10374544553446627 0.01876838351530171 0.5532668530742321
0.29057424850327157 0.0036897323436998744 0.10374545591078022	0.0036897328389493894 0.3006990537333933 -0.018768382520386484	-0.1037454455344321 0.018768383515262062 0.5532668530742415
0.2905742485033261 0.003689732343699307 0.10374545591075718	0.003689732838940904 0.3006990537333997 -0.018768382520356806	-0.10374544553444125 0.018768383515290442 0.5532668530743148
0.2905742485032792 0.0036897323437048617 0.1037454559107859	0.0036897328389482896 0.30069905373350153 -0.018768382520412456	-0.10374544553444845 0.01876838351530797 0.5532668530743473
0.2905742485032756 0.003689732343716382 0.10374545591080157	0.003689732838960371 0.3006990537333927 -0.018768382520327725	-0.1037454455344782 0.01876838351524896 0.5532668530743146
0.29057424850332453 0.0036897323436860825 0.10374545591083409	0.003689732838932985 0.30069905373339345 -0.018768382520354975	-0.10374544553449673 0.018768383515252396 0.5532668530742987
0.2905742485032726 0.0036897323437011338 0.10374545591083609	0.0036897328389462122 0.30069905373347094 -0.018768382520408126	-0.1037454455344954 0.018768383515294147 0.5532668530742886
0.29057424850335617 0.003689732343716697 0.1037454559108158	0.0036897328389612002 0.30069905373348516 -0.018768382520365792	-0.10374544553447504 0.018768383515250682 0.5532668530744033
0.2905742485033349 0.003689732343679369 0.10374545591085362	0.0036897328389261987 0.3006990537334494 -0.01876838252040955	-0.10374544553449107 0.01876838351525289 0.5532668530742859
0.2905742485033316 0.0036897323436800413 0.10374545591086333	0.003689732838928407 0.3006990537334423 -0.018768382520399647	-0.10374544553451573 0.018768383515274288 0.5532668530742737
0.29057424850340785 0.0036897323436847268 0.1037454559108569	0.0036897328389344742 0.3006990537334614 -0.018768382520427063	-0.10374544553448219 0.018768383515244333 0.5532668530743666
0.2905742485030648 0.003689732343642855 0.10374545591102224	0.0036897328388916222 0.30069905373322603 -0.018768382520668536	-0.10374544553464914 0.018768383515482358 0.5532668530736456
0.290574248502985 0.003689732343640388 0.10374545591105322	0.0036897328388869853 0.30069905373316863 -0.018768382520635396	-0.10374544553470434 0.018768383515510564 0.5532668530735392
0.2905742485030635 0.0036897323436479185 0.10374545591104609	0.003689732838895402 0.3006990537331741 -0.01876838252062385	-0.10374544553468702 0.018768383515466038 0.5532668530736424
0.2905742485030305 0.003689732343649845 0.10374545591104947	0.003689732838894611 0.30069905373317957 -0.018768382520625036	-0.10374544553470673 0.01876838351551277 0.5532668530736633
0.2905742485030289 0.003689732343637513 0.1037454559110424	0.0036897328388856288 0.30069905373316974 -0.01876838252063532	-0.1037454455347013 0.018768383515520563 0.5532668530735919
0.29057424850301794 0.0036897323436487755 0.10374545591099874	0.003689732838892501 0.30069905373315936 -0.01876838252059375	-0.10374544553466371 0.01876838351549126 0.5532668530736011
0.29057424850302604 0.003689732343662937 0.10374545591096933	0.00368973283890618 0.3006990537331971 -0.018768382520582272	-0.10374544553464227 0.018768383515505138 0.5532668530736751
0.2905742485030216 0.0036897323436584067 0.10374545591097675	0.00368973283890446 0.30069905373319106 -0.018768382520613955	-0.10374544553464475 0.01876838351550865 0.5532668530736208
0.29057424850302055 0.003689732343668712 0.10374545591097924	0.003689732838912451 0.3006990537331165 -0.018768382520544274	-0.10374544553465766 0.018768383515477556 0.5532668530736711
0.29057424850296554 0.003689732343680299 0.10374545591096784	0.0036897328389258605 0.30069905373319555 -0.018768382520617383	-0.10374544553462246 0.018768383515492017 0.5532668530735989
0.29057424850295155 0.003689732343666192 0.10374545591097568	0.003689732838911353 0.3006990537332187 -0.01876838252063049	-0.10374544553465019 0.0187683835155519 0.5532668530735835
0.2905742485029994 0.0036897323436622213 0.10374545591098673	0.003689732838910914 0.30069905373315153 -0.018768382520621678	-0.10374544553462356 0.0187683835154629 0.5532668530736307
0.2905742485030119 0.0036897323436738613 0.10374545591095784	0.003689732838919062 0.3006990537331803 -0.018768382520581536	-0.10374544553462353 0.018768383515476036 0.5532668530736461
0.29057424850296887 0.0036897323436608587 0.10374545591102473	0.003689732838909638 0.30069905373322153 -0.01876838252065801	-0.10374544553464952 0.018768383515475058 0.5532668530736103
0.2905742485030453 0.003689732343665224 0.10374545591098036	0.0036897328389149118 0.3006990537331855 -0.018768382520588836	-0.1037454455346348 0.018768383515464684 0.5532668530737307
0.290574248502654 0.0036897323436555773 0.1037454559111573	0.0036897328389032995 0.3006990537329614 -0.01876838252082484	-0.10374544553479345 0.01876838351566628 0.5532668530729468
0.2905742485025968 0.0036897323436554993 0.10374545591120451	0.003689732838904442 0.30069905373292577 -0.018768382520831454	-0.10374544553485388 0.018768383515691482 0.553266853072816
0.2905742485026161 0.0036897323436706556 0.10374545591118736	0.003689732838915674 0.30069905373297645 -0.01876838252081226	-0.10374544553482336 0.01876838351565857 0.5532668530729218
0.2905742485026497 0.0036897323436523004 0.10374545591120828	0.0036897328388976296 0.3006990537329203 -0.018768382520807918	-0.10374544553487346 0.018768383515705624 0.5532668530728815
0.29057424850262004 0.003689732343627317 0.10374545591124777	0.003689732838874256 0.30069905373288197 -0.018768382520873095	-0.10374544553489308 0.01876838351573537 0.553266853072788
0.2905742485026126 0.003689732343660066 0.10374545591120234	0.0036897328389039006 0.30069905373294914 -0.018768382520794644	-0.10374544553488037 0.018768383515729625 0.5532668530729006
0.29057424850263264 0.003689732343658739 0.10374545591123013	0.003689732838904643 0.3006990537329416 -0.018768382520811908	-0.1037454455348855 0.018768383515688367 0.5532668530728759
0.2905742485026621 0.003689732343631588 0.10374545591123112	0.003689732838874393 0.30069905373288314 -0.01876838252078144	-0.10374544553491469 0.018768383515729105 0.5532668530728673
0.29057424850263314 0.0036897323436581447 0.10374545591122977	0.0036897328389040966 0.30069905373293826 -0.018768382520809382	-0.10374544553488507 0.01876838351568575 0.5532668530728705
0.2905742485026199 0.0036897323436599133 0.10374545591119692	0.0036897328389037714 0.30069905373295136 -0.018768382520792118	-0.10374544553487525 0.018768383515727016 0.5532668530729089
0.290574248502632 0.0036897323436256985 0.10374545591124973	0.00368973283887273 0.30069905373288774 -0.018768382520875218	-0.10374544553489508 0.018768383515737494 0.5532668530727947
0.29057424850264896 0.0036897323436522068 0.10374545591121036	0.003689732838897517 0.3006990537329204 -0.018768382520806398	-0.10374544553487544 0.018768383515704215 0.5532668530728798
0.29057424850261926 0.00368973234367306 0.10374545591118853	0.0036897328389183083 0.30069905373298655 -0.01876838252080861	-0.10374544553482452 0.018768383515654873 0.5532668530729302
0.2905742485025937 0.0036897323436578516 0.10374545591120728	0.0036897328389068037 0.30069905373292816 -0.018768382520831108	-0.10374544553485648 0.018768383515691295 0.5532668530728224
0.29057424850265495 0.0036897323436537394 0.10374545591115902	0.003689732838901746 0.30069905373296246 -0.018768382520828013	-0.10374544553479513 0.01876838351566955 0.5532668530729457
0.2905742485030526 0.003689732343662701 0.10374545591098563	0.0036897328389123955 0.30069905373318817 -0.01876838252059026	-0.10374544553464 0.018768383515466294 0.553266853073732
0.2905742485029656 0.0036897323436601553 0.10374545591102763	0.0036897328389088784 0.3006990537332181 -0.01876838252065715	-0.1037454455346527 0.018768383515474267 0.5532668530736052
0.29057424850302394 0.0036897323436719653 0.10374545591095874	0.003689732838917217 0.30069905373319084 -0.018768382520584312	-0.1037454455346241 0.01876838351547886 0.5532668530736501
0.2905742485030074 0.0036897323436635683 0.10374545591098451	0.0036897328389121926 0.30069905373315603 -0.018768382520621386	-0.10374544553462137 0.018768383515462728 0.5532668530736382
0.2905742485029529 0.003689732343667434 0.10374545591097138	0.0036897328389126263 0.30069905373321953 -0.018768382520623746	-0.10374544553464576 0.01876838351554516 0.5532668530735851
0.2905742485029624 0.003689732343679748 0.10374545591096744	0.003689732838925439 0.30069905373320155 -0.018768382520616002	-0.10374544553462217 0.018768383515490712 0.5532668530735969
0.2905742485030235 0.003689732343671608 0.10374545591097706	0.003689732838915368 0.3006990537331223 -0.018768382520543886	-0.10374544553465538 0.01876838351547727 0.5532668530736821
0.29057424850302815 0.0036897323436594362 0.10374545591097548	0.0036897328389054723 0.3006990537332003 -0.01876838252061143	-0.10374544553464345 0.018768383515506193 0.5532668530736332
0.2905742485030211 0.0036897323436648893 0.1037454559109678	0.0036897328389081576 0.30069905373320577 -0.018768382520579344	-0.1037454455346405 0.018768383515502092 0.5532668530736766
0.29057424850302993 0.0036897323436504816 0.10374545591099395	0.003689732838894246 0.3006990537331725 -0.018768382520588545	-0.1037454455346588 0.018768383515486167 0.5532668530736136
0.2905742485030325 0.0036897323436386065 0.10374545591104148	0.003689732838886752 0.30069905373317213 -0.018768382520634674	-0.10374544553470048 0.018768383515519904 0.5532668530735974
0.29057424850303537 0.0036897323436498024 0.10374545591104815	0.003689732838894866 0.3006990537331862 -0.018768382520626077	-0.10374544553470529 0.018768383515513902 0.5532668530736606
0.2905742485030651 0.003689732343648516 0.10374545591104403	0.003689732838895901 0.3006990537331762 -0.018768382520621102	-0.10374544553468511 0.018768383515463352 0.5532668530736413
0.29057424850299474 0.0036897323436374807 0.10374545591105772	0.0036897328388843416 0.30069905373316747 -0.018768382520639282	-0.1037454455347088 0.018768383515514506 0.5532668530735366
0.29057424850306546 0.0036897323436419363 0.10374545591102695	0.0036897328388904894 0.30069905373322603 -0.018768382520676044	-0.10374544553465408 0.01876838351548986 0.5532668530736389
0.29057424850341923 0.0036897323436857615 0.1037454559108561	0.0036897328389353737 0.30069905373347067 -0.01876838252042537	-0.10374544553448128 0.018768383515242563 0.5532668530743714
0.2905742485033339 0.0036897323436812287 0.10374545591086314	0.003689732838929622 0.30069905373345396 -0.0187683825203981	-0.10374544553451556 0.01876838351527286 0.5532668530742731
0.2905742485033399 0.0036897323436815514 0.10374545591085611	0.003689732838928414 0.3006990537334579 -0.018768382520409535	-0.10374544553449344 0.01876838351525273 0.55326685307429
0.2905742485033659 0.0036897323437157436 0.10374545591081905	0.003689732838960555 0.3006990537334939 -0.01876838252036618	-0.1037454455344782 0.018768383515251404 0.5532668530744164
0.29057424850328595 0.0036897323437010375 0.10374545591083478	0.0036897328389463094 0.30069905373348244 -0.018768382520403422	-0.10374544553449401 0.018768383515289616 0.5532668530742968
0.2905742485033267 0.0036897323436850043 0.10374545591083548	0.0036897328389321688 0.3006990537333983 -0.01876838252035376	-0.1037454455344982 0.018768383515251293 0.5532668530742947
0.2905742485032897 0.0036897323437130826 0.10374545591080268	0.0036897328389570994 0.3006990537333948 -0.01876838252033164	-0.1037454455344791 0.01876838351525286 0.5532668530743173
0.2905742485032837 0.0036897323437056918 0.10374545591078656	0.003689732838949151 0.30069905373350175 -0.018768382520414503	-0.10374544553444903 0.01876838351531017 0.5532668530743502
0.29057424850333247 0.003689732343696621 0.10374545591076009	0.0036897328389380764 0.30069905373340994 -0.018768382520361608	-0.10374544553444405 0.01876838351529525 0.5532668530743096
0.2905742485032746 0.0036897323437017687 0.1037454559107805	0.003689732838951084 0.3006990537333949 -0.0187683825203859	-0.1037454455344322 0.018768383515261285 0.553266853074242
0.29057424850325153 0.003689732343710923 0.10374545591079344	0.003689732838956468 0.3006990537334475 -0.018768382520381877	-0.1037454455344687 0.018768383515305298 0.5532668530742378
0.29057424850331587 0.003689732343682259 0.10374545591084026	0.0036897328389296803 0.3006990537333901 -0.01876838252044879	-0.10374544553447984 0.018768383515289942 0.5532668530742408
0.29057424850338837 0.0036897323436813276 0.10374545591079601	0.0036897328389276837 0.3006990537334043 -0.018768382520389086	-0.10374544553445879 0.018768383515284523 0.5532668530743096
0.29057424850331265 0.0036897323436721587 0.10374545591085836	0.003689732838920783 0.30069905373343614 -0.018768382520482074	-0.10374544553448378 0.018768383515298102 0.5532668530741502
0.2905742485033086 0.003689732343686903 0.10374545591086122	0.003689732838931802 0.30069905373342637 -0.01876838252044795	-0.10374544553451472 0.018768383515323485 0.5532668530742043
0.2905742485028715 0.0036897323436534263 0.10374545591107248	0.003689732838903596 0.3006990537330695 -0.018768382520718392	-0.10374544553470917 0.01876838351556019 0.5532668530733285
0.2905742485029021 0.003689732343635087 0.10374545591108336	0.0036897328388842895 0.3006990537330475 -0.018768382520723728	-0.10374544553473111 0.0187683835155842 0.5532668530732762
0.29057424850286406 0.0036897323436372743 0.1037454559110883	0.003689732838885196 0.30069905373310796 -0.018768382520756487	-0.1037454455347255 0.01876838351560102 0.5532668530732687
0.2905742485028958 0.003689732343664389 0.10374545591106561	0.0036897328389097154 0.3006990537331305 -0.01876838252069836	-0.10374544553472956 0.018768383515597648 0.5532668530733542
0.2905742485029155 0.0036897323436156588 0.10374545591112756	0.0036897328388659206 0.3006990537330236 -0.01876838252075186	-0.1037454455347735 0.01876838351561265 0.5532668530732797
0.29057424850288915 0.0036897323436329106 0.10374545591110708	0.0036897328388752846 0.30069905373300193 -0.01876838252067496	-0.10374544553478851 0.018768383515609686 0.553266853073269
0.29057424850287705 0.0036897323436572912 0.10374545591111811	0.0036897328389060603 0.30069905373313033 -0.018768382520699615	-0.1037454455347698 0.01876838351557722 0.5532668530733538
0.290574248502841 0.0036897323436549355 0.10374545591110036	0.003689732838899838 0.3006990537330883 -0.01876838252069387	-0.10374544553478793 0.018768383515644 0.5532668530733018
0.2905742485029099 0.00368973234364592 0.10374545591110555	0.003689732838892846 0.30069905373307065 -0.0187683825207038	-0.103745445534762 0.01876838351557853 0.5532668530733877
0.2905742485028474 0.003689732343678357 0.10374545591105283	0.003689732838923301 0.30069905373314 -0.01876838252061825	-0.10374544553473343 0.01876838351555256 0.5532668530734501
0.29057424850280567 0.003689732343668416 0.10374545591108845	0.0036897328389167306 0.3006990537330925 -0.018768382520670097	-0.10374544553473536 0.018768383515532346 0.5532668530733359
0.2905742485028642 0.0036897323436625535 0.10374545591105817	0.0036897328389116314 0.3006990537330739 -0.0187683825206627	-0.10374544553472369 0.01876838351556006 0.55326685307339
0.2905742485028931 0.0036897323436649136 0.10374545591101467	0.00368973283891423 0.30069905373316896 -0.018768382520693655	-0.10374544553465412 0.018768383515536315 0.5532668530734568
0.2905742485028293 0.003689732343658855 0.10374545591104962	0.003689732838903513 0.3006990537330899 -0.018768382520694425	-0.10374544553469583 0.018768383515553995 0.5532668530733316
0.29057424850283337 0.003689732343646307 0.10374545591109366	0.0036897328388948974 0.3006990537331003 -0.018768382520748576	-0.10374544553473 0.018768383515589578 0.5532668530732581
0.2905742485026561 0.003689732343667297 0.10374545591119907	0.0036897328389149395 0.30069905373297984 -0.018768382520784825	-0.1037454455348533 0.018768383515660042 0.5532668530729973
0.2905742485026094 0.003689732343656619 0.10374545591121036	0.0036897328389087604 0.3006990537329599 -0.018768382520836867	-0.10374544553483432 0.01876838351565467 0.5532668530729355
0.29057424850265423 0.0036897323436564117 0.10374545591115246	0.0036897328389052146 0.3006990537330022 -0.01876838252080775	-0.10374544553481904 0.018768383515702716 0.5532668530729389
0.2905742485026782 0.0036897323436483236 0.10374545591117675	0.0036897328388989974 0.3006990537329109 -0.01876838252081508	-0.10374544553481166 0.018768383515656642 0.5532668530729439
0.2905742485026572 0.0036897323436502344 0.10374545591116878	0.0036897328388936345 0.3006990537328922 -0.018768382520798946	-0.10374544553484656 0.01876838351571971 0.553266853072885
0.29057424850269664 0.003689732343641332 0.10374545591117905	0.00368973283889072 0.3006990537329668 -0.018768382520838053	-0.10374544553483121 0.018768383515711466 0.5532668530729365
0.290574248502688 0.003689732343650264 0.10374545591115798	0.003689732838896915 0.3006990537329223 -0.01876838252076348	-0.10374544553483774 0.018768383515699934 0.5532668530729113
0.2905742485026659 0.0036897323436372864 0.10374545591121499	0.0036897328388837865 0.3006990537329085 -0.018768382520848795	-0.1037454455348801 0.018768383515743156 0.5532668530728009
0.2905742485026699 0.0036897323436471292 0.10374545591121574	0.0036897328388931575 0.30069905373292855 -0.01876838252082235	-0.10374544553488974 0.0187683835157451 0.5532668530728805
0.29057424850270996 0.0036897323436432634 0.10374545591121033	0.0036897328388919605 0.300699053732934 -0.018768382520782702	-0.10374544553487598 0.018768383515681664 0.553266853072977
0.29057424850271796 0.0036897323436345074 0.10374545591121775	0.003689732838882508 0.30069905373293804 -0.018768382520775867	-0.10374544553487561 0.018768383515661333 0.553266853072955
0.2905742485027072 0.0036897323436533673 0.10374545591119362	0.0036897328389015292 0.3006990537329851 -0.01876838252080372	-0.10374544553485024 0.01876838351569044 0.5532668530729791
0.2905742485026762 0.0036897323436634825 0.10374545591119334	0.0036897328389139342 0.30069905373302463 -0.018768382520820366	-0.10374544553483231 0.018768383515662013 0.5532668530730269
0.29057424850266594 0.0036897323436499473 0.10374545591120757	0.0036897328388978213 0.30069905373294964 -0.018768382520759026	-0.10374544553485976 0.018768383515634313 0.5532668530729989
0.29057424850263636 0.0036897323436488206 0.103745455911231	0.0036897328388985047 0.3006990537329533 -0.018768382520829824	-0.10374544553485818 0.018768383515645387 0.5532668530729418
0.29057424850316205 0.003689732343668586 0.10374545591096981	0.0036897328389197924 0.3006990537333226 -0.01876838252057876	-0.10374544553459328 0.018768383515395407 0.5532668530739251
0.2905742485031505 0.0036897323436742456 0.10374545591093572	0.003689732838921189 0.30069905373334815 -0.018768382520526865	-0.10374544553458998 0.01876838351540134 0.5532668530739288
0.29057424850313884 0.003689732343660811 0.1037454559109252	0.003689732838909091 0.3006990537333369 -0.018768382520516533	-0.10374544553456178 0.018768383515360566 0.5532668530739665
0.2905742485031767 0.003689732343687471 0.10374545591089766	0.0036897328389334065 0.30069905373329725 -0.01876838252044126	-0.10374544553456028 0.018768383515324845 0.5532668530740479
0.29057424850310665 0.0036897323437069347 0.1037454559108953	0.0036897328389536577 0.3006990537333875 -0.01876838252047268	-0.10374544553455277 0.018768383515359477 0.5532668530740832
0.29057424850309516 0.003689732343691061 0.1037454559108937	0.00368973283893872 0.3006990537333587 -0.018768382520483497	-0.10374544553455847 0.018768383515384117 0.5532668530739866
0.2905742485031798 0.0036897323436769214 0.10374545591087429	0.003689732838920356 0.3006990537332552 -0.01876838252043537	-0.10374544553455112 0.01876838351535423 0.5532668530740045
0.29057424850310226 0.0036897323436791193 0.10374545591088881	0.003689732838925727 0.3006990537333186 -0.018768382520505014	-0.10374544553454851 0.01876838351540399 0.5532668530739223
0.2905742485031223 0.003689732343679389 0.10374545591091609	0.003689732838925208 0.30069905373328787 -0.018768382520517483	-0.1037454455345977 0.018768383515451424 0.553266853073859
0.29057424850317937 0.003689732343655906 0.10374545591092849	0.0036897328388999593 0.300699053733209 -0.01876838252055043	-0.10374544553458005 0.01876838351542412 0.5532668530738367
0.29057424850317715 0.0036897323436515814 0.10374545591089651	0.003689732838895745 0.30069905373324796 -0.018768382520531687	-0.10374544553457127 0.01876838351545318 0.5532668530738329
0.29057424850318936 0.003689732343657817 0.10374545591092854	0.0036897328389079824 0.30069905373331546 -0.01876838252061426	-0.10374544553456438 0.018768383515453485 0.5532668530738495
0.2905742485031814 0.0036897323436537333 0.10374545591092625	0.003689732838899478 0.30069905373326594 -0.01876838252058107	-0.1037454455345857 0.01876838351547868 0.5532668530738163
0.29057424850316294 0.003689732343650147 0.10374545591096393	0.0036897328388971265 0.3006990537332582 -0.01876838252057659	-0.10374544553459181 0.018768383515391764 0.5532668530738003
0.2905742485031577 0.0036897323436581256 0.10374545591094375	0.003689732838903858 0.3006990537332863 -0.01876838252053331	-0.10374544553459579 0.01876838351540966 0.5532668530738799
0.2905742485033205 0.0036897323436761355 0.10374545591085538	0.0036897328389217717 0.30069905373342304 -0.0187683825205028	-0.1037454455344954 0.01876838351534383 0.5532668530741186
0.29057424850329305 0.003689732343660124 0.10374545591086606	0.0036897328389089504 0.30069905373334044 -0.018768382520506693	-0.10374544553451191 0.01876838351536885 0.5532668530740605
0.29057424850332414 0.0036897323436526847 0.10374545591088051	0.003689732838903341 0.30069905373336026 -0.01876838252049637	-0.10374544553451955 0.01876838351534002 0.5532668530740714
0.2905742485032634 0.0036897323436862898 0.10374545591087757	0.003689732838929892 0.30069905373338524 -0.01876838252042725	-0.10374544553453922 0.018768383515326253 0.5532668530741669
0.2905742485032835 0.003689732343677579 0.1037454559108781	0.003689732838924111 0.30069905373339645 -0.01876838252047277	-0.10374544553452826 0.01876838351533379 0.5532668530741625
0.290574248503215 0.0036897323436804992 0.10374545591088406	0.003689732838923528 0.3006990537333113 -0.018768382520432392	-0.10374544553456543 0.018768383515365437 0.5532668530741262
0.29057424850321123 0.0036897323436902154 0.10374545591086863	0.0036897328389368577 0.3006990537334021 -0.01876838252041614	-0.10374544553452204 0.018768383515294085 0.553266853074185
0.2905742485032387 0.0036897323437064334 0.10374545591081728	0.003689732838951229 0.30069905373341854 -0.01876838252035836	-0.1037454455345071 0.01876838351530525 0.5532668530742888
0.2905742485032665 0.0036897323436911877 0.1037454559108734	0.0036897328389362887 0.30069905373334715 -0.01876838252041066	-0.10374544553452715 0.01876838351528759 0.553266853074253
0.29057424850325775 0.003689732343698817 0.10374545591083356	0.0036897328389423733 0.3006990537334082 -0.018768382520384055	-0.10374544553451692 0.018768383515316067 0.5532668530742214
0.29057424850318986 0.003689732343700373 0.1037454559108456	0.003689732838947822 0.3006990537334203 -0.018768382520430435	-0.1037454455344919 0.01876838351529026 0.5532668530741787
0.290574248503294 0.0036897323436994598 0.10374545591083308	0.003689732838944358 0.3006990537334164 -0.018768382520400514	-0.10374544553449655 0.01876838351529949 0.5532668530742386
0.29057424850328567 0.0036897323436977042 0.10374545591085567	0.0036897328389452417 0.300699053733403 -0.018768382520471964	-0.10374544553449616 0.018768383515314603 0.5532668530741836
0.2905742485032684 0.0036897323436885 0.10374545591086219	0.0036897328389363156 0.3006990537333898 -0.018768382520446165	-0.10374544553450837 0.018768383515308823 0.5532668530741168
0.29057424850331315 0.00368973234367217 0.10374545591085983	0.0036897328389200327 0.30069905373342065 -0.018768382520461334	-0.103745445534497 0.01876838351530201 0.5532668530741397
0.2905742485027644 0.0036897323436508415 0.10374545591111956	0.0036897328388967726 0.30069905373303857 -0.018768382520756598	-0.10374544553477415 0.01876838351563246 0.5532668530731416
0.29057424850275004 0.0036897323436415495 0.10374545591117564	0.0036897328388919536 0.3006990537329887 -0.018768382520835805	-0.10374544553480256 0.018768383515651778 0.553266853073039
0.2905742485027747 0.0036897323436393707 0.10374545591115086	0.003689732838885419 0.300699053732986 -0.018768382520782535	-0.10374544553481245 0.018768383515680116 0.5532668530730693
0.29057424850274083 0.0036897323436372326 0.1037454559111779	0.0036897328388834152 0.30069905373298594 -0.018768382520814274	-0.10374544553481668 0.01876838351565653 0.5532668530729629
0.2905742485027226 0.0036897323436266534 0.10374545591116488	0.00368973283887153 0.3006990537328809 -0.01876838252080045	-0.1037454455348392 0.018768383515720813 0.5532668530729303
0.29057424850277047 0.003689732343624701 0.10374545591117067	0.003689732838869848 0.30069905373294586 -0.01876838252085293	-0.10374544553482351 0.018768383515727044 0.5532668530729674
0.2905742485027152 0.0036897323436559815 0.10374545591113377	0.003689732838898733 0.30069905373299505 -0.018768382520760178	-0.1037454455348127 0.018768383515693925 0.5532668530730372
0.29057424850276553 0.0036897323436383004 0.10374545591112286	0.0036897328388849106 0.3006990537329765 -0.01876838252074208	-0.10374544553478413 0.018768383515639635 0.5532668530730717
0.2905742485028073 0.0036897323436487356 0.1037454559111337	0.0036897328388955514 0.30069905373296096 -0.01876838252073191	-0.10374544553480905 0.018768383515653096 0.5532668530731496
0.29057424850271574 0.0036897323436657385 0.10374545591113969	0.003689732838910129 0.30069905373304834 -0.01876838252076346	-0.10374544553480246 0.018768383515659993 0.5532668530731548
0.29057424850270736 0.0036897323436582592 0.10374545591115215	0.003689732838902282 0.3006990537330507 -0.018768382520731333	-0.10374544553480892 0.018768383515618346 0.5532668530730872
0.2905742485027344 0.0036897323436655546 0.10374545591114614	0.0036897328389124007 0.30069905373299055 -0.018768382520691386	-0.10374544553480486 0.018768383515576192 0.553266853073172
0.2905742485027411 0.0036897323436717033 0.10374545591114721	0.003689732838920044 0.3006990537330924 -0.018768382520748847	-0.1037454455347868 0.018768383515592783 0.5532668530732271
0.29057424850272445 0.003689732343673093 0.10374545591116344	0.0036897328389204776 0.300699053733058 -0.018768382520735233	-0.10374544553481715 0.0187683835156075 0.5532668530731814
0.2905742485027546 0.0036897323436515216 0.10374545591114524	0.0036897328389009854 0.30069905373303973 -0.018768382520769906	-0.10374544553477077 0.01876838351558663 0.553266853073149
