0.08494163083961122 -0.013583183114022882 0.12067127271089877	-0.01358318311402199 0.021588710016133217 -0.015238656016230527	-0.1206712727108979 0.015238656016229906 0.23510936884964337
0.08494160866339012 -0.013583226189860279 0.12067131670895297	-0.013583226189860239 0.021588651599125964 -0.015238552741792054	-0.1206713167089521 0.015238552741790048 0.2351092954588166
0.0849415696577239 -0.013583243257262106 0.12067131535829168	-0.013583243257261454 0.0215885859192237 -0.015238402633966443	-0.12067131535829101 0.015238402633967526 0.23510919482556625
0.08494159750932773 -0.013583203400690693 0.12067125110546002	-0.013583203400690164 0.02158866628628659 -0.01523850787641401	-0.12067125110545941 0.015238507876413544 0.23510929087900778
0.08494162919268652 -0.013583199886851426 0.12067124782779638	-0.013583199886851378 0.021588721378696614 -0.01523861780013534	-0.12067124782779569 0.015238617800135832 0.23510937483036093
0.08494159435344142 -0.013583242655868799 0.12067130041979271	-0.013583242655869295 0.021588633528171315 -0.015238490415506446	-0.12067130041979088 0.015238490415507004 0.23510926729562232
0.0849415700837097 -0.013583237305873378 0.12067128838328042	-0.013583237305873335 0.021588598803338223 -0.01523841386619073	-0.1206712883832821 0.015238413866189678 0.23510921010412492
0.0849416100520169 -0.013583194957538465 0.12067124287478072	-0.013583194957538815 0.021588693283937893 -0.015238556523054274	-0.12067124287478158 0.01523855652305308 0.23510932763586637
0.08494162644207735 -0.013583207305853738 0.1206712769626236	-0.013583207305853844 0.021588704157852988 -0.01523860054173913	-0.12067127696262171 0.015238600541739096 0.23510935375157255
0.0849415847296248 -0.013583242785351 0.12067133339077835	-0.013583242785350228 0.021588599941291288 -0.01523845956642085	-0.12067133339077968 0.015238459566420105 0.2351092249573795
0.08494157963850951 -0.013583216495386342 0.12067130801437345	-0.013583216495387119 0.021588602236909803 -0.015238472174094415	-0.12067130801437206 0.01523847217409207 0.2351092234334185
0.0849416245326617 -0.01358318016257279 0.12067127658824792	-0.013583180162573556 0.021588698664924407 -0.015238636570854131	-0.1206712765882465 0.015238636570852344 0.23510935061072458
0.08494162113981701 -0.01358321034038298 0.12067132406978572	-0.013583210340383034 0.02158867115768559 -0.015238597602520144	-0.1206713240697868 0.01523859760251841 0.23510932071591567
0.0849415769344059 -0.013583239470251769 0.12067135411910658	-0.01358323947025239 0.02158857746922489 -0.01523843524470208	-0.12067135411910576 0.015238435244702496 0.23510919394570334
0.08494158942550062 -0.013583203623366602 0.12067130024275986	-0.01358320362336661 0.021588623747249843 -0.01523850446597435	-0.12067130024276063 0.015238504465973489 0.23510924890326632
0.0849415981791335 -0.013583229554400299 0.12067127103324089	-0.013583229554399622 0.021588633815719717 -0.015238480766531733	-0.12067127103324121 0.015238480766532943 0.23510926933145113
0.08494163564559934 -0.013583201610554946 0.12067126801452178	-0.013583201610555776 0.02158875380583016 -0.01523866291365197	-0.12067126801452084 0.015238662913652942 0.23510940649101558
0.08494159284029937 -0.013583216519230808 0.12067127189411479	-0.013583216519229637 0.021588661106215434 -0.015238512521620312	-0.12067127189411567 0.01523851252161917 0.23510928588995283
0.08494156374565777 -0.013583239836303938 0.12067127880518458	-0.013583239836304231 0.02158856052935646 -0.015238367362575358	-0.12067127880518437 0.015238367362572731 0.23510917357827613
0.08494161280077334 -0.01358321803449071 0.12067128597329288	-0.013583218034492047 0.021588669783453925 -0.015238545996739954	-0.12067128597329141 0.015238545996739843 0.23510931096777749
0.08494163346132431 -0.0135831955324658 0.12067129546966765	-0.013583195532466057 0.02158873887238605 -0.015238659003290071	-0.1206712954696689 0.015238659003291636 0.23510938690569325
0.08494158287135284 -0.013583215908414463 0.12067130674184012	-0.013583215908415602 0.021588605853731374 -0.015238479596576492	-0.12067130674184023 0.015238479596576916 0.23510923006214282
0.08494157486616863 -0.013583227491643615 0.12067131459820034	-0.01358322749164452 0.02158855776526837 -0.015238432977277137	-0.12067131459819935 0.015238432977275049 0.23510918599083291
0.08494162775509316 -0.013583200388611123 0.12067131737358076	-0.013583200388609575 0.02158869697636525 -0.015238636447646177	-0.12067131737358144 0.015238636447643797 0.23510934931699526
0.08494162471107765 -0.013583193565032719 0.12067131756262932	-0.013583193565031935 0.021588713400203886 -0.015238635404535933	-0.1206713175626289 0.015238635404537355 0.23510935384796183
0.0849415728826487 -0.013583223239796969 0.12067131453027113	-0.013583223239796889 0.021588569326014065 -0.015238422811148504	-0.1206713145302729 0.01523842281114629 0.23510918664163055
0.08494158702277028 -0.013583225562485124 0.12067130616382955	-0.013583225562485235 0.021588584909617493 -0.015238467686292702	-0.12067130616382947 0.01523846768629157 0.2351092206316803
0.08494163479916697 -0.013583198089734506 0.12067129542253593	-0.013583198089734426 0.021588732441768104 -0.015238671615883253	-0.12067129542253457 0.015238671615883041 0.23510938850483462
0.08494160810850454 -0.013583206510008293 0.12067128649330372	-0.01358320651000839 0.02158869546354737 -0.015238570112423699	-0.12067128649330335 0.015238570112421114 0.23510932521368388
0.08494156333696787 -0.013583238984282223 0.12067127859217984	-0.013583238984282396 0.02158856402998252 -0.01523835881330491	-0.12067127859217826 0.015238358813305184 0.2351091724508101
0.08494156940282135 -0.013583242175420842 0.12067131101757453	-0.01358324217542046 0.02158858315516943 -0.015238395267481997	-0.12067131101757103 0.015238395267480852 0.23510919145336784
0.08494159889115496 -0.013583221738037618 0.12067131760210456	-0.013583221738037454 0.021588655013934414 -0.015238517528437748	-0.12067131760210315 0.015238517528437703 0.23510927905307075
0.0849416340988682 -0.013583187088499992 0.12067127706306954	-0.013583187088499229 0.02158870999447695 -0.015238655432523188	-0.12067127706307082 0.015238655432520787 0.23510937119592154
0.08494159917529043 -0.013583208141491 0.12067129873357071	-0.013583208141492515 0.021588619962981538 -0.015238533787917577	-0.12067129873357146 0.015238533787916057 0.2351092636259277
0.08494157164956054 -0.013583233318830806 0.1206713505257376	-0.013583233318831833 0.0215885809749917 -0.015238441758701128	-0.12067135052573671 0.015238441758700552 0.2351091931899255
0.08494161233972852 -0.013583205609035202 0.12067132660724	-0.013583205609035946 0.021588676999453195 -0.015238580732296093	-0.12067132660723998 0.01523858073229659 0.2351093112155229
0.08494163183098737 -0.013583187688256252 0.1206712794958233	-0.0135831876882565 0.02158869352400916 -0.015238630313121938	-0.1206712794958232 0.015238630313120484 0.2351093525759252
0.08494158725661959 -0.013583221406119318 0.12067130435117862	-0.013583221406118466 0.021588594549117126 -0.01523847443118187	-0.12067130435117815 0.015238474431179788 0.23510922724167801
0.08494157572643596 -0.013583234873196013 0.12067133071890485	-0.013583234873196497 0.021588605068603512 -0.015238458482982751	-0.12067133071890523 0.015238458482984892 0.23510921966382858
0.08494161985412343 -0.013583202537459402 0.12067128088033612	-0.013583202537459635 0.02158871216492423 -0.015238609770314854	-0.12067128088033806 0.01523860977031271 0.23510935423508045
0.08494161953688256 -0.01358320209984802 0.12067124446368531	-0.013583202099848389 0.021588688214860725 -0.015238568863330373	-0.12067124446368162 0.015238568863329152 0.23510933666862124
0.08494157438874286 -0.013583240804000443 0.12067128368929704	-0.013583240804001364 0.021588590628872962 -0.01523839827960493	-0.12067128368929929 0.015238398279604465 0.23510920593324824
0.08494158413551696 -0.013583236476411156 0.12067129937113469	-0.013583236476409449 0.02158863707927858 -0.015238465368513511	-0.12067129937113567 0.015238465368512429 0.2351092533815213
0.08494162699375236 -0.013583198353367115 0.12067125265475637	-0.013583198353369073 0.02158872735143058 -0.015238632176504195	-0.12067125265475352 0.015238632176505278 0.23510937917294722
0.08494160777698763 -0.013583208543672065 0.12067125151792622	-0.013583208543672317 0.021588663415660313 -0.015238541834930602	-0.12067125151792613 0.015238541834927892 0.2351093073133048
0.08494161201830443 -0.013583197544405155 0.1206713225451726	-0.013583197544405054 0.021588690200355788 -0.015238617307555897	-0.1206713225451724 0.015238617307556213 0.2351093270387802
0.08494157843583941 -0.013583241137302797 0.12067135443304182	-0.013583241137304447 0.021588574696351136 -0.01523843844468488	-0.12067135443304362 0.01523843844468321 0.23510919491188684
0.08494159796678938 -0.013583215559161681 0.12067130173207542	-0.013583215559160814 0.021588605658135224 -0.015238487707166674	-0.12067130173207564 0.015238487707167306 0.2351092433949651
0.084941628036604 -0.013583180462202646 0.12067127187277783	-0.013583180462202787 0.021588714401151673 -0.015238643466303933	-0.12067127187277653 0.015238643466302913 0.2351093650600884
0.08494160130681253 -0.013583216264245756 0.12067131525142599	-0.013583216264244614 0.02158866723648095 -0.015238560658864118	-0.1206713152514266 0.015238560658865797 0.23510929859405885
0.08494157416979026 -0.013583247545943002 0.12067131664075323	-0.013583247545943807 0.02158858002466988 -0.015238419357212412	-0.12067131664075328 0.015238419357212957 0.23510920069876148
0.08494160388405007 -0.013583210976395449 0.12067125257579896	-0.013583210976395341 0.021588655407869393 -0.015238511683500097	-0.12067125257579779 0.015238511683499559 0.23510929245192994
0.08494162368174563 -0.013583193859794264 0.12067124636480875	-0.01358319385979433 0.021588731073991223 -0.01523860408590659	-0.12067124636480998 0.015238604085906368 0.235109370679376
0.08494158994310586 -0.013583238033415695 0.12067129911811225	-0.013583238033414383 0.021588640808367972 -0.015238476755409552	-0.12067129911811406 0.015238476755409208 0.23510926295050044
0.08494157707431044 -0.013583245770947175 0.12067128998731809	-0.013583245770946578 0.021588585842457264 -0.015238418947151375	-0.12067128998731602 0.015238418947150119 0.23510921140593863
0.08494161275036688 -0.01358319716322054 0.12067124398503719	-0.013583197163220248 0.021588689674071404 -0.015238574931852301	-0.12067124398503858 0.01523857493185064 0.2351093332161806
0.08494161814704215 -0.013583196548031378 0.12067127537623229	-0.01358319654803196 0.021588720124190552 -0.015238606702178154	-0.12067127537623117 0.01523860670217855 0.2351093555167867
0.08494158335907424 -0.013583242247079897 0.1206713326262002	-0.013583242247079757 0.021588600234488005 -0.015238443345986095	-0.12067133262619903 0.015238443345986029 0.2351092195128629
0.08494158830817775 -0.013583228609507732 0.12067130950251562	-0.01358322860950962 0.02158858325765632 -0.015238456353434286	-0.1206713095025171 0.015238456353431698 0.23510921794553025
0.08494162414753063 -0.013583179249522837 0.12067127678302543	-0.013583179249522933 0.02158869957661142 -0.01523864429607178	-0.1206712767830222 0.015238644296070487 0.2351093528836026
0.0849416361873653 -0.013583199399902584 0.12067129610816839	-0.013583199399901814 0.021588731415270547 -0.015238675626519732	-0.1206712961081689 0.015238675626523198 0.23510939032828287
0.08494161552144092 -0.0135832129701318 0.12067128929061786	-0.013583212970133136 0.021588688691198413 -0.0152385979046804	-0.12067128929061809 0.015238597904681978 0.23510933594040412
0.08494155969509157 -0.013583234447034794 0.12067127744558934	-0.013583234447034964 0.02158856841757996 -0.015238363085289967	-0.12067127744559134 0.01523836308528919 0.23510917298102096
0.08494159092873714 -0.013583222718457246 0.12067126850396821	-0.013583222718457487 0.021588640601601736 -0.01523846119518341	-0.12067126850396788 0.01523846119518562 0.23510926134179916
0.0849416407784852 -0.013583208320410198 0.12067126946170893	-0.013583208320409865 0.021588745794490938 -0.015238654059551496	-0.12067126946170971 0.015238654059549859 0.23510940449124526
0.08494159921841504 -0.013583223437451164 0.12067127386649765	-0.013583223437451735 0.021588652922911365 -0.015238519339883037	-0.12067127386649674 0.015238519339882493 0.2351092891685834
0.08494155711139624 -0.013583231667021176 0.12067127694363822	-0.01358323166702039 0.021588569863252687 -0.015238374273051157	-0.12067127694363566 0.015238374273052586 0.23510917442763907
0.0849416073109886 -0.013583211237524073 0.12067128464770964	-0.013583211237524906 0.02158867852086807 -0.015238551974428968	-0.12067128464771003 0.015238551974429138 0.23510931205250532
0.0849416410735578 -0.013583204199995853 0.1206712978322692	-0.013583204199996202 0.0215887297302164 -0.01523866022029289	-0.12067129783226821 0.015238660220292244 0.23510938905890374
0.08494158734097426 -0.013583222119487209 0.12067130752182595	-0.013583222119487842 0.021588598138124627 -0.015238464934824114	-0.1206713075218239 0.015238464934823642 0.2351092261276182
0.08494156718118732 -0.013583219489135708 0.12067131193255265	-0.013583219489134726 0.02158856667809688 -0.015238420357145104	-0.12067131193255204 0.015238420357146745 0.23510918035503223
0.08494162522875168 -0.013583196165623512 0.12067131725769698	-0.013583196165621928 0.021588703439094192 -0.015238653433578744	-0.12067131725769885 0.015238653433578532 0.23510935455978393
0.08494163271844468 -0.013583201032171074 0.12067132057236225	-0.013583201032170866 0.021588706175645855 -0.015238658900255022	-0.1206713205723655 0.01523865890025506 0.2351093632405636
0.08494157360342879 -0.013583224976783017 0.12067131423055963	-0.01358322497678438 0.021588566320584625 -0.015238410331384077	-0.1206713142305587 0.0152384103313832 0.23510918251307578
0.08494157925268933 -0.0135832187397006 0.12067130313084716	-0.01358321873969993 0.02158859144864146 -0.01523843840415083	-0.12067130313084853 0.015238438404149304 0.23510920948552425
0.0849415930844683 -0.013583248696007811 0.12067130093555203	-0.013583248696007598 0.021588619619376494 -0.015238447338269841	-0.12067130093555352 0.015238447338269581 0.23510924808755124
0.08494162391768947 -0.013583194688988165 0.12067125210827748	-0.013583194688989164 0.021588734096256675 -0.0152386281225106	-0.1206712521082784 0.015238628122509344 0.23510937838867252
0.08494160000494141 -0.013583197979713196 0.12067124998815683	-0.013583197979712419 0.021588678823952157 -0.01523855421219909	-0.12067124998815702 0.015238554212201834 0.23510931122394818
0.08494157390192739 -0.013583246809795078 0.12067131204482041	-0.01358324680979425 0.021588575366461357 -0.015238407745287307	-0.12067131204482258 0.01523840774528748 0.235109195498123
0.08494160528082167 -0.013583229718753023 0.1206713190471463	-0.013583229718753346 0.02158864343378388 -0.015238515821178002	-0.12067131904714404 0.015238515821178272 0.23510927882477373
0.084941628211438 -0.013583180908931545 0.12067127558909538	-0.013583180908932438 0.021588719293552404 -0.01523864048420125	-0.12067127558909439 0.0152386404842004 0.23510936619305073
0.08494159418511282 -0.013583202921476797 0.12067129727927874	-0.013583202921475482 0.021588626296519982 -0.015238523483533991	-0.12067129727928064 0.015238523483534328 0.23510925947751787
0.08494157837471722 -0.013583241085359547 0.12067135212566193	-0.013583241085359375 0.021588568335590905 -0.015238452081046155	-0.12067135212566187 0.015238452081047536 0.23510919603701552
0.08494161508045367 -0.013583207706276896 0.12067132786293913	-0.013583207706277104 0.0215886743583771 -0.01523859967030973	-0.12067132786293797 0.015238599670308977 0.23510931725533984
0.0849416236473593 -0.013583177765147359 0.12067127785489067	-0.013583177765147593 0.021588708402748315 -0.015238629371886761	-0.12067127785489204 0.015238629371888218 0.23510935188111767
0.08494158608276071 -0.013583221621284482 0.12067130340257079	-0.013583221621285963 0.021588593238155304 -0.015238452961405934	-0.1206713034025689 0.015238452961404712 0.23510921987797395
0.08494158464201079 -0.013583246508152791 0.12067133233030125	-0.013583246508153755 0.021588587823681196 -0.01523844883625403	-0.12067133233030171 0.015238448836256382 0.2351092168049482
0.08494161953190553 -0.013583200767933085 0.12067128141813846	-0.013583200767931897 0.021588716292055634 -0.015238626685338992	-0.1206712814181411 0.015238626685337896 0.23510936031365096
0.0849416105782402 -0.013583189785391686 0.12067124293909963	-0.013583189785391117 0.02158870705550868 -0.015238585935304597	-0.12067124293909987 0.01523858593530299 0.23510934225473332
0.08494157648244507 -0.013583243851827362 0.12067128373392214	-0.013583243851826752 0.021588585628685777 -0.015238391275815614	-0.12067128373392165 0.015238391275816256 0.23510920368885652
0.08494158016525755 -0.013583238929826094 0.12067133129606476	-0.013583238929826075 0.0215886031104914 -0.015238439130607642	-0.12067133129606236 0.01523843913060666 0.2351092173928554
0.08494158172004676 -0.013583222382949324 0.12067130710717852	-0.013583222382949605 0.021588591080074472 -0.015238433758799824	-0.12067130710717794 0.015238433758798832 0.23510921001069324
0.08494162948684075 -0.013583185551587412 0.12067127844508947	-0.013583185551587197 0.021588693474875055 -0.015238640423612518	-0.1206712784450911 0.01523864042361217 0.2351093531549581
0.08494161824200784 -0.013583204032245449 0.12067132449618288	-0.013583204032246013 0.02158868241574312 -0.015238629304488244	-0.12067132449617826 0.015238629304489437 0.2351093318248876
0.08494157188863434 -0.013583233063953322 0.12067135255900846	-0.01358323306395351 0.021588584153701084 -0.015238445756652078	-0.1206713525590094 0.015238445756650957 0.23510919595249247
0.08494159287048485 -0.013583209224133615 0.1206713004722949	-0.013583209224131849 0.021588614644468023 -0.01523848941904168	-0.12067130047229588 0.01523848941904287 0.235109243602714
0.08494163567994405 -0.0135831895570574 0.12067127409695051	-0.013583189557056815 0.021588704009359017 -0.015238639501141994	-0.1206712740969483 0.01523863950114461 0.2351093652335166
0.08494160528461156 -0.013583222183569806 0.12067131583887647	-0.013583222183570061 0.02158865824578543 -0.015238546924627738	-0.12067131583887881 0.0152385469246254 0.23510929411429643
0.08494156599626783 -0.013583238459260523 0.12067131405635864	-0.013583238459260676 0.02158858997699211 -0.015238414467651035	-0.1206713140563596 0.015238414467649442 0.23510919728994045
0.08494160114834462 -0.01358320611774109 0.12067125256649393	-0.013583206117740578 0.021588662767300086 -0.01523853203572123	-0.1206712525664927 0.015238532035722431 0.23510929885947918
0.0849416314929304 -0.013583201975576206 0.12067124915293209	-0.01358320197557494 0.021588721498975172 -0.015238619785703438	-0.12067124915293487 0.015238619785703705 0.23510937683438982
0.08494159049978156 -0.01358324051731637 0.12067129854208018	-0.01358324051731815 0.02158863525032044 -0.015238456631606945	-0.12067129854208018 0.015238456631606292 0.23510925553480003
0.08494156920816863 -0.013583238369649846 0.12067128705504533	-0.01358323836964961 0.021588593610392608 -0.015238394501173896	-0.12067128705504604 0.015238394501173244 0.235109201944726
0.0849416139415691 -0.013583197366439762 0.12067124492665188	-0.01358319736644041 0.021588691076556903 -0.015238588520314497	-0.12067124492665235 0.015238588520313429 0.23510933848116158
0.08494162548162659 -0.0135832031555908 0.12067127811008646	-0.013583203155591146 0.021588712818535284 -0.015238633872611686	-0.12067127811008688 0.015238633872612449 0.23510936577733801
0.08494162444731888 -0.013583190171379277 0.12067131889998048	-0.013583190171380025 0.021588720547222252 -0.015238672781365849	-0.1206713188999805 0.01523867278136417 0.2351093667783435
0.08494157806556552 -0.01358323023217181 0.12067131512492371	-0.01358323023217221 0.021588557361591237 -0.015238417385987562	-0.12067131512492547 0.015238417385989175 0.23510918443909729
0.0849415860561105 -0.013583227254820581 0.1206713046885224	-0.013583227254818631 0.021588580127002512 -0.015238432243564866	-0.12067130468852211 0.015238432243566712 0.23510920840616573
0.08494163053476203 -0.013583193288283321 0.12067129470620469	-0.013583193288284324 0.02158874107422746 -0.015238661214284015	-0.12067129470620712 0.015238661214283366 0.2351093859104026
0.0849416104160522 -0.01358320746299085 0.12067128782645033	-0.013583207462992051 0.021588695579870802 -0.015238592502722813	-0.12067128782644643 0.015238592502721492 0.2351093333075618
0.08494156657342812 -0.013583241916946306 0.1206712792357878	-0.013583241916945257 0.021588557619014823 -0.015238378207589193	-0.1206712792357872 0.015238378207588808 0.2351091779421023
0.08494159431503079 -0.0135832252620003 0.12067126992980465	-0.013583225262000276 0.021588638927077596 -0.015238477783605361	-0.1206712699298075 0.015238477783607075 0.23510926758083484
0.0849416331185833 -0.013583199508726565 0.12067126765738294	-0.013583199508727727 0.021588759165294798 -0.015238644979449545	-0.12067126765738302 0.015238644979448115 0.23510940136663977
0.0849415979839705 -0.013583223960928587 0.12067127280089099	-0.013583223960928629 0.021588650904741654 -0.015238496315557223	-0.1206712728008939 0.015238496315559076 0.23510928093642616
0.08494156581662785 -0.013583242260078003 0.12067127879742795	-0.013583242260076766 0.02158855486492582 -0.015238373646697168	-0.1206712787974277 0.015238373646696588 0.23510917479311447
0.08494160693411636 -0.013583208688274702 0.12067128535249877	-0.013583208688276014 0.021588683962862468 -0.015238574674814813	-0.1206712853524951 0.015238574674813439 0.23510932036195326
0.08494163205634135 -0.013583192527092966 0.12067129606302211	-0.013583192527093956 0.021588746248592236 -0.015238670350894448	-0.12067129606302468 0.015238670350893786 0.23510939186824936
0.08494158927310194 -0.013583225976917962 0.12067130729671455	-0.013583225976916167 0.021588590728785377 -0.01523844934130817	-0.12067130729671408 0.015238449341309995 0.235109220359384
0.08494157591705774 -0.013583231168235415 0.12067131357327315	-0.013583231168235729 0.021588549848871832 -0.015238404971387044	-0.12067131357327465 0.015238404971388737 0.23510917590815938
0.08494162171861434 -0.013583191298417806 0.12067131684166493	-0.01358319129841847 0.021588711242850896 -0.015238657647488506	-0.1206713168416648 0.015238657647486904 0.2351093562677927
0.0849416246574905 -0.013583206237989325 0.12067128309641931	-0.013583206237989767 0.02158871064094045 -0.015238628463321302	-0.12067128309641961 0.015238628463321864 0.23510936236462365
0.08494161624130193 -0.013583195737502265 0.12067124471787624	-0.013583195737503046 0.021588698491527957 -0.015238601420668255	-0.12067124471787698 0.015238601420666874 0.23510934730919333
0.0849415695344338 -0.013583235686628272 0.12067128181238128	-0.013583235686628075 0.021588594429191286 -0.01523839717624793	-0.12067128181238168 0.015238397176247344 0.23510920367767504
0.08494158806091436 -0.013583242665515189 0.12067129970795364	-0.013583242665516939 0.021588627915307197 -0.015238443923615903	-0.12067129970795366 0.015238443923615272 0.23510924668696892
0.0849416316371068 -0.013583204184357722 0.12067125416821659	-0.01358320418435657 0.021588722268548074 -0.015238620125547941	-0.12067125416821921 0.015238620125548372 0.2351093770303049
0.08494160362960874 -0.013583203536363758 0.12067125050450098	-0.01358320353636345 0.021588669759193137 -0.015238544168663243	-0.12067125050449953 0.015238544168664353 0.23510930744116307
0.08494156543093798 -0.013583236780213184 0.12067130975396939	-0.013583236780213333 0.021588587498675677 -0.015238411095470701	-0.12067130975397024 0.01523841109546922 0.23510919499679162
0.0849416029465836 -0.013583224980370796 0.12067131918908364	-0.013583224980370939 0.021588651661595223 -0.015238535994125134	-0.12067131918908597 0.015238535994122743 0.23510928597961073
0.08494163667224872 -0.013583190448759734 0.12067127812526392	-0.013583190448759021 0.02158870783266032 -0.0152386463303174	-0.1206712781252615 0.015238646330319999 0.23510936934773297
0.08494159496384043 -0.013583206116029891 0.12067129664260609	-0.01358320611602783 0.021588620303855152 -0.015238499524111986	-0.12067129664260726 0.015238499524113415 0.23510925083996437
0.08494157051669854 -0.013583232829337643 0.12067134955366716	-0.013583232829337715 0.021588578908561917 -0.015238436334210098	-0.1206713495536682 0.015238436334209064 0.23510919005035424
0.0849416165206213 -0.013583207238545747 0.12067132901846328	-0.013583207238546086 0.02158867769969623 -0.015238620478595054	-0.1206713290184586 0.015238620478596358 0.23510932559171333
0.08494163122331225 -0.013583185109289023 0.1206712804251426	-0.013583185109288794 0.0215886998081792 -0.015238651809133613	-0.12067128042514416 0.01523865180913311 0.23510936047348643
0.08494158298809476 -0.013583219241968616 0.12067130195619685	-0.013583219241969043 0.02158859472760702 -0.015238440873468428	-0.12067130195619633 0.015238440873467266 0.23510921502676352
0.08494157809053804 -0.013583240096021175 0.1206713300500632	-0.013583240096020945 0.021588596194530078 -0.015238426316847346	-0.12067133005006062 0.015238426316846434 0.23510920919664274
0.08494157642459815 -0.013583247183451054 0.12067128878331622	-0.013583247183450605 0.021588583043792707 -0.015238385960604242	-0.1206712887833158 0.015238385960605168 0.2351092007606625
0.08494160844224681 -0.013583191164539283 0.12067124348396974	-0.013583191164538844 0.021588701095909813 -0.015238576308298016	-0.12067124348396961 0.015238576308296413 0.23510933499055842
0.0849416200765279 -0.013583197169198213 0.12067127654240599	-0.013583197169197106 0.021588719814417432 -0.015238633383590619	-0.12067127654240851 0.015238633383589405 0.23510936435304203
0.08494158666471144 -0.013583245808998482 0.12067133319903955	-0.013583245808999419 0.021588592868260658 -0.015238457203903044	-0.12067133319904 0.015238457203905292 0.23510922306061977
0.08494158511183991 -0.013583225176845414 0.12067130852115433	-0.013583225176846946 0.021588588670389364 -0.01523844559094998	-0.12067130852115249 0.015238445590948623 0.23510921467427898
0.08494162189191272 -0.013583177550649476 0.12067127627594507	-0.013583177550649875 0.021588704340054547 -0.015238623463289448	-0.12067127627594633 0.01523862346329093 0.2351093469082491
0.08494161649885316 -0.013583204174582296 0.12067132330427482	-0.013583204174582428 0.02158867963277728 -0.015238608113977155	-0.12067132330427352 0.015238608113976579 0.23510932335435125
0.0849415798616199 -0.013583242126707043 0.12067135473504138	-0.013583242126706755 0.021588571103938463 -0.015238455453105239	-0.12067135473504122 0.015238455453106623 0.23510919943348169
0.08494159239702502 -0.013583206290891738 0.12067130121753636	-0.013583206290890526 0.02158862043763858 -0.015238514122448657	-0.1206713012175383 0.01523851412244915 0.2351092525906257
0.08494162703293903 -0.013583179138224094 0.12067127193146845	-0.01358317913822497 0.02158871799169095 -0.015238639650006745	-0.12067127193146752 0.015238639650006006 0.23510936454075793
0.08494160730665447 -0.01358322672325068 0.12067131551680554	-0.013583226723251051 0.021588649824758645 -0.015238525712498181	-0.12067131551680331 0.015238525712498674 0.23510928638220213
0.08494157468730949 -0.013583249341712638 0.12067131601351695	-0.013583249341711724 0.021588575413720324 -0.015238405823895969	-0.12067131601351945 0.015238405823896059 0.23510919559024207
0.08494159779852606 -0.013583200649807982 0.12067125228628517	-0.013583200649807116 0.021588672389804546 -0.015238543550498813	-0.12067125228628513 0.015238543550501572 0.2351093034483949
0.08494162350940877 -0.013583191708715888 0.12067124736575507	-0.013583191708717177 0.02158873546289973 -0.015238631858180744	-0.12067124736575592 0.015238631858179717 0.23510937990329206
0.08494159529709497 -0.013583246606631579 0.12067129948328814	-0.013583246606631481 0.021588625969558205 -0.015238457828969938	-0.12067129948328979 0.01523845782896982 0.23510925581244246
0.0849415826383306 -0.013583218184688349 0.12067130548384439	-0.013583218184687636 0.021588599814567948 -0.015238452247377778	-0.1206713054838459 0.015238452247376393 0.23510921979881075
0.08494157127151664 -0.013583225780355486 0.12067131250339899	-0.013583225780356954 0.021588558594414952 -0.015238397090866475	-0.12067131250339813 0.015238397090865403 0.23510917357784494
0.08494162980594423 -0.013583201365647595 0.12067131882154936	-0.013583201365647331 0.021588699262002183 -0.01523864799282676	-0.12067131882155273 0.015238647992826815 0.23510935465847638
0.08494162817829418 -0.013583195365874602 0.12067131942239798	-0.013583195365873097 0.021588712384352313 -0.015238668203135821	-0.1206713194223997 0.015238668203135766 0.23510936496150003
0.08494156948531437 -0.013583219388143402 0.12067131313486912	-0.013583219388142394 0.021588571673487912 -0.015238427624338888	-0.12067131313486834 0.015238427624340727 0.2351091866117112
0.08494158389189119 -0.013583222929545722 0.12067130486910871	-0.013583222929546427 0.021588588368794206 -0.01523844896556837	-0.1206713048691065 0.0152384489655681 0.23510921467977042
0.08494163942418026 -0.01358320413590013 0.12067129684364078	-0.013583204135900466 0.021588727047075307 -0.015238656795840588	-0.12067129684363981 0.015238656795840064 0.23510938552937904
0.08494161104853763 -0.013583210568904505 0.1206712871048396	-0.013583210568905253 0.02158868896600187 -0.015238568289717265	-0.12067128710484007 0.015238568289717373 0.23510932430965856
0.08494155796332611 -0.013583232079560432 0.12067127702032321	-0.013583232079559816 0.021588570352370925 -0.015238373138875608	-0.1206712770203209 0.015238373138877027 0.23510917520740043
0.08494159532879234 -0.013583224147734843 0.12067127107957915	-0.01358322414773533 0.021588642461736467 -0.015238502532056237	-0.12067127107957827 0.01523850253205572 0.2351092767281932
0.08494164074476272 -0.01358320772963191 0.12067126980343162	-0.01358320772963148 0.02158874770368014 -0.015238659092856592	-0.12067126980343257 0.015238659092855013 0.2351094065611798
0.08494159480533015 -0.013583222039488058 0.12067127122956761	-0.013583222039488314 0.021588650808746473 -0.015238477759889513	-0.12067127122956756 0.015238477759891407 0.2351092736201823
0.08494155889844167 -0.0135832351550445 0.1206712767031341	-0.013583235155044542 0.02158856425028685 -0.015238354704667223	-0.1206712767031362 0.015238354704666404 0.23510916823290726
0.08494161184354992 -0.013583213527292977 0.12067128701603734	-0.013583213527294271 0.021588679066976396 -0.01523858253107542	-0.12067128701603759 0.015238582531076801 0.2351093242918394
0.08494163782020665 -0.013583198521982375 0.12067129770912077	-0.013583198521981716 0.021588737400705917 -0.01523868707118136	-0.12067129770912129 0.015238687071184889 0.23510939729637229
0.08494162560995364 -0.013583178519686285 0.12067127873779795	-0.01358317851968631 0.021588706388036297 -0.015238655373527924	-0.12067127873779467 0.015238655373526741 0.23510936007463268
0.08494158939671242 -0.013583225888654621 0.12067130397354041	-0.013583225888656493 0.021588584973269497 -0.015238459298994471	-0.12067130397354148 0.015238459298991994 0.2351092209337555
0.08494158157763457 -0.01358324355621477 0.12067133149405135	-0.013583243556214517 0.021588593334334532 -0.015238432206132406	-0.12067133149405018 0.015238432206132385 0.23510921203081514
0.08494161740400484 -0.013583199065281522 0.12067128073473428	-0.013583199065282034 0.021588720044961787 -0.01523860608164863	-0.12067128073473325 0.01523860608164902 0.23510935431123886
0.08494161471557833 -0.01358319549050759 0.12067124358727985	-0.013583195490507413 0.02158869662798974 -0.015238585258511912	-0.12067124358728137 0.015238585258510264 0.2351093408675003
0.08494157741021616 -0.01358324375586141 0.12067128439368877	-0.013583243755861082 0.021588584474618568 -0.015238416458983502	-0.12067128439368663 0.015238416458982367 0.23510921087098072
0.08494158783753475 -0.013583240152002383 0.1206713005291059	-0.01358324015200093 0.021588634230280495 -0.015238467026128077	-0.12067130052910731 0.015238467026127432 0.23510925547356484
0.08494162372631467 -0.013583195342594123 0.12067125168199916	-0.013583195342594348 0.021588733938223553 -0.015238609460569177	-0.12067125168200049 0.0152386094605689 0.2351093730231765
0.08494160600450786 -0.01358320846389478 0.12067125022008621	-0.013583208463894575 0.021588661353896366 -0.015238520750338217	-0.12067125022008501 0.015238520750337724 0.23510929949024428
0.08494157378606172 -0.013583246570159978 0.1206713121029158	-0.01358324657016097 0.021588575709495086 -0.01523841169829384	-0.12067131210291583 0.01523841169829435 0.23510919666159757
0.08494159932485162 -0.01358321895744339 0.12067131893526846	-0.013583218957442168 0.021588661942796232 -0.01523855278075708	-0.12067131893526915 0.015238552780758884 0.23510929207280762
0.08494162881416008 -0.013583180756032312 0.12067127606015651	-0.013583180756032633 0.021588719711218844 -0.015238653282785695	-0.12067127606015526 0.015238653282784603 0.2351093704082065
0.08494159973919249 -0.0135832126286115 0.12067129754552228	-0.013583212628610765 0.021588609821050885 -0.015238494637246837	-0.12067129754552258 0.015238494637247243 0.2351092489217072
0.08494157732004093 -0.013583241356131539 0.12067135135876683	-0.013583241356133082 0.021588568458337707 -0.015238427678870146	-0.12067135135876884 0.01523842767886845 0.23510918845257656
0.0849416105674905 -0.013583200469379435 0.12067132743923027	-0.01358320046937924 0.02158868721252085 -0.015238612051147737	-0.12067132743922998 0.01523861205114804 0.23510932266800205
0.08494160551281185 -0.013583210512008111 0.12067125409514265	-0.013583210512008382 0.021588659256421984 -0.015238534779462236	-0.12067125409514247 0.015238534779459672 0.23510930138782338
0.084941626863554 -0.01358319599558865 0.12067124786325359	-0.013583195995590604 0.021588727438185476 -0.015238633596495396	-0.12067124786325094 0.015238633596496451 0.23510937972415652
0.08494158639502487 -0.013583235069858542 0.12067129763603653	-0.013583235069856998 0.02158864128281752 -0.01523847183809222	-0.12067129763603762 0.015238471838090982 0.2351092591794517
0.08494157405665889 -0.01358324336617616 0.12067128885166702	-0.013583243366177089 0.02158858981815593 -0.015238396231705136	-0.12067128885166926 0.015238396231704695 0.23510920443494154
0.08494161738508406 -0.013583202851760859 0.12067124528820751	-0.013583202851761254 0.02158868422348456 -0.015238563553119193	-0.12067124528820394 0.015238563553117812 0.2351093313684822
0.08494162066945118 -0.01358319978418417 0.12067127584378252	-0.013583199784184515 0.021588713610830132 -0.015238612798538761	-0.12067127584378452 0.015238612798536472 0.2351093566387858
0.08494157772423912 -0.013583234698290265 0.12067133132926175	-0.013583234698290664 0.021588608455064467 -0.01523846262900034	-0.1206713313292623 0.015238462629002334 0.23510922406073814
0.08494158605257633 -0.01358322410372603 0.12067130966509558	-0.013583224103725052 0.02158859223573067 -0.015238470704272478	-0.12067130966509526 0.015238470704270111 0.23510922378525645
0.08494163012471163 -0.013583187108440253 0.12067127813066825	-0.013583187108440458 0.021588690624663315 -0.015238627961588366	-0.12067127813066843 0.01523862796158705 0.23510934906832043
0.08494161394315239 -0.01358320289129004 0.12067132182096323	-0.013583202891290981 0.021588679924237276 -0.01523858576374217	-0.12067132182096321 0.015238585763742742 0.2351093155800382
0.08494157301441912 -0.01358323449357433 0.12067135297666128	-0.013583234493575251 0.0215885831295351 -0.015238442781679032	-0.12067135297666062 0.01523844278167847 0.23510919560090038
0.08494159725399922 -0.013583210743460299 0.12067130292319866	-0.013583210743461674 0.021588616467396557 -0.015238527661291103	-0.12067130292319901 0.015238527661289393 0.23510925848337674
0.08494163309463315 -0.013583185450090317 0.12067127349943371	-0.013583185450089725 0.021588708652059266 -0.015238655355909996	-0.12067127349943489 0.015238655355907606 0.2351093698557333
0.08494160101018 -0.013583219472431669 0.12067131380477994	-0.013583219472431601 0.021588659076675346 -0.015238524125326242	-0.12067131380477884 0.015238524125326107 0.23510928484975718
0.08494156995317857 -0.013583244313146402 0.12067131496523809	-0.013583244313146073 0.021588583897944824 -0.015238394247428615	-0.12067131496523456 0.015238394247427484 0.23510919190074692
0.08494156275055201 -0.013583239537639742 0.12067127811584291	-0.013583239537639936 0.021588560761673793 -0.015238353967153236	-0.12067127811584132 0.015238353967153513 0.23510916919345481
0.0849416045957124 -0.013583206703336848 0.12067128450293169	-0.01358320670333683 0.02158868743426857 -0.015238558090983713	-0.12067128450293119 0.01523855809098142 0.2351093152413824
0.08494163619934583 -0.013583197476295415 0.12067129668923836	-0.013583197476295071 0.021588737136908256 -0.01523867851314447	-0.12067129668923682 0.015238678513144345 0.23510939353922003
0.08494159032879375 -0.01358322543281628 0.12067130828491851	-0.01358322543281647 0.021588591775326956 -0.015238478132607234	-0.12067130828491827 0.015238478132606287 0.23510922934334594
0.08494157081551926 -0.013583223731746448 0.12067131318386026	-0.013583223731746436 0.021588563159883147 -0.015238414527840506	-0.12067131318386175 0.01523841452783832 0.2351091798780809
0.08494162180617905 -0.013583193454213865 0.12067131598282413	-0.013583193454213039 0.021588707826176674 -0.015238627674290805	-0.12067131598282377 0.015238627674292286 0.2351093467040142
0.08494163041649705 -0.013583199909104563 0.12067131913979609	-0.013583199909102938 0.02158870424375224 -0.015238646403135644	-0.12067131913979709 0.015238646403133712 0.23510935751110063
0.08494157724962283 -0.01358322780847062 0.12067131570994054	-0.013583227808471593 0.021588561749316122 -0.015238437770300591	-0.12067131570993955 0.015238437770298527 0.2351091912182732
0.0849415797286176 -0.013583216427182094 0.1206713044893731	-0.013583216427183216 0.021588597806605173 -0.015238467959464434	-0.12067130448937302 0.015238467959465037 0.23510922070587012
0.08494163168858454 -0.013583195144544041 0.1206712944797244	-0.013583195144544126 0.021588736794091023 -0.015238656839713611	-0.1206712944797257 0.015238656839714988 0.23510938389655045
0.08494161622055524 -0.013583217629034191 0.12067128804042722	-0.013583217629035322 0.02158867850152808 -0.01523855852180838	-0.12067128804042598 0.015238558521808287 0.23510932125509876
0.08494156476385258 -0.013583240420800759 0.12067127897511301	-0.013583240420801015 0.02158856090662365 -0.015238366568141253	-0.12067127897511296 0.01523836656813896 0.23510917452032884
0.08494158923438953 -0.013583216962134964 0.12067126947252697	-0.013583216962133752 0.021588652320504075 -0.015238499127319175	-0.1206712694725278 0.015238499127317902 0.235109275247747
0.08494163542141434 -0.013583201014137411 0.12067126817208512	-0.013583201014138221 0.02158875529901101 -0.015238665901359832	-0.12067126817208405 0.015238665901360825 0.2351094077124674
0.08494160180630118 -0.013583229175452799 0.12067127342899747	-0.013583229175451926 0.021588642363323012 -0.01523849403225476	-0.12067127342899785 0.015238494032255981 0.23510927985466473
0.08494159121503486 -0.01358320114118232 0.12067129586805211	-0.01358320114118235 0.021588626371074886 -0.01523850901178134	-0.12067129586805309 0.015238509011780099 0.23510925318743406
0.08494157541936369 -0.0135832386464647 0.12067135128247639	-0.013583238646465243 0.02158857371596665 -0.015238429422258552	-0.12067135128247561 0.015238429422259201 0.2351091895026203
0.08494161971662717 -0.013583212915788498 0.12067132911535314	-0.0135832129157884 0.021588669349347923 -0.015238594665685546	-0.12067132911535433 0.015238594665683634 0.2351093174900219
0.08494162637446732 -0.013583180529407109 0.1206712782699503	-0.013583180529407771 0.021588702742767637 -0.015238642312525162	-0.12067127826994874 0.015238642312523427 0.23510935556034435
0.08494158064955332 -0.013583213994339288 0.12067130237118323	-0.013583213994340038 0.02158860317365871 -0.015238472997979459	-0.12067130237118183 0.015238472997977117 0.23510922545141388
0.0849415826072104 -0.013583243027052444 0.12067133254328705	-0.013583243027051738 0.02158859581536592 -0.015238453540752286	-0.12067133254328853 0.015238453540751616 0.23510921970770526
0.08494162583083346 -0.013583209771335604 0.12067128238536498	-0.013583209771335683 0.021588704363833387 -0.015238601472534419	-0.1206712823853629 0.015238601472534585 0.23510935320532733
0.08494161230117095 -0.013583194255836525 0.12067124219825244	-0.013583194255836895 0.021588697584273505 -0.015238562389340071	-0.12067124219825323 0.015238562389338926 0.23510933324212643
0.08494157022309162 -0.013583235133234933 0.12067128278950058	-0.013583235133234804 0.021588597732304482 -0.015238410866032483	-0.12067128278950215 0.015238410866031567 0.23510920935991622
0.08494159204183785 -0.01358324394523479 0.12067130209797736	-0.013583243945235206 0.021588629401067146 -0.015238484344936312	-0.1206713020979754 0.015238484344937082 0.23510926162835366
0.08494162949436178 -0.013583201780755158 0.12067125308021345	-0.013583201780754844 0.021588723323503846 -0.015238622255309232	-0.12067125308021251 0.015238622255309798 0.23510937677706512
0.08494159977459176 -0.013583201576565286 0.12067124850279769	-0.013583201576564494 0.02158867007600178 -0.015238513973130714	-0.12067124850279737 0.015238513973130287 0.23510929638408784
0.08494156895290815 -0.013583241616765359 0.12067131094975238	-0.013583241616764795 0.021588583141681744 -0.01523839748457197	-0.12067131094975166 0.01523839748457314 0.23510919180344034
0.08494160661774061 -0.013583228322573793 0.12067132061236253	-0.013583228322573845 0.02158864817184058 -0.015238547418988162	-0.1206713206123614 0.015238547418985976 0.2351092903310817
0.08494163198004362 -0.013583184294524233 0.12067127670922272	-0.013583184294523282 0.0215887132320395 -0.015238661884156745	-0.12067127670922177 0.01523866188415611 0.23510937256560277
