0.4511634406061149 -0.015034791613295703 0.08620946176414804	-0.015034791613372714 0.4165928926035246 0.003851412888353816	-0.0862094617634576 -0.00385141288768533 0.6956389570354845
0.451163440600345 -0.015034791592815453 0.08620946178874173	-0.01503479159289145 0.41659289256221954 0.0038514128121612187	-0.08620946178805183 -0.003851412811490748 0.695638957038389
0.45116344060316266 -0.015034791579219709 0.08620946179174059	-0.015034791579295052 0.41659289253939935 0.00385141278246234	-0.08620946179105331 -0.003851412781792931 0.695638957039501
0.45116344061306574 -0.015034791609295915 0.08620946176931041	-0.015034791609371892 0.41659289259558374 0.003851412878310305	-0.08620946176862453 -0.0038514128776391716 0.6956389570354288
0.451163440603489 -0.015034791594314121 0.08620946178069958	-0.0150347915943917 0.4165928925655238 0.0038514128234374556	-0.08620946178001086 -0.0038514128227689452 0.6956389570389798
0.45116344060088814 -0.01503479158357398 0.0862094617756433	-0.0150347915836503 0.4165928925478637 0.0038514128007655357	-0.08620946177495284 -0.00385141280009748 0.6956389570418294
0.45116344060537855 -0.015034791611647771 0.08620946174309775	-0.015034791611725383 0.4165928926020194 0.0038514128979611345	-0.0862094617424077 -0.0038514128972936823 0.6956389570394328
0.45116344059517044 -0.015034791598431772 0.08620946174768937	-0.015034791598508946 0.4165928925822662 0.003851412849601034	-0.08620946174700106 -0.0038514128489324784 0.6956389570437029
0.45116344060169505 -0.015034791589872741 0.08620946174263544	-0.01503479158994939 0.4165928925755855 0.003851412829342586	-0.08620946174194738 -0.0038514128286738884 0.6956389570475847
0.4511634406135372 -0.01503479161512085 0.08620946170275215	-0.01503479161519784 0.41659289262298344 0.003851412928332784	-0.08620946170206195 -0.003851412927664676 0.6956389570479001
0.4511634405955449 -0.01503479160013995 0.08620946169314449	-0.015034791600217055 0.4165928925900634 0.0038514128917763735	-0.08620946169245491 -0.0038514128911080678 0.6956389570531873
0.45116344059330205 -0.015034791594025435 0.08620946169825483	-0.015034791594102327 0.41659289257848825 0.003851412873355234	-0.08620946169756794 -0.0038514128726860955 0.6956389570531945
0.4511634406122825 -0.015034791618163765 0.08620946170140856	-0.015034791618240097 0.4165928926263853 0.0038514129354014423	-0.08620946170072466 -0.003851412934729799 0.6956389570478971
0.4511634406061714 -0.015034791594124089 0.08620946173593191	-0.015034791594201142 0.4165928925802628 0.0038514128493248034	-0.08620946173524624 -0.003851412848654562 0.6956389570479247
0.4511634405993148 -0.015034791584071045 0.08620946176023009	-0.015034791584146275 0.4165928925582329 0.0038514128119813626	-0.0862094617595431 -0.003851412811311891 0.6956389570437407
0.45116344060921465 -0.015034791608966681 0.08620946176853116	-0.015034791609044858 0.41659289259243965 0.003851412877119386	-0.08620946176784415 -0.0038514128764509797 0.6956389570352126
0.45116344060210023 -0.015034791582898277 0.08620946177432999	-0.015034791582976334 0.4165928925473366 0.0038514127963019326	-0.08620946177364036 -0.0038514127956341924 0.6956389570443925
0.45116344061164504 -0.015034791593515028 0.08620946174824312	-0.015034791593594509 0.4165928925759036 0.0038514128479816105	-0.08620946174755373 -0.0038514128473135026 0.6956389570453171
0.45116344060828434 -0.015034791612441686 0.08620946172783636	-0.015034791612519553 0.41659289261104526 0.0038514129093531364	-0.08620946172714741 -0.0038514129086850424 0.6956389570426809
0.45116344059100144 -0.015034791592590037 0.08620946173808525	-0.015034791592667334 0.41659289257249926 0.003851412837090496	-0.08620946173739906 -0.003851412836420938 0.6956389570471557
0.4511634406031091 -0.01503479160027428 0.08620946171680703	-0.015034791600352091 0.41659289259296933 0.0038514128774047515	-0.08620946171611801 -0.0038514128767366956 0.6956389570478091
0.4511634406064364 -0.015034791613113102 0.08620946169674873	-0.015034791613189439 0.41659289261886817 0.0038514129257882015	-0.08620946169605834 -0.0038514129251207008 0.6956389570483748
0.45116344058928004 -0.015034791596326844 0.08620946171099615	-0.01503479159640378 0.41659289258405974 0.0038514128615637425	-0.08620946171030766 -0.0038514128608951523 0.6956389570525804
0.45116344060267294 -0.015034791606565718 0.08620946170643543	-0.015034791606639918 0.4165928926030909 0.003851412899175833	-0.08620946170574816 -0.0038514128985059036 0.695638957049687
0.4511634406115788 -0.015034791610312761 0.08620946170930291	-0.015034791610387364 0.41659289260715926 0.0038514129133254763	-0.08620946170861633 -0.0038514129126568583 0.6956389570469577
0.451163440592891 -0.015034791585775678 0.08620946174635918	-0.01503479158584888 0.41659289255355103 0.00385141281950422	-0.08620946174566954 -0.0038514128188362404 0.6956389570465717
0.4511634405995875 -0.015034791600257055 0.08620946176814803	-0.015034791600332071 0.41659289258161175 0.0038514128469751066	-0.08620946176745968 -0.003851412846306572 0.6956389570382588
0.4511634406126912 -0.015034791606951158 0.08620946178659611	-0.015034791607026022 0.41659289259466925 0.003851412857735985	-0.0862094617859087 -0.003851412857067974 0.695638957034434
0.45116344060272745 -0.015034791577069717 0.08620946180811745	-0.015034791577146184 0.4165928925363817 0.0038514127616834024	-0.0862094618074337 -0.003851412761013258 0.695638957039342
0.4511634406062646 -0.015034791591453149 0.08620946178759512	-0.01503479159153041 0.4165928925602088 0.0038514128220919035	-0.08620946178690904 -0.0038514128214214537 0.6956389570357466
0.45116344059711955 -0.015034791608510102 0.08620946171458413	-0.015034791608585847 0.41659289260409443 0.003851412899110746	-0.08620946171389791 -0.0038514128984410943 0.695638957046605
0.45116344059650276 -0.015034791589259577 0.08620946172528393	-0.015034791589336986 0.4165928925741944 0.003851412836240055	-0.08620946172459515 -0.003851412835571791 0.6956389570517675
0.45116344061265545 -0.015034791609153273 0.0862094617045022	-0.01503479160923022 0.41659289261527077 0.003851412912387126	-0.08620946170381188 -0.0038514129117203817 0.6956389570482681
0.45116344059859204 -0.015034791606118147 0.08620946170943718	-0.015034791606194916 0.4165928926036673 0.0038514128957371774	-0.08620946170874676 -0.003851412895070086 0.6956389570476584
0.4511634405871213 -0.015034791595691604 0.08620946172328506	-0.015034791595767571 0.4165928925778133 0.003851412851854273	-0.08620946172259764 -0.0038514128511850376 0.6956389570499354
0.45116344061208774 -0.015034791609380715 0.08620946171452958	-0.015034791609458177 0.4165928926070891 0.0038514129089074894	-0.08620946171384195 -0.0038514129082395446 0.6956389570467634
0.4511634406128417 -0.015034791594434691 0.086209461736687	-0.015034791594512133 0.41659289257890764 0.003851412858706757	-0.0862094617359985 -0.003851412858037591 0.695638957046167
0.4511634405972686 -0.015034791586826454 0.08620946176862639	-0.015034791586903615 0.41659289255518156 0.0038514128111422005	-0.08620946176793642 -0.0038514128104743597 0.6956389570430955
0.45116344060892966 -0.015034791608831744 0.0862094617719885	-0.01503479160890778 0.4165928925939207 0.0038514128730421995	-0.08620946177130148 -0.0038514128723729293 0.6956389570355289
0.4511634406080806 -0.015034791590328086 0.086209461792363	-0.015034791590403787 0.4165928925588741 0.003851412812687763	-0.0862094617916768 -0.0038514128120173824 0.6956389570367608
0.4511634405962287 -0.015034791579410614 0.08620946180794721	-0.015034791579486981 0.41659289253722664 0.0038514127661925593	-0.08620946180726158 -0.0038514127655223003 0.6956389570380076
0.45116344060812014 -0.015034791608935593 0.08620946178438796	-0.015034791609010719 0.41659289259525223 0.003851412866001231	-0.08620946178369931 -0.0038514128653333313 0.6956389570325933
0.45116344060869373 -0.015034791596764402 0.08620946176996953	-0.015034791596840562 0.4165928925765335 0.003851412840927361	-0.08620946176928049 -0.0038514128402591698 0.6956389570391374
0.451163440599782 -0.015034791582223855 0.08620946175217412	-0.015034791582299388 0.4165928925478974 0.003851412808390464	-0.0862094617514864 -0.0038514128077210275 0.6956389570478637
0.4511634406043216 -0.01503479161373392 0.08620946171357508	-0.015034791613810519 0.41659289260966487 0.0038514129190666616	-0.0862094617128897 -0.0038514129183968016 0.6956389570450366
0.4511634405919529 -0.015034791595535602 0.08620946173316514	-0.015034791595613049 0.4165928925840657 0.003851412850943512	-0.08620946173247902 -0.003851412850274176 0.6956389570468919
0.45116344059941266 -0.01503479159645959 0.08620946173722452	-0.015034791596535589 0.41659289258186066 0.0038514128528566033	-0.08620946173653825 -0.003851412852187666 0.69563895704701
0.45116344061454067 -0.01503479160975147 0.08620946173216705	-0.015034791609827299 0.41659289260381416 0.003851412899481453	-0.08620946173147757 -0.003851412898813425 0.6956389570429213
0.4511634405983857 -0.01503479158793493 0.08620946176109698	-0.015034791588009626 0.4165928925569173 0.0038514128193363195	-0.08620946176040659 -0.003851412818668895 0.69563895704249
0.45116344059745844 -0.01503479159580477 0.08620946177301878	-0.015034791595879737 0.41659289256672627 0.0038514128326582117	-0.08620946177232766 -0.003851412831992279 0.6956389570391803
0.45116344061576474 -0.0150347916057478 0.08620946177544848	-0.0150347916058222 0.4165928925899861 0.003851412865915421	-0.08620946177476155 -0.003851412865246172 0.6956389570363498
0.4511634406066534 -0.015034791577838357 0.08620946180347028	-0.015034791577913134 0.4165928925387309 0.0038514127712311226	-0.08620946180278302 -0.003851412770562529 0.6956389570386988
0.4511634405980768 -0.015034791593859235 0.08620946179838676	-0.015034791593933467 0.4165928925638729 0.0038514128093107905	-0.08620946179769892 -0.0038514128086418083 0.6956389570354482
0.45116344060765 -0.015034791611745391 0.0862094617694165	-0.01503479161182136 0.41659289259965765 0.0038514128820083884	-0.0862094617687269 -0.003851412881340697 0.6956389570341354
0.45116344060449065 -0.0150347915801879 0.08620946176323459	-0.01503479158026419 0.41659289254932214 0.003851412801354752	-0.08620946176254791 -0.0038514128006846907 0.69563895704498
0.4511634406035605 -0.015034791594282962 0.08620946173664767	-0.015034791594360311 0.4165928925763454 0.0038514128514024228	-0.08620946173596206 -0.00385141285073232 0.6956389570481982
0.4511634406068053 -0.015034791622489885 0.08620946170145669	-0.015034791622568598 0.4165928926314053 0.003851412946771212	-0.08620946170077162 -0.00385141294610147 0.6956389570463808
0.45116344059831637 -0.015034791592353141 0.08620946170567399	-0.015034791592432163 0.416592892577392 0.003851412863448332	-0.0862094617049852 -0.0038514128627803075 0.6956389570524283
0.45116344060174757 -0.015034791594899736 0.08620946170394095	-0.015034791594978923 0.4165928925835832 0.0038514128695194827	-0.0862094617032518 -0.003851412868852072 0.6956389570529384
0.4511634406064788 -0.015034791618159349 0.08620946170308953	-0.015034791618237897 0.4165928926272732 0.0038514129349878773	-0.08620946170240092 -0.0038514129343200434 0.6956389570460153
0.4511634405991721 -0.015034791580769322 0.08620946178461003	-0.01503479158084693 0.41659289254395115 0.0038514127877896723	-0.08620946178391954 -0.0038514127871216337 0.6956389570402862
0.45116344061091607 -0.015034791600616416 0.08620946176970908	-0.015034791600693606 0.4165928925772752 0.003851412855408555	-0.08620946176902101 -0.003851412854739146 0.6956389570379825
0.45116344061272123 -0.015034791599174355 0.08620946177654523	-0.015034791599250386 0.4165928925743365 0.0038514128469501474	-0.08620946177585949 -0.00385141284628112 0.695638957038065
0.45116344059770247 -0.01503479157924002 0.0862094617971343	-0.015034791579316744 0.41659289253885673 0.003851412775961245	-0.08620946179644495 -0.003851412775292891 0.6956389570391558
0.4511634406036554 -0.015034791606039518 0.08620946177582958	-0.015034791606115278 0.4165928925914683 0.0038514128602251604	-0.08620946177514016 -0.003851412859557056 0.695638957035671
0.4511634406094768 -0.015034791602237724 0.08620946175901759	-0.015034791602312879 0.4165928925894689 0.003851412861218855	-0.08620946175832939 -0.0038514128605509415 0.6956389570398871
0.4511634405998282 -0.015034791580345971 0.0862094617521002	-0.015034791580421475 0.41659289255209586 0.0038514128007828864	-0.08620946175141361 -0.0038514128001133838 0.6956389570477233
0.45116344059946983 -0.015034791615037995 0.08620946171134401	-0.015034791615114097 0.4165928926130633 0.003851412917714944	-0.08620946171065767 -0.00385141291704532 0.6956389570460053
0.4511634405985548 -0.01503479161590249 0.08620946168952534	-0.01503479161597648 0.41659289261861815 0.0038514129345648684	-0.08620946168883789 -0.0038514129338958897 0.695638957049572
0.45116344059893426 -0.015034791582982055 0.08620946170247096	-0.015034791583059034 0.41659289256383913 0.0038514128418187243	-0.08620946170178197 -0.003851412841151168 0.6956389570558954
0.4511634406083163 -0.015034791610833523 0.0862094616984787	-0.015034791610909955 0.41659289261496396 0.003851412914052027	-0.08620946169779323 -0.003851412913382528 0.6956389570505473
0.45116344060070945 -0.015034791615787415 0.08620946171279581	-0.015034791615864197 0.4165928926181696 0.0038514129171406952	-0.08620946171211079 -0.003851412916471217 0.6956389570455482
0.45116344059153496 -0.015034791584114991 0.08620946174454158	-0.015034791584192212 0.41659289255852866 0.0038514128164767215	-0.08620946174385483 -0.0038514128158062162 0.6956389570473627
0.45116344060790375 -0.015034791601848148 0.08620946174993104	-0.015034791601925779 0.4165928925896531 0.003851412866435991	-0.08620946174924149 -0.003851412865768143 0.6956389570426031
0.4511634406101658 -0.015034791604674056 0.08620946176547262	-0.015034791604752032 0.4165928925924716 0.0038514128626906743	-0.08620946176478214 -0.0038514128620236315 0.6956389570391228
0.4511634405989732 -0.015034791586413672 0.08620946177394771	-0.015034791586489992 0.41659289255447973 0.0038514128080187685	-0.08620946177325736 -0.003851412807351018 0.6956389570410152
0.45116344060951974 -0.015034791609982674 0.08620946174568125	-0.01503479161005724 0.4165928926018643 0.003851412893946981	-0.08620946174499133 -0.003851412893278807 0.6956389570386772
0.4511634406025099 -0.015034791593050902 0.08620946175110951	-0.01503479159312551 0.4165928925748498 0.003851412836642528	-0.08620946175042203 -0.0038514128359736985 0.6956389570446889
0.4511634405975966 -0.015034791590867628 0.08620946174033514	-0.01503479159094323 0.4165928925755144 0.0038514128338459908	-0.08620946173964802 -0.003851412833176207 0.6956389570477128
0.45116344060401137 -0.015034791620920435 0.08620946169824112	-0.015034791620996375 0.4165928926306022 0.003851412944084684	-0.08620946169755297 -0.003851412943415875 0.6956389570468562
0.45116344059865837 -0.015034791599893616 0.08620946169400467	-0.015034791599971304 0.4165928925912756 0.003851412888673973	-0.08620946169331568 -0.0038514128880060353 0.6956389570536538
0.451163440602385 -0.01503479158951033 0.08620946170227956	-0.015034791589588089 0.4165928925729859 0.003851412859488375	-0.08620946170159158 -0.0038514128588201593 0.6956389570539838
0.45116344060804725 -0.015034791619801275 0.08620946169899907	-0.015034791619879317 0.416592892627059 0.0038514129416637698	-0.08620946169831431 -0.0038514129409938647 0.695638957046635
0.4511634405954338 -0.01503479159917686 0.08620946173035036	-0.015034791599255765 0.4165928925847508 0.003851412865382299	-0.08620946172966437 -0.0038514128647123627 0.6956389570466355
0.4511634405997108 -0.0150347915838834 0.08620946176054653	-0.015034791583960965 0.4165928925575183 0.0038514128090638977	-0.08620946175985969 -0.0038514128083950785 0.6956389570449515
0.4511634406130599 -0.015034791610576399 0.08620946176744806	-0.015034791610654633 0.4165928926015819 0.0038514128777567547	-0.08620946176675837 -0.003851412877088869 0.6956389570366273
0.4511634406001564 -0.015034791593705988 0.0862094617886123	-0.015034791593783577 0.4165928925648953 0.0038514128169544366	-0.08620946178792582 -0.003851412816284313 0.6956389570369567
0.451163440600158 -0.015034791580167574 0.08620946178994052	-0.015034791580243949 0.41659289254048953 0.0038514127890419067	-0.0862094617892536 -0.0038514127883733824 0.695638957038596
0.45116344061531133 -0.015034791606437893 0.08620946177146437	-0.015034791606512856 0.4165928925907355 0.0038514128693387002	-0.08620946177077735 -0.0038514128686693433 0.6956389570371714
0.45116344060530333 -0.015034791593350407 0.08620946178161756	-0.01503479159342527 0.416592892564574 0.0038514128190496807	-0.08620946178092678 -0.003851412818381885 0.6956389570404967
0.451163440599951 -0.01503479160347699 0.08620946171545005	-0.01503479160355348 0.41659289259913646 0.003851412887211525	-0.08620946171476002 -0.003851412886544066 0.6956389570474639
0.45116344060296004 -0.015034791615207141 0.0862094616946543	-0.015034791615283009 0.41659289262201393 0.0038514129341019054	-0.08620946169396271 -0.0038514129334342347 0.6956389570478821
0.4511634405945732 -0.015034791591870626 0.08620946171270957	-0.015034791591945979 0.4165928925777357 0.0038514128497474237	-0.08620946171202055 -0.0038514128490787607 0.6956389570536955
0.45116344060653224 -0.015034791603392654 0.08620946170823844	-0.015034791603466803 0.416592892598792 0.0038514128904226924	-0.08620946170755105 -0.0038514128897528394 0.6956389570499012
0.45116344060822344 -0.015034791613137134 0.08620946170728946	-0.015034791613213033 0.41659289261201554 0.003851412923255821	-0.08620946170660347 -0.00385141292258568 0.6956389570458024
0.4511634405938395 -0.015034791586440928 0.0862094617470501	-0.015034791586515914 0.4165928925555399 0.003851412822603678	-0.08620946174636145 -0.0038514128219343247 0.6956389570468925
0.4511634406057419 -0.01503479159654584 0.08620946177211239	-0.015034791596622866 0.4165928925763119 0.003851412835864154	-0.08620946177142458 -0.00385141283519487 0.6956389570399725
0.4511634406108562 -0.015034791606844993 0.08620946178599667	-0.015034791606921723 0.4165928925932137 0.0038514128568267712	-0.08620946178530826 -0.003851412856157678 0.6956389570341525
0.4511634405957743 -0.015034791580507295 0.08620946180402478	-0.015034791580585061 0.416592892539889 0.003851412772183392	-0.08620946180334016 -0.0038514127715130186 0.6956389570373923
0.4511634406081621 -0.01503479159115869 0.08620946178834102	-0.015034791591236489 0.4165928925605089 0.0038514128197281103	-0.08620946178765364 -0.003851412819059149 0.6956389570359038
0.45116344061488073 -0.015034791606620341 0.08620946177259144	-0.01503479160669972 0.4165928925903278 0.0038514128680466574	-0.08620946177190338 -0.003851412867378369 0.6956389570367001
0.4511634405970898 -0.015034791585716085 0.08620946177201075	-0.015034791585793501 0.41659289255094456 0.003851412805225031	-0.08620946177132086 -0.003851412804557995 0.6956389570437806
0.4511634406034469 -0.015034791597247476 0.08620946174314142	-0.015034791597324964 0.4165928925795411 0.0038514128604423097	-0.08620946174245307 -0.0038514128597732407 0.6956389570435223
0.451163440611081 -0.015034791610081205 0.08620946172928574	-0.01503479161015862 0.41659289260762117 0.003851412901251454	-0.08620946172859816 -0.0038514129005842064 0.695638957043025
0.45116344059732644 -0.015034791589868833 0.08620946174079827	-0.015034791589944436 0.41659289257051324 0.003851412828465038	-0.08620946174011052 -0.0038514128277960177 0.6956389570486495
0.451163440611244 -0.015034791610544542 0.08620946171379328	-0.015034791610621781 0.4165928926097206 0.003851412912300761	-0.08620946171310565 -0.0038514129116338468 0.6956389570458384
0.4511634406032238 -0.0150347915996981 0.08620946173134204	-0.015034791599775601 0.4165928925852755 0.0038514128733832392	-0.0862094617306539 -0.0038514128727143576 0.6956389570451975
0.4511634405957697 -0.015034791586708 0.08620946176850727	-0.01503479158678563 0.4165928925539526 0.003851412808353917	-0.08620946176781728 -0.003851412807686798 0.6956389570442796
0.4511634406137821 -0.015034791605913003 0.08620946177491612	-0.01503479160599254 0.41659289259014903 0.0038514128640102265	-0.08620946177422822 -0.0038514128633415634 0.6956389570363455
0.45116344060812247 -0.015034791591178329 0.0862094617923861	-0.01503479159125587 0.4165928925612353 0.003851412817376998	-0.08620946179169893 -0.003851412816707943 0.6956389570349993
0.4511634405958014 -0.015034791580161081 0.08620946180802269	-0.015034791580238484 0.4165928925389735 0.003851412768756734	-0.08620946180733774 -0.00385141276808618 0.695638957036794
0.45116344061173125 -0.015034791606222215 0.08620946178691535	-0.015034791606298913 0.4165928925909553 0.0038514128555761987	-0.08620946178622689 -0.0038514128549070117 0.6956389570342388
0.451163440607657 -0.01503479159632948 0.08620946177033888	-0.015034791596406845 0.4165928925745206 0.0038514128384848877	-0.086209461769651 -0.0038514128378157597 0.6956389570403317
0.451163440594944 -0.015034791585197466 0.08620946174921693	-0.015034791585272777 0.4165928925516641 0.003851412819670011	-0.08620946174852835 -0.003851412819000609 0.6956389570468093
0.4511634406084589 -0.015034791612223252 0.08620946171572351	-0.015034791612299217 0.41659289260903115 0.0038514129159759117	-0.08620946171503766 -0.0038514129153059545 0.6956389570445215
0.4511634406065849 -0.01503479160332964 0.08620946171937278	-0.015034791603403734 0.41659289259800036 0.003851412883213133	-0.08620946171868529 -0.003851412882543162 0.6956389570477867
0.4511634405936493 -0.01503479159043232 0.08620946172288955	-0.015034791590507529 0.41659289257489873 0.0038514128389960135	-0.0862094617222005 -0.0038514128383271215 0.6956389570520499
0.45116344060172975 -0.015034791614785924 0.08620946169893828	-0.015034791614861868 0.4165928926213196 0.0038514129291676302	-0.08620946169824668 -0.0038514129284998727 0.6956389570471657
0.4511634405993935 -0.015034791605708888 0.08620946171011441	-0.015034791605785535 0.41659289260345556 0.0038514128954501535	-0.08620946170942434 -0.003851412894782566 0.6956389570479492
0.4511634405971002 -0.015034791590830592 0.08620946172785425	-0.015034791590906055 0.4165928925730363 0.0038514128387707527	-0.08620946172716648 -0.0038514128381017462 0.6956389570508891
0.45116344061482205 -0.015034791606048887 0.08620946177505201	-0.015034791606123928 0.416592892590691 0.003851412865508771	-0.08620946177436489 -0.0038514128648394416 0.695638957036521
0.45116344059912605 -0.015034791580733772 0.08620946179922814	-0.015034791580810013 0.41659289254111675 0.0038514127834423095	-0.08620946179854139 -0.0038514127827738026 0.6956389570366553
0.451163440598869 -0.015034791592701019 0.0862094617985904	-0.015034791592778676 0.41659289256170184 0.0038514128070926967	-0.08620946179790395 -0.003851412806422632 0.6956389570353173
0.4511634406134321 -0.015034791609623866 0.08620946177232833	-0.015034791609702013 0.41659289259802507 0.0038514128731085215	-0.0862094617716386 -0.003851412872440535 0.6956389570358046
0.4511634406009187 -0.015034791583804856 0.08620946176142466	-0.015034791583882417 0.4165928925553046 0.0038514128095614546	-0.08620946176073772 -0.00385141280889241 0.6956389570447535
0.45116344059576546 -0.015034791598704848 0.08620946173176872	-0.015034791598783556 0.4165928925816986 0.003851412863504825	-0.08620946173108265 -0.0038514128628347327 0.6956389570466149
0.45116344060865116 -0.015034791619577872 0.08620946170189892	-0.01503479161965612 0.4165928926252556 0.0038514129398872984	-0.08620946170121396 -0.0038514129392172546 0.6956389570461512
0.45116344060291286 -0.015034791588722155 0.08620946170790125	-0.015034791588800054 0.41659289257131465 0.0038514128549185372	-0.0862094617072132 -0.0038514128542503495 0.6956389570529652
0.4511634405977697 -0.01503479159858858 0.08620946170202744	-0.01503479159866622 0.41659289258934407 0.0038514128798003665	-0.08620946170133838 -0.0038514128791322724 0.6956389570524556
0.45116344060354546 -0.015034791621398327 0.08620946170243105	-0.015034791621474527 0.4165928926325489 0.0038514129418773663	-0.08620946170174307 -0.003851412941208294 0.6956389570459944
0.45116344059799934 -0.015034791591691458 0.08620946173577619	-0.01503479159176686 0.4165928925784577 0.0038514128387472993	-0.08620946173508912 -0.003851412838077606 0.6956389570483572
0.45116344060269997 -0.015034791592794397 0.0862094617390726	-0.015034791592869044 0.4165928925756777 0.003851412843694703	-0.08620946173838506 -0.0038514128430257102 0.695638957047041
0.45116344061008823 -0.015034791611553544 0.08620946173033134	-0.015034791611628144 0.41659289260591464 0.0038514129080176075	-0.08620946172964132 -0.003851412907349399 0.6956389570412178
0.4511634405995426 -0.015034791588452336 0.08620946176168455	-0.015034791588528705 0.4165928925592806 0.003851412821320798	-0.08620946176099405 -0.0038514128206532487 0.6956389570428755
0.45116344060492175 -0.015034791592786482 0.086209461777256	-0.015034791592861228 0.4165928925646369 0.003851412819946498	-0.08620946177656517 -0.0038514128192785047 0.6956389570414924
0.4511634406088906 -0.015034791600987422 0.08620946175902372	-0.015034791601065366 0.41659289258653415 0.0038514128598030606	-0.0862094617583343 -0.0038514128591351643 0.6956389570409903
0.4511634405924859 -0.015034791583759234 0.08620946174844765	-0.015034791583836502 0.41659289255570664 0.0038514128143532257	-0.08620946174776117 -0.0038514128136825677 0.6956389570467113
0.45116344060175867 -0.015034791614746999 0.08620946171198961	-0.01503479161482379 0.4165928926144364 0.003851412916238306	-0.08620946171130478 -0.003851412915569015 0.6956389570460151
0.4511634406098437 -0.015034791610765732 0.08620946169527291	-0.015034791610842348 0.4165928926140253 0.003851412917382037	-0.08620946169458744 -0.0038514129167127424 0.6956389570511363
0.4511634405990328 -0.015034791582966077 0.0862094617024855	-0.015034791583042781 0.4165928925638666 0.003851412841714804	-0.0862094617017965 -0.0038514128410472026 0.6956389570559262
0.4511634405970226 -0.01503479161598797 0.08620946169274944	-0.015034791616062181 0.41659289261946414 0.0038514129311675166	-0.08620946169206206 -0.0038514129304987044 0.6956389570490192
0.45116344059823027 -0.015034791616065317 0.08620946171210968	-0.015034791616141423 0.4165928926163714 0.0038514129185523577	-0.08620946171142323 -0.003851412917882789 0.6956389570455025
0.45116344059876684 -0.01503479158061438 0.08620946174823171	-0.015034791580689655 0.4165928925542539 0.0038514128028487235	-0.08620946174754528 -0.0038514128021792243 0.6956389570482848
0.45116344060821084 -0.015034791603271326 0.08620946174983866	-0.015034791603346389 0.4165928925924876 0.00385141286800509	-0.08620946174915027 -0.0038514128673373255 0.6956389570414369
0.45116344060350505 -0.015034791608844062 0.08620946176194387	-0.01503479160891959 0.41659289259731697 0.003851412875264703	-0.08620946176125452 -0.0038514128745965465 0.6956389570376748
0.4511634405980047 -0.015034791580043278 0.08620946178461236	-0.015034791580119831 0.41659289254074316 0.003851412786175578	-0.086209461783923 -0.003851412785507359 0.6956389570412873
0.45116344061260244 -0.015034791598512409 0.08620946177162807	-0.015034791598588611 0.4165928925732686 0.0038514128485644256	-0.08620946177094221 -0.003851412847895329 0.6956389570391267
0.45116344061082303 -0.015034791601301233 0.08620946177446076	-0.015034791601378656 0.41659289257846044 0.0038514128539853913	-0.08620946177377305 -0.0038514128533161107 0.6956389570369064
0.4511634405989601 -0.015034791579935064 0.08620946179723661	-0.015034791580012898 0.41659289254204135 0.003851412777601468	-0.08620946179654604 -0.0038514127769334085 0.6956389570381444
0.4511634406102134 -0.015034791602004988 0.08620946177935049	-0.015034791602082948 0.4165928925867652 0.003851412847627564	-0.08620946177866012 -0.00385141284696066 0.6956389570371241
0.45116344060213165 -0.015034791596367843 0.08620946169572627	-0.015034791596447272 0.4165928925853723 0.0038514128789304894	-0.0862094616950371 -0.0038514128782626764 0.6956389570540359
0.4511634405974316 -0.015034791593241423 0.08620946169989188	-0.015034791593320572 0.4165928925789538 0.003851412868316379	-0.08620946169920304 -0.0038514128676483336 0.6956389570534001
0.451163440606135 -0.015034791622805709 0.08620946169848565	-0.015034791622884429 0.41659289263327104 0.003851412948517867	-0.08620946169780042 -0.0038514129478481804 0.6956389570468838
0.4511634406031633 -0.015034791594881369 0.08620946173523045	-0.015034791594958541 0.416592892579566 0.0038514128533144038	-0.08620946173454477 -0.003851412852644169 0.6956389570482356
0.4511634406032168 -0.015034791580269775 0.08620946176243614	-0.015034791580346207 0.41659289255135445 0.0038514128008081405	-0.08620946176174932 -0.0038514128001384124 0.695638957045131
0.4511634406071597 -0.015034791612624067 0.08620946176464037	-0.0150347916127003 0.41659289260254 0.0038514128866805677	-0.08620946176395078 -0.0038514128860130947 0.6956389570348728
0.45116344059902513 -0.015034791594951736 0.08620946178843561	-0.015034791595025942 0.4165928925665753 0.003851412818999509	-0.08620946178774758 -0.0038514128183307003 0.6956389570370431
0.451163440607661 -0.015034791577322335 0.08620946179432767	-0.015034791577397032 0.41659289253780735 0.003851412776412974	-0.08620946179364038 -0.0038514127757443353 0.6956389570406296
0.4511634406165482 -0.015034791606048061 0.08620946177200903	-0.015034791606122653 0.41659289258988175 0.003851412869408804	-0.08620946177132194 -0.0038514128687393775 0.6956389570370198
0.4511634405979387 -0.015034791596285325 0.08620946177749701	-0.015034791596360113 0.4165928925667357 0.0038514128316255655	-0.08620946177680608 -0.0038514128309594803 0.6956389570381982
0.4511634405979973 -0.015034791585650638 0.08620946177353632	-0.015034791585725234 0.41659289255182985 0.003851412806069713	-0.08620946177284583 -0.0038514128054023267 0.6956389570406241
0.4511634406139531 -0.015034791608104722 0.0862094617473908	-0.015034791608180855 0.41659289259978527 0.0038514128853505275	-0.08620946174670152 -0.0038514128846828567 0.6956389570404135
0.4511634405990214 -0.01503479159691088 0.0862094617491157	-0.015034791596987021 0.41659289258134846 0.0038514128458359727	-0.0862094617484295 -0.0038514128451668968 0.6956389570446845
0.45116344059156 -0.01503479159481344 0.08620946173776826	-0.015034791594890655 0.41659289258114474 0.00385141284604747	-0.0862094617370821 -0.003851412845377822 0.6956389570462189
0.45116344060695607 -0.015034791617645031 0.08620946169893295	-0.015034791617723392 0.41659289262499816 0.0038514129371802416	-0.08620946169824442 -0.003851412936512047 0.6956389570468171
0.45116344059851127 -0.015034791583467055 0.08620946174997662	-0.015034791583542635 0.41659289255177173 0.0038514128113952065	-0.08620946174928894 -0.003851412810725787 0.6956389570479525
0.4511634406065002 -0.015034791597147601 0.08620946177164568	-0.01503479159722381 0.41659289257865917 0.003851412838313195	-0.0862094617709565 -0.0038514128376450282 0.6956389570388032
0.45116344060747154 -0.01503479160948721 0.08620946178360328	-0.015034791609562132 0.41659289259733756 0.0038514128671414335	-0.08620946178291475 -0.0038514128664733534 0.6956389570325066
0.45116344059619773 -0.015034791579755402 0.08620946180408601	-0.015034791579831895 0.4165928925378554 0.0038514127695771713	-0.08620946180340028 -0.0038514127689068603 0.6956389570385498
0.4511634406076479 -0.015034791590485621 0.08620946178826909	-0.015034791590561324 0.4165928925578385 0.0038514128152965475	-0.08620946178758299 -0.0038514128146259034 0.695638957037556
0.45116344060958774 -0.015034791609704877 0.08620946176949693	-0.015034791609781134 0.4165928925936807 0.0038514128774169674	-0.08620946176880984 -0.0038514128767476036 0.6956389570357797
0.451163440598267 -0.015034791586025059 0.08620946177202829	-0.015034791586102499 0.4165928925520607 0.0038514128080115208	-0.08620946177133824 -0.0038514128073436522 0.6956389570425738
0.45116344061298125 -0.015034791592114528 0.08620946174846195	-0.015034791592191659 0.41659289257329923 0.0038514128458318024	-0.0862094617477733 -0.003851412845162702 0.6956389570444909
0.45116344061225316 -0.01503479160874829 0.0862094617300602	-0.015034791608825713 0.41659289260491994 0.0038514128978453036	-0.08620946172937267 -0.003851412897177442 0.6956389570439673
0.45116344058734426 -0.015034791594650838 0.08620946173621752	-0.015034791594726805 0.4165928925753476 0.003851412841677136	-0.08620946173553025 -0.0038514128410078487 0.6956389570476926
0.45116344059903185 -0.015034791603874165 0.0862094617147646	-0.01503479160395109 0.4165928925993457 0.0038514128876200593	-0.08620946171407433 -0.0038514128869530026 0.6956389570471897
0.4511634406139556 -0.015034791609526234 0.08620946170017389	-0.01503479160960317 0.41659289261593635 0.0038514129169837236	-0.08620946169948357 -0.0038514129163170416 0.6956389570490257
0.4511634405975387 -0.015034791590691859 0.08620946171520365	-0.015034791590769092 0.4165928925769291 0.0038514128468514833	-0.08620946171451462 -0.0038514128461834135 0.6956389570533963
0.4511634405971602 -0.015034791608538739 0.08620946170362767	-0.015034791608614142 0.41659289260473287 0.003851412906226214	-0.08620946170294125 -0.003851412905556611 0.6956389570486842
0.45116344060428665 -0.01503479161445502 0.0862094617052703	-0.01503479161453154 0.416592892612329 0.003851412926068394	-0.08620946170458493 -0.003851412925398673 0.6956389570463161
0.45116344060290425 -0.015034791576545765 0.08620946181217455	-0.01503479157662235 0.4165928925353679 0.0038514127581327808	-0.08620946181149079 -0.003851412757462591 0.6956389570388006
0.45116344061357877 -0.015034791606292699 0.086209461787527	-0.01503479160636751 0.41659289259240234 0.0038514128564349145	-0.08620946178683964 -0.003851412855766626 0.6956389570345135
0.4511634406017735 -0.015034791599933595 0.0862094617665155	-0.015034791600008639 0.41659289257941995 0.0038514128494424316	-0.08620946176582693 -0.0038514128487737234 0.6956389570385926
0.45116344059407815 -0.015034791584512682 0.0862094617485783	-0.015034791584585714 0.41659289254926873 0.0038514128162190943	-0.0862094617478886 -0.0038514128155510835 0.6956389570464799
0.45116344061136393 -0.015034791609605407 0.08620946171754447	-0.015034791609680022 0.41659289260398197 0.0038514129062428987	-0.0862094617168578 -0.0038514129055741662 0.6956389570456512
0.45116344060235725 -0.0150347916066385 0.0862094617173734	-0.015034791606712984 0.4165928926021859 0.003851412892337293	-0.08620946171668571 -0.003851412891667433 0.6956389570475429
0.4511634405885142 -0.015034791594752319 0.08620946172126209	-0.015034791594829231 0.4165928925809925 0.0038514128508141086	-0.08620946172057367 -0.0038514128501453693 0.6956389570509177
0.45116344060532804 -0.015034791612703638 0.08620946170103677	-0.01503479161277965 0.41659289261836013 0.003851412920914555	-0.08620946170034662 -0.003851412920247217 0.6956389570476746
0.45116344060246744 -0.015034791602628918 0.08620946171126934	-0.015034791602706939 0.4165928925976603 0.0038514128857589577	-0.08620946171058017 -0.003851412885090902 0.6956389570483318
0.45116344059048086 -0.015034791593683008 0.0862094617249921	-0.015034791593760349 0.4165928925751448 0.0038514128477147268	-0.08620946172430569 -0.003851412847044631 0.6956389570493692
0.4511634406080326 -0.01503479161306572 0.0862094617122582	-0.015034791613143366 0.41659289261317 0.0038514129207382133	-0.08620946171156915 -0.003851412920070199 0.6956389570454347
0.45116344061144215 -0.015034791595902503 0.08620946173647684	-0.015034791595981742 0.41659289258146787 0.003851412860806369	-0.08620946173578722 -0.003851412860138591 0.6956389570469405
0.4511634406010535 -0.015034791583769407 0.0862094617709801	-0.015034791583847344 0.41659289255022514 0.003851412799353148	-0.08620946177029067 -0.003851412798685512 0.6956389570448456
0.4511634406081415 -0.015034791608314753 0.08620946177087845	-0.015034791608392883 0.41659289259256554 0.003851412873043813	-0.08620946177019145 -0.0038514128723753267 0.6956389570349003
0.45116344060622576 -0.01503479159145982 0.08620946179156516	-0.015034791591537332 0.41659289256115434 0.003851412819643553	-0.08620946179087913 -0.0038514128189734327 0.6956389570349282
0.45116344060658187 -0.015034791593521146 0.08620946173742038	-0.015034791593598405 0.4165928925769848 0.0038514128475001	-0.08620946173673479 -0.0038514128468296743 0.6956389570478825
0.4511634406129129 -0.015034791617991521 0.08620946170435131	-0.015034791618067905 0.41659289262449967 0.003851412933646013	-0.08620946170366775 -0.003851412932974342 0.6956389570473789
0.4511634405937067 -0.015034791593447443 0.08620946170386326	-0.01503479159352412 0.41659289257685733 0.0038514128687422017	-0.08620946170317632 -0.003851412868073202 0.6956389570521737
0.4511634405947205 -0.015034791598786708 0.08620946170122422	-0.015034791598864033 0.41659289258778126 0.003851412882488709	-0.0862094617005347 -0.0038514128818201744 0.6956389570519967
0.4511634406130471 -0.015034791615485455 0.08620946170697895	-0.015034791615562572 0.4165928926245857 0.003851412925948594	-0.08620946170628856 -0.0038514129252806423 0.6956389570470267
0.45116344060207797 -0.015034791590612693 0.08620946173818374	-0.015034791590689264 0.41659289257844156 0.0038514128343375108	-0.08620946173749577 -0.0038514128336690247 0.6956389570482227
0.4511634405956997 -0.015034791598015202 0.08620946173593222	-0.015034791598092217 0.41659289258308413 0.0038514128563392445	-0.086209461735244 -0.003851412855670616 0.695638957046083
0.4511634406063024 -0.015034791613156951 0.08620946172792054	-0.015034791613234375 0.41659289260615573 0.003851412911539176	-0.08620946172723051 -0.003851412910871363 0.6956389570420541
0.45116344060125313 -0.015034791585759263 0.08620946176324444	-0.015034791585835584 0.41659289255284326 0.003851412813872579	-0.08620946176255401 -0.0038514128132042663 0.695638957043719
0.45116344060293506 -0.015034791593725515 0.08620946177638822	-0.015034791593803179 0.4165928925652306 0.003851412824462677	-0.08620946177569924 -0.00385141282379425 0.6956389570398921
0.4511634406125322 -0.015034791608851874 0.08620946177296868	-0.015034791608927896 0.4165928925953435 0.0038514128746668513	-0.08620946177228278 -0.003851412873995985 0.6956389570347078
0.45116344060218083 -0.015034791579826113 0.0862094618009889	-0.015034791579901239 0.416592892540346 0.003851412776865598	-0.08620946180030174 -0.0038514127761960087 0.6956389570375809
0.4511634405991953 -0.015034791591872416 0.08620946179864675	-0.01503479159194791 0.416592892559555 0.00385141280238779	-0.08620946179795669 -0.003851412801717531 0.6956389570367918
0.4511634406064496 -0.015034791612402981 0.08620946176882432	-0.01503479161248012 0.41659289260039256 0.003851412883935	-0.08620946176813393 -0.003851412883266632 0.695638957034703
0.4511634406003035 -0.01503479158404836 0.08620946176089878	-0.015034791584123764 0.41659289255620086 0.0038514128128013074	-0.08620946176021202 -0.0038514128121317423 0.6956389570435471
0.4511634406023372 -0.015034791614140038 0.08620946169568036	-0.01503479161421389 0.4165928926187091 0.0038514129231191976	-0.08620946169499301 -0.003851412922450781 0.6956389570499557
0.4511634406035395 -0.015034791612072794 0.0862094617145138	-0.015034791612148022 0.4165928926107241 0.003851412908162235	-0.08620946171382847 -0.0038514129074924824 0.6956389570459853
0.4511634405922796 -0.015034791582541656 0.08620946174508087	-0.01503479158261701 0.4165928925550863 0.0038514128129226582	-0.0862094617443956 -0.003851412812252337 0.6956389570465406
0.4511634406032054 -0.015034791605913804 0.08620946174726375	-0.01503479160599075 0.41659289259546933 0.0038514128779305254	-0.08620946174657572 -0.003851412877262029 0.6956389570409112
0.4511634406106599 -0.015034791606161373 0.08620946176569813	-0.015034791606241313 0.4165928925956438 0.0038514128642368403	-0.08620946176500799 -0.0038514128635697906 0.6956389570399254
0.4511634406038807 -0.015034791577704126 0.08620946178809426	-0.015034791577783068 0.4165928925391191 0.0038514127768876985	-0.086209461787404 -0.003851412776220038 0.6956389570422328
0.4511634406084093 -0.0150347916002582 0.08620946176810633	-0.015034791600335736 0.4165928925745051 0.0038514128573988796	-0.08620946176741866 -0.0038514128567309104 0.6956389570374681
0.45116344060855595 -0.01503479160079371 0.0862094617729481	-0.015034791600871403 0.4165928925752935 0.0038514128557839977	-0.08620946177226035 -0.003851412855116091 0.6956389570363991
0.4511634406035362 -0.01503479157685018 0.08620946180058218	-0.015034791576929354 0.4165928925369752 0.003851412766588024	-0.086209461799892 -0.0038514127659203326 0.695638957040079
0.4511634406106918 -0.015034791603468014 0.08620946177958304	-0.015034791603547827 0.4165928925898799 0.00385141284928699	-0.08620946177889308 -0.0038514128486198743 0.6956389570379108
0.4511634406046718 -0.015034791604877314 0.08620946175650483	-0.015034791604954263 0.41659289259253 0.0038514128710759703	-0.08620946175581677 -0.0038514128704072725 0.6956389570393731
0.4511634405936232 -0.015034791582097057 0.08620946174905199	-0.015034791582172496 0.4165928925528066 0.0038514128104785404	-0.08620946174836694 -0.0038514128098079622 0.6956389570460194
0.4511634406047354 -0.015034791610946781 0.08620946171369159	-0.015034791611022225 0.4165928926073495 0.00385141290733974	-0.08620946171300603 -0.0038514129066696892 0.695638957046514
0.4511634406039354 -0.015034791613938153 0.0862094616923785	-0.015034791614012086 0.4165928926177206 0.0038514129266117164	-0.08620946169169111 -0.0038514129259433413 0.6956389570505292
0.45116344059289437 -0.01503479158840303 0.08620946169906349	-0.01503479158847712 0.41659289257288556 0.0038514128546161264	-0.08620946169837404 -0.0038514128539481156 0.6956389570552118
