0.6328920827527001 -0.010428571722031437 0.056819897680988114	-0.010428571722080577 0.6221764882875774 0.003870836009056758	-0.05681989768093279 -0.003870836008803849 0.7441060130154973
0.6328920827680657 -0.010428571716524353 0.05681989768138225	-0.010428571716571073 0.6221764882940958 0.003870836009323121	-0.056819897681323596 -0.0038708360090739524 0.7441060130170649
0.6328920827787013 -0.010428571712608999 0.056819897681660375	-0.010428571712654423 0.6221764882984625 0.0038708360095126987	-0.05681989768160497 -0.003870836009264106 0.7441060130182335
0.6328920827774458 -0.010428571712988312 0.056819897681645616	-0.010428571713035052 0.6221764882978158 0.003870836009463023	-0.05681989768159082 -0.0038708360092094135 0.7441060130180372
0.6328920827651818 -0.01042857171736837 0.05681989768133931	-0.010428571717417363 0.6221764882925355 0.0038708360092385707	-0.056819897681283496 -0.00387083600898714 0.7441060130167904
0.6328920827502983 -0.010428571722902902 0.056819897680938106	-0.010428571722952744 0.6221764882864971 0.0038708360089741226	-0.05681989768088504 -0.003870836008723122 0.7441060130151876
0.6328920827424116 -0.010428571726145672 0.05681989768074541	-0.010428571726192333 0.6221764882837972 0.00387083600880217	-0.05681989768068829 -0.003870836008553591 0.7441060130144713
0.63289208274685 -0.010428571724623949 0.056819897680873054	-0.010428571724669447 0.6221764882857841 0.003870836008865154	-0.05681989768081459 -0.0038708360086140564 0.7441060130150701
0.6328920827606035 -0.010428571719331446 0.05681989768120978	-0.010428571719379099 0.6221764882910803 0.0038708360091324334	-0.05681989768115741 -0.0038708360088831537 0.7441060130162667
0.6328920827743421 -0.01042857171397948 0.05681989768156407	-0.010428571714028563 0.6221764882963043 0.0038708360094045074	-0.05681989768150886 -0.0038708360091529587 0.7441060130175445
0.6328920827793966 -0.010428571712019222 0.05681989768169412	-0.010428571712067788 0.6221764882982378 0.0038708360095165983	-0.05681989768163788 -0.003870836009261462 0.7441060130181467
0.6328920827722402 -0.010428571714855086 0.05681989768150038	-0.010428571714901648 0.6221764882955914 0.0038708360094014613	-0.056819897681448225 -0.0038708360091550195 0.7441060130175536
0.6328920827575808 -0.010428571720557576 0.05681989768112068	-0.010428571720603838 0.6221764882900596 0.0038708360091151486	-0.05681989768106331 -0.0038708360088659313 0.744106013016096
0.6328920827450953 -0.010428571725164922 0.05681989768079805	-0.010428571725212098 0.6221764882849169 0.0038708360088914526	-0.05681989768073982 -0.0038708360086387866 0.7441060130148658
0.632892082742962 -0.010428571725781186 0.05681989768073397	-0.010428571725830157 0.622176488283771 0.0038708360088702126	-0.05681989768067951 -0.003870836008614917 0.7441060130144714
0.6328920827678413 -0.010428571716437128 0.056819897681380016	-0.0104285717164838 0.6221764882937222 0.0038708360093306637	-0.05681989768132184 -0.0038708360090818905 0.7441060130170066
0.6328920827782875 -0.010428571712476048 0.05681989768164542	-0.010428571712523444 0.6221764882978886 0.003870836009530053	-0.05681989768159328 -0.003870836009281821 0.744106013018033
0.6328920827774741 -0.010428571713055265 0.05681989768163797	-0.010428571713102446 0.6221764882979186 0.003870836009464605	-0.056819897681582104 -0.0038708360092110303 0.7441060130179992
0.6328920827654411 -0.010428571717546811 0.05681989768133735	-0.01042857171759453 0.6221764882930522 0.003870836009230015	-0.056819897681278875 -0.003870836008975989 0.744106013016844
0.6328920827502643 -0.01042857172299201 0.05681989768094485	-0.010428571723039287 0.6221764882865782 0.0038708360089659277	-0.0568198976808927 -0.0038708360087167035 0.7441060130152435
0.6328920827421303 -0.010428571726007214 0.05681989768075268	-0.01042857172605385 0.6221764882832517 0.0038708360088138064	-0.05681989768069578 -0.003870836008565526 0.7441060130145534
0.6328920827465561 -0.010428571724426345 0.05681989768085898	-0.010428571724474374 0.6221764882851828 0.0038708360088929306	-0.0568198976807999 -0.003870836008639904 0.7441060130149854
0.632892082760561 -0.010428571719327177 0.056819897681194616	-0.01042857171937571 0.6221764882910521 0.0038708360091414123	-0.05681989768114267 -0.00387083600889377 0.7441060130161334
0.6328920827746181 -0.010428571714123213 0.05681989768158252	-0.01042857171417146 0.6221764882967661 0.003870836009384482	-0.05681989768152575 -0.0038708360091303656 0.7441060130177457
0.6328920827795219 -0.010428571712150034 0.05681989768170721	-0.010428571712196414 0.6221764882985272 0.0038708360094938873	-0.056819897681651715 -0.0038708360092403263 0.7441060130181871
0.6328920827719965 -0.010428571714794159 0.05681989768148919	-0.01042857171484092 0.6221764882952645 0.0038708360094065683	-0.056819897681436 -0.0038708360091601265 0.7441060130173355
0.632892082757408 -0.010428571720410926 0.05681989768111278	-0.010428571720459502 0.6221764882896638 0.00387083600912793	-0.05681989768105355 -0.003870836008877089 0.7441060130159904
0.6328920827451392 -0.010428571725147391 0.056819897680803096	-0.010428571725195832 0.6221764882849419 0.0038708360088870186	-0.05681989768074742 -0.0038708360086366703 0.7441060130148991
0.6328920827431878 -0.010428571725877744 0.05681989768074451	-0.01042857172592603 0.6221764882841734 0.0038708360088550164	-0.056819897680691185 -0.003870836008599894 0.7441060130145815
0.6328920827529203 -0.010428571722120193 0.05681989768100109	-0.0104285717221674 0.6221764882878805 0.003870836009042561	-0.056819897680942755 -0.003870836008789756 0.7441060130156497
0.6328920827782776 -0.010428571712473755 0.056819897681654824	-0.010428571712519576 0.6221764882978205 0.0038708360095254316	-0.056819897681599486 -0.003870836009276825 0.7441060130181183
0.6328920827771023 -0.010428571712965127 0.05681989768163332	-0.010428571713012494 0.622176488297413 0.003870836009473008	-0.056819897681577844 -0.0038708360092196206 0.7441060130179159
0.6328920827652379 -0.01042857171751366 0.05681989768132531	-0.010428571717562979 0.622176488292845 0.003870836009239341	-0.056819897681270215 -0.003870836008985405 0.744106013016719
0.6328920827505662 -0.010428571723132028 0.05681989768093908	-0.010428571723179871 0.6221764882870682 0.0038708360089616603	-0.056819897680886605 -0.0038708360087127344 0.7441060130152626
0.6328920827423494 -0.010428571726140338 0.05681989768075156	-0.010428571726186067 0.6221764882836699 0.0038708360088075752	-0.056819897680691636 -0.0038708360085567967 0.7441060130146028
0.6328920827463278 -0.010428571724430315 0.05681989768086225	-0.010428571724476457 0.6221764882849401 0.003870836008893118	-0.0568198976808038 -0.0038708360086422908 0.7441060130149795
0.6328920827601943 -0.010428571719181344 0.056819897681200576	-0.010428571719229738 0.6221764882904315 0.0038708360091540828	-0.05681989768114867 -0.0038708360089065794 0.744106013016203
0.6328920827744495 -0.010428571714001699 0.056819897681568976	-0.010428571714051862 0.622176488296436 0.0038708360094059993	-0.05681989768151188 -0.003870836009150079 0.7441060130176989
0.6328920827797733 -0.01042857171220789 0.05681989768169432	-0.010428571712255275 0.6221764882988776 0.0038708360094977315	-0.05681989768164018 -0.0038708360092463007 0.7441060130181083
0.6328920827722743 -0.01042857171488353 0.05681989768150837	-0.010428571714929362 0.6221764882956363 0.0038708360093890892	-0.05681989768145463 -0.0038708360091407254 0.7441060130175243
0.6328920827572528 -0.01042857172043507 0.056819897681122264	-0.010428571720481554 0.6221764882895167 0.0038708360091153984	-0.056819897681064505 -0.0038708360088659174 0.7441060130159585
0.6328920827448217 -0.010428571725070382 0.05681989768079002	-0.010428571725118945 0.6221764882845132 0.0038708360088937216	-0.05681989768073423 -0.00387083600864304 0.7441060130146647
0.6328920827431652 -0.010428571725809684 0.05681989768073925	-0.010428571725859512 0.6221764882840541 0.0038708360088617333	-0.056819897680684045 -0.0038708360086046056 0.7441060130145326
0.6328920827531657 -0.010428571722165953 0.05681989768100722	-0.01042857172221401 0.6221764882882014 0.0038708360090333738	-0.05681989768095179 -0.003870836008783428 0.7441060130157076
0.6328920827681012 -0.010428571716493976 0.056819897681391805	-0.010428571716540411 0.622176488294084 0.00387083600931757	-0.05681989768133433 -0.0038708360090685748 0.7441060130171264
0.6328920827771212 -0.010428571712935307 0.056819897681641765	-0.010428571712982195 0.6221764882974106 0.003870836009468921	-0.05681989768158701 -0.0038708360092151034 0.7441060130179704
0.6328920827650025 -0.010428571717458333 0.056819897681332325	-0.01042857171750609 0.622176488292502 0.0038708360092386054	-0.05681989768127389 -0.0038708360089844754 0.7441060130167609
0.6328920827504123 -0.010428571723078461 0.05681989768093679	-0.010428571723126247 0.6221764882868508 0.003870836008967135	-0.05681989768088385 -0.0038708360087178 0.7441060130152246
0.6328920827426008 -0.010428571726163178 0.05681989768074533	-0.01042857172621058 0.6221764882840146 0.003870836008810323	-0.05681989768068792 -0.0038708360085594334 0.7441060130145706
0.6328920827468345 -0.01042857172454536 0.05681989768085973	-0.010428571724592061 0.6221764882856211 0.0038708360088884966	-0.056819897680801326 -0.0038708360086381344 0.7441060130150416
0.6328920827603514 -0.010428571719227429 0.05681989768119812	-0.010428571719274672 0.6221764882906706 0.003870836009155422	-0.05681989768114351 -0.003870836008905622 0.7441060130162274
0.6328920827741581 -0.010428571713950188 0.05681989768157164	-0.010428571713998459 0.6221764882960747 0.003870836009409233	-0.056819897681515304 -0.003870836009155637 0.744106013017685
0.6328920827795655 -0.010428571712102555 0.05681989768170098	-0.010428571712149868 0.6221764882985164 0.003870836009507224	-0.05681989768164681 -0.0038708360092554045 0.744106013018218
0.6328920827725353 -0.010428571714845743 0.05681989768149988	-0.010428571714893893 0.622176488295865 0.003870836009402523	-0.05681989768144581 -0.0038708360091525007 0.7441060130175753
0.6328920827576447 -0.010428571720495843 0.05681989768111194	-0.010428571720543275 0.6221764882900195 0.003870836009117473	-0.05681989768105487 -0.003870836008870525 0.7441060130159141
0.6328920827448046 -0.01042857172508549 0.05681989768080499	-0.010428571725133094 0.6221764882845009 0.003870836008884271	-0.05681989768074814 -0.0038708360086314036 0.7441060130147917
0.6328920827427795 -0.010428571725805094 0.0568198976807453	-0.010428571725853195 0.6221764882836387 0.003870836008852234	-0.05681989768069131 -0.003870836008596404 0.744106013014446
0.6328920827528781 -0.01042857172214863 0.0568198976809938	-0.010428571722197272 0.6221764882879067 0.003870836009036635	-0.05681989768093799 -0.0038708360087862867 0.7441060130154835
0.6328920827683108 -0.010428571716501368 0.05681989768138829	-0.010428571716549671 0.6221764882943134 0.0038708360093177366	-0.056819897681329126 -0.0038708360090667845 0.7441060130171107
0.63289208277863 -0.010428571712515367 0.05681989768166343	-0.010428571712562056 0.6221764882982329 0.003870836009515849	-0.05681989768161075 -0.003870836009269317 0.7441060130182088
0.6328920827650977 -0.010428571717443592 0.05681989768133665	-0.01042857171749252 0.6221764882925729 0.003870836009234213	-0.056819897681281165 -0.0038708360089825186 0.7441060130167837
0.6328920827500386 -0.010428571722973512 0.056819897680940715	-0.010428571723021082 0.6221764882863492 0.0038708360089689878	-0.05681989768088867 -0.003870836008719583 0.7441060130151964
0.6328920827423492 -0.01042857172610866 0.056819897680751005	-0.010428571726154579 0.6221764882836388 0.0038708360088107532	-0.05681989768069073 -0.0038708360085594057 0.7441060130145996
0.6328920827469491 -0.010428571724557627 0.05681989768086165	-0.010428571724603927 0.6221764882857498 0.0038708360088869145	-0.05681989768080308 -0.003870836008636136 0.7441060130150674
0.6328920827606708 -0.010428571719285374 0.05681989768119214	-0.010428571719334142 0.6221764882911333 0.0038708360091548183	-0.05681989768114075 -0.003870836008905497 0.744106013016204
0.6328920827744164 -0.010428571714033963 0.05681989768156612	-0.01042857171408262 0.6221764882964518 0.0038708360094088998	-0.05681989768150913 -0.0038708360091554567 0.7441060130176951
0.6328920827793849 -0.010428571712100185 0.05681989768169477	-0.010428571712146761 0.6221764882983423 0.0038708360095130873	-0.056819897681637754 -0.0038708360092592903 0.7441060130181743
0.6328920827721386 -0.010428571714815576 0.056819897681500725	-0.01042857171486164 0.6221764882954367 0.0038708360094057773	-0.056819897681447754 -0.003870836009157441 0.7441060130175483
0.6328920827577388 -0.010428571720487901 0.05681989768112322	-0.010428571720534902 0.6221764882900855 0.0038708360091175426	-0.05681989768106597 -0.003870836008870511 0.7441060130160994
0.6328920827452271 -0.01042857172510947 0.05681989768079811	-0.01042857172515908 0.6221764882849761 0.003870836008892757	-0.05681989768074131 -0.0038708360086384605 0.7441060130148738
0.6328920827428985 -0.010428571725835691 0.05681989768073088	-0.010428571725884638 0.6221764882838384 0.0038708360088581598	-0.0568198976806774 -0.0038708360086054036 0.7441060130143471
0.632892082752569 -0.010428571722118278 0.05681989768100517	-0.010428571722166057 0.6221764882875271 0.003870836009031764	-0.056819897680947945 -0.0038708360087787858 0.7441060130155435
0.6328920827678969 -0.010428571716510682 0.056819897681393734	-0.01042857171655727 0.62217648829389 0.0038708360093075225	-0.0568198976813361 -0.0038708360090581317 0.7441060130170363
0.6328920827786136 -0.010428571712567083 0.05681989768165376	-0.010428571712613879 0.6221764882983076 0.0038708360095113525	-0.056819897681601034 -0.0038708360092651675 0.7441060130180444
0.6328920827775226 -0.010428571712977001 0.05681989768164096	-0.01042857171302583 0.6221764882978666 0.003870836009465216	-0.05681989768158491 -0.0038708360092099686 0.7441060130180077
0.6328920827503944 -0.010428571722995019 0.05681989768093878	-0.010428571723044582 0.6221764882867463 0.0038708360089660457	-0.05681989768088606 -0.0038708360087153296 0.7441060130152266
0.6328920827421521 -0.010428571726009122 0.05681989768075289	-0.010428571726055803 0.6221764882833 0.003870836008813258	-0.05681989768069551 -0.0038708360085644225 0.7441060130145607
0.6328920827465316 -0.01042857172440827 0.05681989768086476	-0.010428571724454203 0.6221764882851181 0.00387083600889241	-0.05681989768080718 -0.003870836008642027 0.7441060130150207
0.6328920827606597 -0.01042857171927665 0.056819897681202367	-0.010428571719323567 0.6221764882910441 0.0038708360091493713	-0.056819897681147785 -0.003870836008899682 0.7441060130162935
0.6328920827746529 -0.010428571714114234 0.05681989768156861	-0.010428571714162806 0.6221764882968055 0.0038708360094022246	-0.056819897681511675 -0.003870836009148608 0.7441060130177446
0.6328920827795324 -0.010428571712153542 0.05681989768168746	-0.010428571712201906 0.6221764882986163 0.0038708360095130595	-0.056819897681632675 -0.0038708360092599495 0.74410601301813
0.6328920827720286 -0.010428571714821656 0.05681989768149065	-0.010428571714868266 0.6221764882953148 0.003870836009412959	-0.05681989768143668 -0.003870836009164963 0.7441060130174681
0.6328920827573619 -0.010428571720440255 0.05681989768111417	-0.010428571720486265 0.6221764882896432 0.003870836009128416	-0.05681989768105526 -0.0038708360088788307 0.7441060130160055
0.6328920827451068 -0.010428571725138856 0.05681989768080338	-0.01042857172518646 0.6221764882848949 0.0038708360088890517	-0.05681989768074691 -0.003870836008636712 0.7441060130148991
0.6328920827432838 -0.01042857172589579 0.05681989768074494	-0.010428571725944621 0.6221764882843018 0.003870836008852366	-0.05681989768069169 -0.0038708360085995194 0.7441060130145916
0.6328920827529051 -0.01042857172211722 0.05681989768099793	-0.01042857172216707 0.6221764882879072 0.003870836009041083	-0.05681989768094069 -0.003870836008787036 0.744106013015627
0.6328920827678413 -0.010428571716459702 0.056819897681377726	-0.010428571716507191 0.6221764882937983 0.0038708360093204774	-0.05681989768132026 -0.003870836009073189 0.744106013016891
0.6328920827783467 -0.010428571712486491 0.05681989768166647	-0.010428571712532277 0.6221764882979043 0.0038708360095097774	-0.05681989768161233 -0.0038708360092610736 0.744106013018117
0.6328920827775051 -0.010428571713024075 0.05681989768165253	-0.01042857171307063 0.6221764882979061 0.0038708360094489094	-0.056819897681597245 -0.003870836009195293 0.7441060130180055
0.6328920827654784 -0.010428571717553351 0.056819897681331465	-0.010428571717602503 0.622176488293134 0.0038708360092242072	-0.05681989768127603 -0.0038708360089725474 0.7441060130167059
0.6328920827424609 -0.010428571726175138 0.05681989768074678	-0.010428571726221993 0.6221764882838867 0.003870836008799325	-0.0568198976806894 -0.003870836008550746 0.7441060130144836
0.6328920827465682 -0.010428571724376614 0.05681989768085935	-0.010428571724424622 0.6221764882851188 0.0038708360088964	-0.056819897680800445 -0.003870836008644199 0.7441060130149724
0.6328920827603035 -0.010428571719121631 0.056819897681202595	-0.010428571719169985 0.6221764882904378 0.003870836009157594	-0.056819897681150956 -0.00387083600891025 0.7441060130162127
0.6328920827743766 -0.010428571714003059 0.05681989768157489	-0.010428571714051446 0.6221764882963479 0.003870836009404674	-0.05681989768151854 -0.003870836009150877 0.7441060130177302
0.6328920827797025 -0.010428571712239739 0.05681989768169845	-0.010428571712285985 0.6221764882988571 0.0038708360095012495	-0.05681989768164135 -0.003870836009247279 0.7441060130182551
0.6328920827722817 -0.010428571714930897 0.05681989768149353	-0.01042857171497756 0.6221764882957209 0.0038708360094030017	-0.05681989768144004 -0.003870836009155075 0.7441060130175376
0.6328920827572658 -0.010428571720404716 0.05681989768110295	-0.010428571720452208 0.6221764882895209 0.003870836009137457	-0.056819897681046234 -0.003870836008888358 0.7441060130158841
0.6328920827447614 -0.010428571725040053 0.05681989768079121	-0.010428571725087885 0.6221764882843639 0.003870836008904796	-0.05681989768073491 -0.0038708360086527963 0.7441060130147648
0.6328920827430842 -0.010428571725855373 0.0568198976807392	-0.01042857172590316 0.6221764882840124 0.003870836008860609	-0.05681989768068362 -0.0038708360086052093 0.7441060130145349
0.6328920827530449 -0.010428571722218116 0.05681989768100604	-0.01042857172226575 0.622176488288182 0.0038708360090321248	-0.056819897680949485 -0.0038708360087795907 0.744106013015714
0.6328920827681552 -0.010428571716528504 0.0568198976813915	-0.010428571716575907 0.6221764882942136 0.0038708360093135594	-0.056819897681334 -0.003870836009066146 0.7441060130171324
0.6328920827784119 -0.01042857171241008 0.05681989768165478	-0.010428571712458238 0.6221764882978821 0.0038708360095273675	-0.056819897681600576 -0.003870836009277137 0.7441060130181169
0.6328920827772356 -0.010428571712894179 0.05681989768163444	-0.01042857171294172 0.622176488297466 0.0038708360094685326	-0.05681989768157996 -0.0038708360092169908 0.7441060130178095
0.6328920827653266 -0.010428571717506805 0.0568198976813459	-0.010428571717555133 0.6221764882928891 0.003870836009219218	-0.05681989768128929 -0.0038708360089651644 0.7441060130167967
0.6328920827506117 -0.01042857172315786 0.056819897680952865	-0.01042857172320547 0.622176488287191 0.0038708360089423355	-0.05681989768090036 -0.003870836008692695 0.7441060130152848
0.6328920827467877 -0.010428571724623517 0.05681989768087222	-0.010428571724669449 0.6221764882857044 0.00387083600886607	-0.056819897680814205 -0.0038708360086151805 0.7441060130150532
0.6328920827604041 -0.01042857171924614 0.05681989768119275	-0.010428571719294585 0.6221764882907579 0.0038708360091487884	-0.056819897681141235 -0.003870836008901417 0.7441060130160826
0.632892082774229 -0.010428571713888854 0.05681989768156738	-0.010428571713939318 0.6221764882960266 0.0038708360094151864	-0.05681989768151057 -0.003870836009159072 0.744106013017641
0.6328920827793861 -0.010428571712092518 0.05681989768169928	-0.010428571712140112 0.6221764882982983 0.0038708360095092015	-0.05681989768164478 -0.0038708360092575 0.744106013018178
0.63289208277221 -0.010428571714929794 0.0568198976815012	-0.010428571714975885 0.6221764882956675 0.0038708360093972563	-0.05681989768144781 -0.0038708360091489966 0.744106013017567
0.6328920827576296 -0.010428571720569275 0.05681989768111682	-0.010428571720615343 0.6221764882900913 0.0038708360091178062	-0.05681989768105745 -0.0038708360088683808 0.7441060130160759
0.6328920827449214 -0.010428571725092182 0.0568198976807924	-0.010428571725140376 0.6221764882845924 0.003870836008900924	-0.05681989768073564 -0.003870836008648841 0.7441060130147944
0.632892082742721 -0.010428571725708446 0.05681989768072696	-0.010428571725758064 0.6221764882834574 0.0038708360088786573	-0.05681989768067329 -0.0038708360086230215 0.7441060130143582
0.6328920827527518 -0.010428571722117936 0.056819897680994075	-0.010428571722166049 0.6221764882876801 0.003870836009048119	-0.05681989768093752 -0.003870836008796119 0.7441060130155692
0.6328920827681711 -0.010428571716584019 0.056819897681387545	-0.010428571716630001 0.6221764882942831 0.0038708360093145933	-0.056819897681328085 -0.00387083600906505 0.7441060130171266
0.6328920827785555 -0.010428571712566575 0.05681989768166226	-0.010428571712612834 0.622176488298253 0.003870836009513351	-0.05681989768160885 -0.003870836009265091 0.7441060130182118
0.6328920827773151 -0.010428571712911196 0.056819897681644034	-0.010428571712958842 0.6221764882975391 0.0038708360094681094	-0.05681989768158941 -0.003870836009216415 0.7441060130179852
0.6328920827650555 -0.01042857171732995 0.05681989768133222	-0.010428571717380321 0.6221764882923468 0.0038708360092456137	-0.056819897681275364 -0.003870836008989395 0.7441060130167269
0.6328920827502523 -0.010428571723027882 0.05681989768093372	-0.010428571723076308 0.6221764882866363 0.0038708360089627844	-0.05681989768088218 -0.0038708360087154198 0.744106013015063
0.6328920827424462 -0.010428571726241918 0.05681989768076143	-0.010428571726287805 0.6221764882839391 0.00387083600878646	-0.056819897680703585 -0.0038708360085354526 0.744106013014618
0.6328920827606911 -0.010428571719372975 0.056819897681210915	-0.010428571719420549 0.6221764882912318 0.003870836009129075	-0.05681989768115847 -0.003870836008879344 0.7441060130162915
0.632892082774559 -0.010428571714065617 0.05681989768158152	-0.010428571714114054 0.6221764882966297 0.003870836009388541	-0.056819897681524754 -0.003870836009134321 0.7441060130177275
0.6328920827794294 -0.010428571712077325 0.056819897681690615	-0.010428571712125006 0.6221764882983507 0.003870836009508785	-0.056819897681636186 -0.0038708360092572294 0.7441060130180317
0.6328920827720644 -0.010428571714758438 0.05681989768149384	-0.0104285717148065 0.6221764882952766 0.0038708360094121055	-0.056819897681439566 -0.0038708360091617086 0.7441060130174743
0.6328920827575475 -0.010428571720494061 0.056819897681120626	-0.010428571720541405 0.6221764882899252 0.0038708360091181462	-0.05681989768106315 -0.003870836008870983 0.7441060130160675
0.6328920827452417 -0.010428571725179595 0.056819897680804685	-0.01042857172522731 0.6221764882851029 0.003870836008885735	-0.05681989768074806 -0.0038708360086330412 0.7441060130149426
0.6328920827432116 -0.010428571725847824 0.05681989768074062	-0.010428571725895553 0.6221764882841392 0.0038708360088603594	-0.05681989768068493 -0.003870836008604897 0.7441060130145596
0.632892082752704 -0.010428571722063757 0.05681989768099428	-0.01042857172211159 0.6221764882875724 0.003870836009051394	-0.05681989768093781 -0.0038708360087993873 0.7441060130155601
0.6328920827678044 -0.010428571716420669 0.05681989768137395	-0.010428571716468119 0.6221764882937124 0.00387083600933439	-0.05681989768131708 -0.0038708360090853045 0.7441060130169296
0.6328920827785203 -0.010428571712566254 0.05681989768165387	-0.010428571712612933 0.6221764882981978 0.0038708360095199706	-0.0568198976816003 -0.003870836009271926 0.7441060130181556
0.6328920827775804 -0.010428571713061805 0.056819897681642806	-0.010428571713108195 0.6221764882980505 0.003870836009460421	-0.05681989768158566 -0.003870836009206277 0.7441060130180494
0.63289208276527 -0.010428571717464244 0.05681989768134006	-0.010428571717512686 0.6221764882927638 0.0038708360092332902	-0.056819897681283676 -0.003870836008979542 0.7441060130168315
0.6328920827501701 -0.010428571722921123 0.05681989768094334	-0.010428571722969463 0.622176488286362 0.003870836008970334	-0.05681989768089176 -0.003870836008722983 0.7441060130151964
0.6328920827421394 -0.010428571726004539 0.05681989768074747	-0.010428571726052539 0.6221764882832768 0.0038708360088168248	-0.056819897680688666 -0.003870836008564471 0.7441060130145226
0.6328920827467002 -0.010428571724559741 0.056819897680856636	-0.010428571724606688 0.6221764882855357 0.0038708360088794483	-0.0568198976807993 -0.003870836008630911 0.7441060130149013
0.632892082774682 -0.010428571714098332 0.05681989768156716	-0.01042857171414752 0.6221764882968291 0.003870836009394453	-0.056819897681511744 -0.0038708360091428626 0.7441060130176228
0.632892082779787 -0.010428571712198052 0.05681989768170963	-0.010428571712244625 0.6221764882988731 0.003870836009489065	-0.05681989768165445 -0.003870836009235497 0.7441060130182395
0.6328920827721392 -0.010428571714831442 0.05681989768150674	-0.010428571714877247 0.6221764882954355 0.003870836009393898	-0.056819897681452805 -0.003870836009145319 0.7441060130175007
0.6328920827572235 -0.010428571720415112 0.05681989768110682	-0.010428571720462583 0.6221764882894902 0.00387083600912555	-0.056819897681049364 -0.0038708360088785115 0.7441060130158232
0.6328920827450124 -0.01042857172506284 0.05681989768079615	-0.010428571725112686 0.6221764882847132 0.0038708360088960184	-0.05681989768073874 -0.0038708360086417287 0.744106013014835
0.6328920827433888 -0.010428571725878171 0.056819897680746044	-0.010428571725926976 0.6221764882843849 0.0038708360088530666	-0.056819897680692774 -0.003870836008600026 0.7441060130146111
0.6328920827531124 -0.01042857172216207 0.05681989768100658	-0.0104285717222097 0.6221764882881665 0.0038708360090351016	-0.05681989768095032 -0.0038708360087830115 0.7441060130157117
0.6328920827679432 -0.010428571716466824 0.05681989768138515	-0.010428571716512779 0.6221764882938974 0.00387083600932403	-0.05681989768132596 -0.0038708360090746186 0.744106013017066
0.6328920827782112 -0.010428571712474253 0.05681989768165013	-0.010428571712520835 0.6221764882977523 0.0038708360095290537	-0.0568198976815964 -0.0038708360092810784 0.7441060130180812
0.6328920827772747 -0.010428571712980724 0.05681989768163048	-0.010428571713029132 0.6221764882976759 0.003870836009472599	-0.05681989768157573 -0.003870836009219468 0.7441060130179004
0.6328920827654838 -0.01042857171757781 0.05681989768133308	-0.010428571717626473 0.6221764882931552 0.003870836009231153	-0.056819897681276 -0.003870836008977488 0.744106013016834
0.6328920827505943 -0.010428571723095293 0.056819897680943574	-0.010428571723142335 0.6221764882870622 0.003870836008960446	-0.056819897680888985 -0.0038708360087106874 0.7441060130152948
0.6328920827421485 -0.010428571726053111 0.0568198976807533	-0.010428571726099104 0.6221764882833544 0.003870836008811482	-0.05681989768069558 -0.003870836008561057 0.7441060130145791
0.6328920827463541 -0.010428571724397621 0.05681989768086246	-0.010428571724444453 0.6221764882849208 0.003870836008893465	-0.056819897680805094 -0.003870836008644768 0.7441060130149681
0.6328920827604267 -0.010428571719203413 0.05681989768119704	-0.010428571719253021 0.6221764882907197 0.0038708360091535346	-0.0568198976811443 -0.003870836008902631 0.7441060130162205
0.6328920827797935 -0.010428571712131653 0.05681989768169826	-0.010428571712180437 0.6221764882987998 0.003870836009506544	-0.0568198976816423 -0.0038708360092513036 0.7441060130182384
0.632892082772484 -0.010428571714905445 0.05681989768149476	-0.010428571714952388 0.6221764882959178 0.003870836009395237	-0.056819897681442286 -0.0038708360091490243 0.7441060130174433
0.632892082757386 -0.010428571720475045 0.05681989768112383	-0.01042857172052165 0.6221764882897058 0.0038708360091118388	-0.05681989768106603 -0.003870836008862552 0.7441060130159876
0.6328920827446209 -0.010428571725073258 0.05681989768080285	-0.010428571725120999 0.6221764882842953 0.003870836008886394	-0.05681989768074565 -0.0038708360086334714 0.7441060130147389
0.6328920827428738 -0.010428571725822094 0.05681989768073095	-0.010428571725870976 0.6221764882837904 0.003870836008859277	-0.05681989768067763 -0.003870836008606368 0.7441060130143349
0.6328920827531679 -0.010428571722136848 0.056819897681000764	-0.010428571722186399 0.6221764882881777 0.0038708360090392233	-0.056819897680943886 -0.0038708360087850308 0.7441060130156685
0.6328920827683325 -0.010428571716525524 0.056819897681393824	-0.010428571716572639 0.6221764882943649 0.0038708360093128932	-0.056819897681336454 -0.0038708360090656813 0.7441060130171595
0.632892082778326 -0.010428571712485152 0.05681989768165993	-0.010428571712531379 0.6221764882979044 0.003870836009520845	-0.056819897681606835 -0.003870836009272488 0.7441060130181611
0.6328920827770644 -0.010428571712940975 0.05681989768163723	-0.010428571712987514 0.6221764882973492 0.0038708360094719466	-0.056819897681580016 -0.0038708360092181565 0.7441060130179334
0.6328920827651334 -0.010428571717494298 0.056819897681329494	-0.010428571717543026 0.6221764882926754 0.0038708360092389246	-0.05681989768127239 -0.0038708360089851276 0.7441060130167603
0.6328920827505748 -0.010428571723091203 0.05681989768093298	-0.01042857172314008 0.6221764882870996 0.00387083600896692	-0.056819897680881595 -0.0038708360087176263 0.7441060130152013
0.6328920827426698 -0.010428571726200271 0.05681989768075085	-0.01042857172624667 0.6221764882840861 0.003870836008805209	-0.056819897680692386 -0.0038708360085545276 0.7441060130146508
0.6328920827466453 -0.010428571724495728 0.056819897680861	-0.010428571724541452 0.6221764882853646 0.003870836008890162	-0.05681989768080094 -0.0038708360086388283 0.7441060130150312
0.6328920827600928 -0.01042857171917502 0.05681989768119934	-0.010428571719222506 0.6221764882903444 0.003870836009156539	-0.056819897681147154 -0.003870836008907551 0.7441060130161983
0.632892082774297 -0.010428571713974754 0.056819897681572765	-0.010428571714023723 0.6221764882962388 0.0038708360094057356	-0.056819897681517205 -0.003870836009153854 0.7441060130176995
0.6328920827724422 -0.010428571714845167 0.05681989768150403	-0.010428571714891961 0.6221764882957705 0.003870836009400719	-0.056819897681451396 -0.003870836009154034 0.744106013017596
0.6328920827578339 -0.010428571720470327 0.0568198976811182	-0.01042857172051868 0.6221764882901717 0.003870836009121449	-0.056819897681058926 -0.0038708360088705457 0.7441060130160757
0.6328920827450025 -0.010428571725121585 0.05681989768079182	-0.010428571725170241 0.6221764882847702 0.003870836008889836	-0.056819897680735844 -0.0038708360086395083 0.7441060130147022
0.6328920827426944 -0.010428571725807322 0.05681989768074448	-0.010428571725855422 0.622176488283556 0.0038708360088524907	-0.0568198976806904 -0.00387083600859673 0.7441060130144304
0.6328920827526465 -0.010428571722121315 0.056819897681006856	-0.010428571722168866 0.6221764882876097 0.003870836009030848	-0.056819897680949874 -0.0038708360087779184 0.7441060130155698
0.6328920827682234 -0.010428571716536182 0.05681989768138258	-0.010428571716583781 0.6221764882942789 0.0038708360093126573	-0.0568198976813255 -0.0038708360090656396 0.7441060130169744
0.632892082778777 -0.010428571712517702 0.05681989768165914	-0.010428571712565896 0.6221764882983939 0.003870836009517112	-0.05681989768160524 -0.003870836009267152 0.7441060130182016
0.6328920827773015 -0.010428571712951628 0.05681989768164369	-0.010428571712999008 0.6221764882976009 0.0038708360094652297	-0.05681989768158943 -0.003870836009213667 0.744106013017988
0.6328920827648742 -0.01042857171741704 0.05681989768133542	-0.010428571717465245 0.6221764882923063 0.0038708360092387373	-0.05681989768127903 -0.003870836008984989 0.7441060130167484
0.632892082750202 -0.010428571723019364 0.05681989768093906	-0.01042857172306651 0.6221764882865597 0.0038708360089688906	-0.05681989768088434 -0.003870836008719118 0.7441060130152055
0.6328920827425454 -0.010428571726164237 0.056819897680749354	-0.010428571726210893 0.622176488283914 0.0038708360088086508	-0.056819897680690915 -0.003870836008558212 0.7441060130146131
0.6328920827469964 -0.010428571724541393 0.05681989768085653	-0.010428571724588734 0.6221764882858286 0.0038708360088898427	-0.056819897680799175 -0.0038708360086389323 0.7441060130150177
0.632892082760528 -0.01042857171927921 0.05681989768119572	-0.010428571719326984 0.6221764882909199 0.0038708360091543326	-0.0568198976811429 -0.0038708360089049973 0.7441060130162354
0.6328920827741904 -0.010428571713987509 0.05681989768156837	-0.010428571714035287 0.6221764882961603 0.0038708360094101	-0.05681989768150994 -0.003870836009155998 0.7441060130176766
0.6328920827793456 -0.010428571712086382 0.05681989768169886	-0.010428571712133142 0.6221764882982824 0.003870836009511075	-0.056819897681644166 -0.0038708360092572155 0.7441060130181911
0.632892082757541 -0.010428571720463329 0.05681989768112097	-0.010428571720509698 0.6221764882898567 0.0038708360091217822	-0.05681989768106363 -0.0038708360088727245 0.7441060130160702
0.632892082745304 -0.0104285717251438 0.05681989768080478	-0.01042857172519189 0.6221764882850893 0.003870836008886061	-0.0568198976807496 -0.0038708360086361637 0.7441060130149273
0.6328920827431446 -0.010428571725826473 0.056819897680738904	-0.010428571725876242 0.6221764882840537 0.003870836008860741	-0.056819897680683636 -0.0038708360086037036 0.7441060130145315
0.6328920827526197 -0.010428571722113712 0.056819897680991355	-0.010428571722162383 0.6221764882875915 0.0038708360090401323	-0.05681989768093544 -0.0038708360087893953 0.7441060130154338
0.6328920827677815 -0.01042857171646779 0.05681989768139263	-0.010428571716514345 0.62217648829371 0.0038708360093112	-0.05681989768133495 -0.003870836009061851 0.7441060130170087
0.6328920827785622 -0.010428571712542486 0.05681989768166837	-0.010428571712588182 0.6221764882981882 0.003870836009504143	-0.056819897681614745 -0.003870836009256008 0.7441060130181624
0.632892082777605 -0.0104285717130468 0.0568198976816376	-0.010428571713094234 0.6221764882980553 0.0038708360094560704	-0.056819897681583374 -0.003870836009204605 0.7441060130179
0.6328920827652679 -0.010428571717463295 0.05681989768133352	-0.010428571717513213 0.6221764882927756 0.0038708360092348792	-0.05681989768127661 -0.00387083600897916 0.7441060130167875
0.6328920827500965 -0.010428571722969002 0.05681989768094223	-0.010428571723017449 0.6221764882863701 0.0038708360089673155	-0.05681989768089031 -0.00387083600871993 0.7441060130151951
0.632892082742028 -0.010428571726033111 0.05681989768075225	-0.010428571726079186 0.6221764882831986 0.003870836008814056	-0.056819897680694065 -0.0038708360085632845 0.7441060130145503
0.6328920827467422 -0.01042857172450145 0.05681989768086308	-0.010428571724547305 0.6221764882854613 0.0038708360088881982	-0.056819897680803075 -0.0038708360086374266 0.7441060130150481
0.6328920827607596 -0.010428571719330346 0.05681989768119869	-0.010428571719378192 0.6221764882912109 0.003870836009148941	-0.056819897681146286 -0.003870836008899807 0.7441060130162878
0.6328920827744581 -0.010428571714049671 0.05681989768156144	-0.010428571714098896 0.6221764882965543 0.003870836009410114	-0.0568198976815062 -0.0038708360091560395 0.7441060130176413
0.632892082779292 -0.010428571712126035 0.05681989768169016	-0.01042857171217347 0.6221764882982637 0.003870836009514836	-0.05681989768163461 -0.003870836009261483 0.7441060130181271
0.6328920827720241 -0.010428571714814762 0.05681989768149508	-0.010428571714860604 0.6221764882952947 0.0038708360094103847	-0.056819897681439746 -0.0038708360091618474 0.744106013017487
0.6328920827450016 -0.010428571725095204 0.05681989768079804	-0.010428571725142388 0.6221764882847042 0.003870836008895706	-0.05681989768073979 -0.0038708360086433177 0.7441060130148575
0.6328920827431903 -0.010428571725894238 0.056819897680744066	-0.010428571725942536 0.6221764882842017 0.0038708360088539687	-0.056819897680690575 -0.0038708360085988325 0.7441060130145845
0.6328920827530011 -0.010428571722196085 0.05681989768100487	-0.010428571722244488 0.6221764882880911 0.003870836009032444	-0.05681989768094928 -0.0038708360087821025 0.744106013015682
0.6328920827678891 -0.010428571716441584 0.056819897681382805	-0.010428571716490049 0.6221764882938089 0.0038708360093243147	-0.05681989768132361 -0.0038708360090734736 0.7441060130170225
0.6328920827782174 -0.010428571712441409 0.05681989768164916	-0.010428571712488195 0.6221764882977292 0.003870836009522878	-0.05681989768159612 -0.0038708360092764363 0.7441060130179498
0.6328920827773631 -0.010428571712974793 0.056819897681651216	-0.01042857171302125 0.6221764882976843 0.003870836009453045	-0.05681989768159577 -0.0038708360091994215 0.7441060130179742
0.6328920827654597 -0.010428571717577731 0.05681989768134708	-0.010428571717625979 0.6221764882931269 0.003870836009213882	-0.05681989768129021 -0.003870836008959655 0.7441060130168327
0.6328920827504795 -0.010428571723117445 0.05681989768093612	-0.010428571723165983 0.62217648828702 0.003870836008954409	-0.056819897680884135 -0.0038708360087066837 0.744106013015127
0.6328920827422466 -0.010428571726036267 0.05681989768074885	-0.010428571726084378 0.6221764882834375 0.0038708360088135427	-0.05681989768068989 -0.0038708360085608837 0.7441060130145539
0.6328920827464525 -0.010428571724367994 0.056819897680863846	-0.010428571724414675 0.6221764882849634 0.0038708360088947485	-0.056819897680806836 -0.0038708360086465513 0.7441060130149836
0.6328920827603995 -0.010428571719186637 0.0568198976812038	-0.010428571719233871 0.6221764882906513 0.0038708360091533403	-0.0568198976811517 -0.003870836008904255 0.7441060130162602
0.632892082774688 -0.010428571714093924 0.05681989768157317	-0.010428571714141584 0.6221764882967975 0.0038708360093999902	-0.05681989768151474 -0.0038708360091460614 0.7441060130177768
0.632892082779665 -0.010428571712230062 0.05681989768169411	-0.010428571712277374 0.6221764882987955 0.0038708360095051422	-0.05681989768163836 -0.00387083600925181 0.7441060130182213
0.6328920827719899 -0.010428571714826699 0.056819897681485015	-0.010428571714874008 0.6221764882953291 0.0038708360094144093	-0.05681989768143297 -0.0038708360091661426 0.7441060130174016
0.6328920827572355 -0.010428571720413579 0.05681989768110896	-0.010428571720460291 0.6221764882894443 0.003870836009134772	-0.05681989768105089 -0.003870836008885978 0.7441060130159445
0.6328920827429549 -0.010428571725786494 0.05681989768073331	-0.01042857172583521 0.6221764882837751 0.0038708360088698587	-0.0568198976806789 -0.003870836008614681 0.7441060130144739
0.6328920827530236 -0.010428571722202547 0.056819897681000195	-0.010428571722249732 0.6221764882881257 0.0038708360090370444	-0.056819897680941915 -0.0038708360087847116 0.744106013015666
0.632892082768156 -0.010428571716586869 0.05681989768139146	-0.010428571716633066 0.6221764882943022 0.003870836009310895	-0.056819897681334226 -0.003870836009061615 0.7441060130171548
0.6328920827784505 -0.010428571712496733 0.05681989768166065	-0.010428571712543274 0.6221764882980407 0.0038708360095181943	-0.05681989768160829 -0.003870836009271565 0.7441060130181679
0.6328920827771953 -0.010428571712834749 0.0568198976816379	-0.010428571712883453 0.6221764882973374 0.0038708360094766164	-0.05681989768158176 -0.003870836009221515 0.7441060130179236
0.6328920827651945 -0.010428571717427455 0.056819897681328696	-0.010428571717476767 0.6221764882926577 0.003870836009234248	-0.05681989768127353 -0.003870836008982796 0.7441060130166331
0.6328920827505266 -0.010428571723125859 0.056819897680951026	-0.010428571723173269 0.6221764882870637 0.0038708360089450833	-0.05681989768089858 -0.0038708360086956856 0.7441060130152615
0.6328920827425281 -0.010428571726244722 0.05681989768076241	-0.010428571726290144 0.6221764882840481 0.0038708360087851904	-0.05681989768070382 -0.003870836008534363 0.7441060130146335
0.6328920827467024 -0.010428571724518651 0.05681989768085629	-0.01042857172456532 0.6221764882854832 0.0038708360088828414	-0.056819897680799016 -0.003870836008634186 0.7441060130148918
0.6328920827603444 -0.010428571719106427 0.05681989768119669	-0.010428571719156194 0.6221764882904868 0.003870836009161459	-0.05681989768114363 -0.003870836008910826 0.7441060130161832
0.6328920827743496 -0.010428571713922332 0.056819897681574236	-0.010428571713971314 0.6221764882962084 0.0038708360094087124	-0.05681989768151855 -0.0038708360091572677 0.744106013017702
0.6328920827796503 -0.01042857171217621 0.056819897681701675	-0.010428571712222804 0.6221764882987211 0.0038708360095028385	-0.056819897681646726 -0.003870836009249458 0.74410601301826
0.6328920827724032 -0.010428571714966462 0.05681989768149949	-0.010428571715011721 0.6221764882959153 0.0038708360093965416	-0.05681989768144429 -0.0038708360091480876 0.7441060130176004
0.6328920827574288 -0.010428571720501451 0.05681989768111082	-0.010428571720548147 0.6221764882897854 0.003870836009127271	-0.05681989768105219 -0.0038708360088780536 0.7441060130159973
0.6328920827447725 -0.010428571725004623 0.05681989768078578	-0.010428571725053671 0.6221764882843759 0.0038708360089101945	-0.056819897680730286 -0.003870836008657237 0.7441060130147048
