0.6648443378025045
0.6634708964298601
0.6791924406484942
0.6648443130294945
0.663470918366183
0.6791924818689301
0.664844320788059
0.6634709131763071
0.679192470812545
0.6648443597268632
0.6634708830438355
0.679192402489984
0.6648444387011274
0.6634708360953829
0.6791922301707655
0.6648445427235914
0.6634707783194369
0.6791920053129341
0.664844640928151
0.6634707161262408
0.6791918220305799
0.664844719950751
0.6634706633153113
0.679191677052603
0.6648447747137434
0.6634706334753474
0.6791915487550738
0.6648447902640757
0.6634706270974224
0.6791914992216344
0.6648447575123844
0.6634706425513209
0.6791915822749595
0.6648446927229401
0.6634706798619356
0.6791917291005627
0.6648446091346889
0.663470736726945
0.6791918867856312
0.6648445087039764
0.663470799193663
0.6791920800125543
0.6648444069443639
0.6634708546766614
0.6791922973731541
0.6648444404007939
0.6634708355477446
0.6791922309287177
0.6648445462154904
0.6634707771754638
0.6791920078734609
0.6648446416962264
0.6634707157728161
0.6791918214871813
0.6648447165144371
0.66347066458193
0.6791916760291596
0.6648447723075157
0.6634706341291876
0.6791915465114728
0.6648447916760825
0.6634706268520993
0.6791915012127194
0.6648447613361365
0.6634706409974271
0.6791915830472
0.6648446931287465
0.663470679885056
0.6791917304184658
0.6648446060673843
0.6634707377485618
0.679191884494921
0.6648445059608492
0.6634708001292186
0.6791920789649933
0.6648444086598477
0.6634708540329546
0.6791922976619855
0.6648443413694007
0.6634708952380448
0.6791924430352052
0.6648443136555393
0.6634709181955336
0.6791924822660113
0.6648443175671952
0.6634709142535358
0.6791924688194679
0.6648443570920741
0.6634708839144814
0.679192401152981
0.6648447749429149
0.6634706332948217
0.6791915487437817
0.6648447949319556
0.6634706255607226
0.6791915020014231
0.6648447602709259
0.6634706416065725
0.679191583579331
0.6648446896028684
0.6634706809636901
0.6791917278587953
0.6648446046293147
0.6634707382518912
0.6791918838534362
0.6648445088138302
0.6634707991225895
0.679192080356501
0.6648444117635539
0.6634708529821765
0.6791922994728101
0.6648443403816772
0.6634708956494224
0.6791924428208729
0.6648443101381531
0.6634709192365786
0.6791924795379679
0.6648443160850093
0.6634709149376139
0.6791924688799038
0.6648443600672055
0.6634708828121827
0.6791924021347868
0.6648444433206855
0.6634708346272146
0.6791922333099158
0.6648445454894081
0.6634707773098049
0.6791920063538766
0.6648446378492807
0.6634707171555044
0.6791918203759586
0.6648447153612644
0.6634706649434333
0.67919167462573
0.6648446081073046
0.6634707370686648
0.6791918860925734
0.6648445109035457
0.6634707983999069
0.679192081224845
0.6648444093772331
0.6634708538020795
0.6791922985833719
0.6648443371286816
0.6634708966782916
0.6791924401736813
0.6648443100892365
0.6634709194616348
0.679192480735295
0.6648443198241518
0.663470913471994
0.6791924698866645
0.6648443618840003
0.6634708823644285
0.6791924040884265
0.6648444412547607
0.6634708351237874
0.6791922309702834
0.6648445418726221
0.6634707787036206
0.6791920055027271
0.6648446381688142
0.6634707169877093
0.6791918197635817
0.6648447187537658
0.6634706637585586
0.6791916768991656
0.6648447770617016
0.6634706326085698
0.6791915496099352
0.6648447926071972
0.6634706264170691
0.6791915012449603
0.6648447568611102
0.6634706426970355
0.6791915813853173
0.6648446897525995
0.66347068091271
0.6791917277505071
0.6648443139062972
0.6634709180676521
0.6791924818030266
0.6648443202416138
0.6634709134185715
0.6791924708909182
0.6648443588232248
0.6634708832236015
0.679192401495093
0.6648444384924742
0.6634708362724644
0.6791922304307083
0.6648445436209773
0.6634707779489466
0.6791920056379401
0.6648446417058015
0.6634707158445243
0.6791918220429937
0.6648447194023634
0.6634706636033473
0.6791916774097514
0.6648447738536721
0.6634706336388259
0.6791915477210277
0.6648447899160806
0.6634706273881343
0.6791914999155964
0.664844758596634
0.6634706419886491
0.6791915817393481
0.6648446932142328
0.6634706798649193
0.6791917305599547
0.6648446088662592
0.6634707366894086
0.679191885658339
0.6648445075095126
0.6634707996119924
0.6791920800417521
0.6648444069432604
0.6634708545954133
0.679192296456054
0.6648443385544129
0.6634708962990696
0.6791924421066169
0.6648445467130454
0.663470776993718
0.6791920075133073
0.664844640768799
0.663470716195818
0.6791918219324449
0.6648447158395144
0.6634706647637911
0.6791916748911153
0.6648447723887869
0.6634706341675433
0.6791915473659347
0.6648447928975075
0.6634706262617815
0.6791915008199731
0.6648447614645961
0.6634706412083898
0.6791915844673615
0.6648446925240761
0.6634706798740568
0.6791917288856837
0.6648446050108443
0.6634707381764227
0.6791918845853281
0.6648445063587267
0.6634707998778193
0.6791920785468823
0.6648444095768009
0.6634708538379321
0.679192298953718
0.6648443417928878
0.6634708951204495
0.6791924429582957
0.6648443128611526
0.6634709183887789
0.6791924817200934
0.664844316694666
0.663470914645567
0.6791924686529252
0.6648443574184535
0.6634708837428658
0.679192401027406
0.6648444413383536
0.6634708351988154
0.6791922315829387
0.664844794720169
0.6634706257213261
0.6791915027448546
0.6648447594076308
0.6634706417518073
0.6791915821125172
0.6648446888959267
0.6634706812882807
0.6791917279927489
0.664844605346522
0.6634707379219885
0.6791918840115984
0.664844509727303
0.6634707988892214
0.6791920811917722
0.6648444117083125
0.6634708529371302
0.6791922993037262
0.6648443394410999
0.6634708959911116
0.6791924421409663
0.6648443094565369
0.6634709196194115
0.679192479922097
0.6648443168755533
0.6634709144315531
0.6791924683251619
0.6648443608644956
0.663470882653564
0.6791924032400531
0.6648444434738248
0.6634708344608037
0.6791922324945372
0.6648445443082506
0.6634707779075677
0.6791920069101068
0.6648446375023723
0.663470717177042
0.6791918191213864
0.6648447158409324
0.6634706648201639
0.6791916756969527
0.6648447760786653
0.6634706328836919
0.6791915486976499
0.6648445103650632
0.6634707985829871
0.6791920812757004
0.664844408463857
0.6634708541674246
0.6791922977972689
0.6648443367851256
0.6634708968491632
0.6791924407887585
0.6648443111606277
0.6634709189394605
0.6791924801766602
0.6648443203581542
0.6634709133909298
0.6791924710803658
0.6648443616478307
0.6634708822641527
0.6791924029716057
0.6648444400308668
0.6634708357846644
0.6791922315097618
0.664844541921821
0.663470778521092
0.679192004341436
0.6648446389183476
0.6634707168912576
0.6791918211485182
0.664844719646828
0.6634706633954562
0.6791916768734279
0.6648447765241903
0.6634706327838881
0.6791915496435447
0.6648447916350106
0.6634706267387598
0.6791915002138799
0.6648447566612714
0.663470642742909
0.6791915813898591
0.6648446906348128
0.6634706806712989
0.6791917285412934
0.6648446088926229
0.6634707367327972
0.6791918861600427
0.6648443196238571
0.6634709135533094
0.6791924697972374
0.6648443578024816
0.6634708836714891
0.6791924016854503
0.66484443890051
0.6634708360247082
0.6791922298288048
0.6648445445220009
0.6634707778398522
0.6791920070324606
0.664844642191547
0.663470715588826
0.6791918219368238
0.6648447185946009
0.6634706638814798
0.6791916769044396
0.6648447729839048
0.6634706338872011
0.6791915471151823
0.6648447902284593
0.6634706272753057
0.6791914999373717
0.6648447595021363
0.6634706418346799
0.6791915828761584
0.664844693752481
0.663470679471912
0.6791917298801198
0.6648446079184083
0.663470737176235
0.6791918861423043
0.6648445068201446
0.6634707997623076
0.6791920789659142
0.6648444069796116
0.6634708546850723
0.6791922973824043
0.6648443397429378
0.6634708957758411
0.6791924416022318
0.664844314084385
0.6634709180268467
0.6791924828208542
0.6648446398418006
0.6634707164214999
0.6791918208920701
0.6648447152068504
0.6634706649630366
0.6791916749195083
0.6648447731434819
0.6634706339473605
0.67919154736875
0.6648447937069542
0.6634706260413095
0.6791915018692833
0.6648447616233513
0.6634706410279813
0.6791915835316844
0.6648446913529219
0.6634706804981856
0.6791917295687058
0.6648446046704504
0.6634707380978201
0.679191883352549
0.6648445067652778
0.6634707999037186
0.679192079715328
0.6648444107075124
0.6634708532691154
0.6791922984472044
0.6648443415531056
0.6634708953262847
0.6791924438383926
0.6648443120023535
0.6634709186037062
0.6791924805849683
0.6648443160395628
0.6634709148084432
0.6791924685323553
0.6648443580978127
0.6634708835665427
0.6791924012829825
0.6648444422734556
0.6634708349614044
0.6791922325003426
0.6648445466631849
0.6634707770171435
0.6791920074980617
0.6648447582292416
0.6634706422835146
0.6791915826424834
0.6648446889307635
0.6634706811420357
0.6791917270064902
0.6648446060908106
0.6634707377522061
0.6791918850942522
0.6648445105915547
0.6634707984688145
0.6791920809177705
0.6648444111008436
0.6634708533153478
0.6791922997697943
0.6648443385116447
0.6634708961461533
0.6791924409935026
0.6648443092507916
0.6634709196860138
0.6791924798803688
0.6648443177543006
0.663470914209709
0.6791924691843589
0.6648443616523705
0.6634708823522726
0.6791924035086849
0.6648444428926112
0.6634708347620519
0.679192232604608
0.664844543441459
0.6634707780175185
0.6791920055307926
0.6648446371697903
0.6634707174346
0.679191819933566
0.6648447169297247
0.6634706643113548
0.6791916753142795
0.6648447766330816
0.6634706327510107
0.6791915497110977
0.6648447944680898
0.663470625822672
0.679191501816099
0.6648444075877069
0.6634708544179506
0.6791922971144861
0.6648443370801091
0.6634708967697067
0.6791924408269248
0.6648443121087204
0.663470918639236
0.6791924813454102
0.6648443208448065
0.6634709131925676
0.6791924707766159
0.664844360676021
0.6634708826686369
0.6791924030764895
0.6648444393386281
0.6634708358878187
0.6791922302372473
0.6648445419556501
0.6634707786871743
0.6791920055599959
0.6648446401603776
0.6634707161837443
0.6791918204298958
0.6648447198158808
0.6634706635235446
0.6791916779749847
0.6648447759332325
0.6634706329259503
0.6791915485821025
0.6648447906235168
0.6634706272109783
0.6791915006233604
0.6648447570733338
0.6634706425514868
0.6791915808285278
0.6648446915837911
0.6634706803144593
0.6791917293796069
0.6648446093216718
0.663470736603968
0.6791918862457357
0.6648445095433035
0.663470798879073
0.6791920809109717
0.6648443573934177
0.6634708837946071
0.6791924007427725
0.6648444393172721
0.6634708359542731
0.6791922309765963
0.6648445456668911
0.6634707772398923
0.6791920064245698
0.6648446419740519
0.6634707158011164
0.6791918227748576
0.6648447177603534
0.663470664063832
0.6791916758674186
0.6648447722933482
0.6634706343137194
0.679191547445124
0.6648447909636342
0.6634706269194793
0.6791914997622652
0.6648447604496089
0.6634706415075273
0.6791915835692672
0.6648446936958923
0.6634706795567138
0.679191730075418
0.664844607011494
0.6634707373628346
0.6791918850349021
0.6648445061378823
0.6634708001048828
0.6791920790174086
0.664844407762758
0.6634708543341379
0.6791922972793587
0.6648443405565572
0.6634708956435006
0.679192443059123
0.6648443142193504
0.6634709178595706
0.6791924818834228
0.6648443184450665
0.663470913998226
0.6791924699923383
0.6648447150016729
0.6634706650621026
0.67919167487548
0.6648447740396217
0.6634706336076165
0.6791915478333104
0.6648447944765266
0.663470625857435
0.6791915023299108
0.6648447611071381
0.6634706411764832
0.6791915835589581
0.6648446904782614
0.6634706806543835
0.6791917281245877
0.6648446043335781
0.6634707383565571
0.6791918840115327
0.6648445078760798
0.663470799451229
0.6791920795887313
0.664844411244079
0.6634708532874691
0.679192299856795
0.6648443413395382
0.6634708951366289
0.6791924423779834
0.6648443107880817
0.6634709192158453
0.6791924811345125
0.664844316029486
0.6634709147484079
0.6791924677506576
0.6648443588191248
0.6634708833202523
0.6791924022303657
0.6648444431167411
0.6634708345961362
0.6791922321806497
0.6648445461090249
0.663470777228145
0.6791920078206682
0.6648446388889369
0.6634707167552168
0.6791918202291506
0.6648446890117075
0.663470681215732
0.6791917280934558
0.6648446073071788
0.6634707373103254
0.6791918849528167
0.6648445107845203
0.6634707985117166
0.6791920818848292
0.6648444105395953
0.6634708533660043
0.679192298443079
0.6648443374850135
0.6634708967062395
0.6791924415988738
0.6648443096593234
0.6634709193513313
0.6791924791910406
0.6648443186368672
0.663470914002483
0.6791924700646241
0.6648443620856063
0.6634708821578944
0.6791924033834995
0.6648444420740424
0.6634708350296608
0.6791922324214457
0.6648445425532961
0.6634707783621419
0.6791920051958884
0.6648446374955044
0.663470717208321
0.6791918196292008
0.6648447178173722
0.6634706641834106
0.6791916765836862
0.664844777128692
0.6634706325111555
0.6791915494512014
0.6648447935283306
0.6634706261455026
0.6791915018236216
0.6648447575400623
0.6634706423938529
0.6791915811932496