0.666210496059096
0.6633153858991566
0.6850591757226789
0.6662104960049525
0.6633153861429648
0.6850591758996848
0.6662104960112281
0.663315386278928
0.6850591759769267
0.6662104960390545
0.6633153861635361
0.6850591758909825
0.6662104960491965
0.6633153859272956
0.6850591757472724
0.6662104960730209
0.6633153857495033
0.6850591756241196
0.6662104961212606
0.6633153856248384
0.685059175512494
0.6662104961540591
0.663315385401868
0.6850591753541303
0.6662104961709395
0.6633153851100477
0.68505917517133
0.6662104962017373
0.6633153849546651
0.6850591750629911
0.6662104962228905
0.663315384978723
0.6850591750606138
0.6662104961882391
0.6633153851234401
0.6850591751657948
0.6662104961317188
0.6633153853186969
0.6850591753177047
0.6662104961217772
0.6633153855103386
0.6850591754456308
0.66621049610943
0.6633153856990706
0.6850591755688487
0.6662104960356064
0.6633153859952248
0.6850591757958248
0.6662104960528373
0.6633153858743053
0.685059175707883
0.6662104961268543
0.6633153856133506
0.6850591754993853
0.6662104961687306
0.6633153852996992
0.6850591752865305
0.6662104961761093
0.6633153850646987
0.6850591751484806
0.6662104961967116
0.663315384995311
0.6850591750880143
0.666210496214733
0.6633153850627713
0.6850591751091939
0.6662104961817784
0.6633153851500024
0.6850591751834062
0.6662104961424987
0.6633153852484842
0.6850591752783636
0.6662104961352304
0.6633153854222249
0.6850591753865769
0.6662104961112656
0.6633153857145159
0.6850591755733297
0.6662104960336315
0.6633153860325834
0.6850591758126576
0.6662104959985546
0.6633153861809586
0.6850591759287725
0.6662104960308672
0.6633153861576012
0.685059175894184
0.6662104960531332
0.6633153860714258
0.6850591758289193
0.6662104961687481
0.6633153851265157
0.6850591751837276
0.6662104961873277
0.6633153850749616
0.6850591751359898
0.6662104962110105
0.6633153850599879
0.6850591751111089
0.6662104961980334
0.6633153850565041
0.6850591751261761
0.6662104961573092
0.6633153851737423
0.685059175223673
0.6662104961237286
0.6633153855023866
0.6850591754369726
0.6662104960874353
0.6633153858411918
0.6850591756606271
0.6662104960414652
0.663315385999363
0.6850591757910283
0.6662104960205164
0.6633153860476796
0.6850591758379998
0.6662104960340125
0.6633153861190912
0.6850591758702349
0.6662104960329959
0.6633153861835506
0.6850591759074307
0.6662104960240967
0.6633153860775252
0.6850591758474385
0.666210496064617
0.6633153858176416
0.6850591756662305
0.6662104961337734
0.6633153855293599
0.685059175448936
0.6662104961734707
0.6633153852736502
0.6850591752739064
0.666210496134125
0.6633153853047525
0.6850591753116639
0.6662104961114148
0.6633153855803466
0.6850591754905819
0.6662104961051447
0.663315385753849
0.6850591756004374
0.6662104960609865
0.6633153858798115
0.6850591757104492
0.6662104960112358
0.6633153860746996
0.6850591758596118
0.6662104960159811
0.6633153862397657
0.6850591759515003
0.6662104960319175
0.6633153862106683
0.6850591759190127
0.6662104960337
0.6633153860089249
0.6850591758026534
0.6662104960687723
0.6633153857450476
0.6850591756250312
0.6662104961380924
0.663315385525321
0.6850591754467041
0.6662104961620898
0.6633153853551933
0.6850591753212871
0.6662104961583718
0.6633153851911093
0.6850591752261447
0.6662104961877517
0.6633153850405
0.6850591751192789
0.6662104962344515
0.6633153849416965
0.6850591750326978
0.6662104962045889
0.6633153850313823
0.6850591751041535
0.6662104960033362
0.6633153861659771
0.6850591759164257
0.6662104960184574
0.6633153862332473
0.6850591759420656
0.6662104960392561
0.6633153861378898
0.6850591758762216
0.6662104960392581
0.6633153859452887
0.6850591757653979
0.6662104960700045
0.663315385771805
0.6850591756396068
0.6662104961235349
0.6633153856158224
0.6850591755015785
0.6662104961506036
0.6633153854012639
0.6850591753560591
0.6662104961687362
0.6633153851096765
0.6850591751764301
0.6662104962120219
0.6633153849242204
0.6850591750384848
0.6662104962255619
0.6633153849902759
0.6850591750629627
0.6662104961792716
0.6633153851693863
0.6850591751979467
0.6662104961351039
0.6633153853212215
0.6850591753221114
0.6662104961341044
0.6633153854583606
0.685059175406467
0.6662104961164239
0.6633153856767752
0.685059175550832
0.6662104960429346
0.6633153859618828
0.6850591757686944
0.6662104960514466
0.663315385868848
0.685059175702857
0.6662104961163223
0.6633153856247811
0.685059175513409
0.6662104961733277
0.663315385272367
0.685059175270481
0.6662104961822295
0.6633153850422934
0.6850591751286789
0.666210496191196
0.6633153850301069
0.6850591751104156
0.6662104962052686
0.6633153851011541
0.6850591751379209
0.6662104961921242
0.6633153851247728
0.6850591751662325
0.6662104961566535
0.6633153851912117
0.6850591752342491
0.6662104961326654
0.6633153854453899
0.6850591754026656
0.666210496099379
0.6633153857749535
0.6850591756159362
0.6662104960432443
0.6633153860193377
0.6850591758000417
0.6662104960045823
0.6633153861424905
0.6850591759001264
0.6662104960276392
0.6633153861503421
0.6850591758937172
0.6662104960454354
0.6633153860955724
0.685059175848992
0.666210496036988
0.6633153859995573
0.6850591757957935
0.6662104961798127
0.6633153850946998
0.6850591751527603
0.6662104962274779
0.663315385002461
0.6850591750697064
0.6662104962035929
0.663315385026144
0.6850591751027333
0.6662104961469355
0.6633153852286963
0.6850591752638179
0.6662104961222791
0.663315385531851
0.6850591754550819
0.6662104961003739
0.663315385813659
0.6850591756365704
0.6662104960452853
0.6633153859731956
0.6850591757726192
0.6662104960160228
0.6633153860576629
0.6850591758489493
0.6662104960339513
0.6633153861351657
0.6850591758804989
0.6662104960372739
0.6633153861778448
0.6850591758985256
0.6662104960162252
0.6633153860932948
0.6850591758610342
0.6662104960576107
0.6633153858132683
0.6850591756692197
0.6662104961435482
0.6633153854866771
0.6850591754195059
0.6662104961708533
0.663315385275848
0.6850591752724745
0.6662104961573173
0.6633153851726563
0.6850591752178572
0.6662104961215454
0.6633153855507428
0.6850591754670207
0.6662104961053428
0.6633153857432241
0.6850591755953459
0.6662104960578623
0.6633153858975216
0.6850591757240377
0.6662104960207703
0.6633153860720213
0.6850591758525977
0.66621049601566
0.6633153862509178
0.685059175955975
0.6662104960237953
0.663315386231732
0.6850591759381466
0.6662104960365725
0.6633153859771468
0.6850591757827083
0.6662104960786592
0.663315385711648
0.6850591756000802
0.666210496128292
0.6633153855514118
0.6850591754640575
0.6662104961479153
0.6633153854049747
0.6850591753598794
0.6662104961587821
0.6633153851734885
0.6850591752152108
0.6662104962033235
0.6633153849736934
0.6850591750719841
0.6662104962260816
0.6633153849560713
0.6850591750447551
0.6662104961944516
0.6633153850818909
0.6850591751406739
0.6662104961395985
0.663315385306572
0.6850591753086805
0.6662104960181302
0.6633153862323262
0.6850591759448158
0.6662104960494546
0.663315386094034
0.6850591758438656
0.6662104960469875
0.6633153859319056
0.6850591757533224
0.6662104960549919
0.6633153858220777
0.6850591756756697
0.6662104961139947
0.6633153856491911
0.6850591755279836
0.6662104961613713
0.66331538534445
0.6850591753154369
0.6662104961742579
0.6633153850717659
0.6850591751517712
0.6662104961963139
0.6633153849638651
0.6850591750706777
0.6662104962194964
0.6633153850196523
0.6850591750831356
0.6662104961864312
0.663315385154946
0.6850591751841622
0.6662104961388859
0.6633153852955602
0.6850591753047426
0.6662104961294
0.6633153854650274
0.6850591754154177
0.6662104961190469
0.6633153856797892
0.6850591755505013
0.6662104960542096
0.6633153859584854
0.685059175760016
0.6662104959955917
0.6633153862000484
0.6850591759398617
0.6662104961306174
0.6633153855616114
0.6850591754682005
0.6662104961681495
0.6633153852736456
0.6850591752754567
0.6662104961687217
0.6633153850810755
0.6850591751586221
0.6662104961890554
0.6633153850418658
0.6850591751164252
0.666210496212035
0.6633153850761198
0.6850591751195227
0.6662104961863455
0.6633153851155922
0.6850591751641804
0.6662104961520945
0.6633153851963409
0.6850591752411641
0.6662104961397765
0.6633153854313265
0.6850591753881691
0.666210496102046
0.6633153857956657
0.6850591756277518
0.6662104960332601
0.6633153860510188
0.6850591758240074
0.6662104960124594
0.6633153861154736
0.6850591758819948
0.6662104960407345
0.6633153861087947
0.6850591758608828
0.6662104960478181
0.663315386110116
0.6850591758572002
0.6662104960204296
0.6633153860644675
0.6850591758420077
0.6662104960549626
0.6633153858600626
0.6850591756959384
0.6662104962154518
0.6633153850076239
0.6850591750797607
0.6662104962058917
0.6633153850091745
0.6850591750914208
0.6662104961499818
0.6633153852245717
0.6850591752566587
0.6662104961153357
0.6633153855711142
0.6850591754842419
0.6662104960930483
0.6633153858224143
0.6850591756456366
0.6662104960573871
0.6633153859290326
0.6850591757407059
0.6662104960270849
0.6633153860281884
0.6850591758244624
0.6662104960266257
0.6633153861854525
0.6850591759157127
0.6662104960277206
0.6633153862241346
0.6850591759301325
0.6662104960311029
0.6633153860474179
0.6850591758249496
0.6662104960673536
0.6633153857762092
0.6850591756436184
0.6662104961346769
0.6633153855091052
0.6850591754389803
0.6662104961638865
0.663315385306676
0.6850591752936677
0.6662104961599731
0.6633153851676565
0.6850591752105175
0.6662104961830831
0.663315385074321
0.6850591751408106
0.666210496118758
0.6633153856880886
0.6850591755554359
0.6662104960593884
0.6633153859003835
0.68505917572555
0.6662104960063843
0.6633153861398824
0.6850591759011563
0.6662104960183161
0.6633153862523578
0.6850591759534702
0.6662104960391535
0.6633153861817493
0.6850591758999331
0.6662104960406814
0.6633153859675209
0.6850591757784978
0.6662104960706315
0.663315385741592
0.685059175621977
0.6662104961295491
0.6633153855693878
0.6850591754725155
0.6662104961538975
0.6633153853903986
0.6850591753462648
0.6662104961562939
0.6633153851733739
0.6850591752201056
0.6662104961957049
0.6633153849674718
0.6850591750712036
0.666210496233557
0.6633153849289939
0.6850591750234537
0.6662104961888694
0.6633153851057281
0.6850591751562704
0.6662104961290956
0.6633153853418702
0.6850591753376254
0.6662104961183408
0.6633153855342702
0.6850591754577289
0.6662104960492041
0.6633153861009979
0.6850591758525975
0.6662104960409674
0.6633153859617484
0.6850591757718621
0.6662104960642108
0.6633153858211145
0.6850591756684699
0.6662104961167602
0.663315385647137
0.6850591755257573
0.6662104961580646
0.6633153853509314
0.6850591753252888
0.6662104961771305
0.6633153850423104
0.6850591751297519
0.6662104962022855
0.6633153849559403
0.685059175061592
0.6662104962092785
0.6633153850613771
0.685059175113971
0.6662104961771831
0.6633153851752707
0.6850591752029801
0.6662104961425843
0.663315385252293
0.6850591752748814
0.6662104961391907
0.6633153854183838
0.6850591753823898
0.6662104961077999
0.6633153857243486
0.6850591755851105
0.6662104960420029
0.6633153860048593
0.6850591757926155
0.6662104960053724
0.6633153861685233
0.685059175913522
0.6662104960265081
0.6633153861979094
0.6850591759206827
0.6662104961768396
0.6633153852413397
0.6850591752478943
0.6662104961703811
0.6633153851009869
0.685059175169807
0.6662104961789481
0.6633153850877533
0.6850591751508167
0.6662104962087602
0.6633153850731225
0.6850591751193378
0.6662104961980808
0.6633153850513626
0.685059175118037
0.6662104961514811
0.6633153851891167
0.6850591752382753
0.6662104961238399
0.6633153854915576
0.6850591754343118
0.666210496096975
0.6633153858041398
0.6850591756314486
0.6662104960422901
0.6633153860126624
0.6850591757956322
0.6662104960131098
0.663315386096112
0.685059175872327
0.666210496036227
0.6633153861275911
0.6850591758776009
0.6662104960461066
0.6633153861246401
0.6850591758623481
0.66621049603029
0.6633153860590377
0.6850591758335174
0.6662104960511974
0.6633153858770284
0.6850591757103714
0.6662104961340192
0.6633153855467098
0.6850591754598254
0.6662104961957377
0.6633153850453177
0.685059175120692
0.6662104961403916
0.6633153852667234
0.6850591752875481
0.6662104961151182
0.6633153855567047
0.6850591754702355
0.6662104960991944
0.6633153857877268
0.6850591756231785
0.666210496051201
0.6633153859262683
0.6850591757452861
0.666210496021884
0.6633153860456202
0.6850591758382304
0.6662104960284534
0.6633153861818808
0.6850591759070063
0.6662104960288578
0.6633153862373423
0.6850591759394246
0.6662104960262615
0.66331538605787
0.6850591758368298
0.6662104960767483
0.6633153857384795
0.6850591756157398
0.6662104961419765
0.6633153854949752
0.6850591754233575
0.6662104961611395
0.6633153853469951
0.685059175320933
0.6662104961527351
0.663315385207605
0.6850591752404556
0.6662104961904483
0.6633153850358755
0.6850591751117143
0.6662104962284541
0.6633153849536941
0.6850591750406047