0.6727519575892679
0.6679190665963939
0.668102812823954
0.6727519575892733
0.6679190665964001
0.6681028128239397
0.6727519575892835
0.6679190665964043
0.6681028128239398
0.6727519575892882
0.667919066596385
0.6681028128239366
0.6727519575892813
0.6679190665963841
0.6681028128239404
0.6727519575892805
0.667919066596389
0.6681028128239356
0.6727519575892786
0.6679190665963917
0.6681028128239471
0.672751957589274
0.6679190665963994
0.6681028128239649
0.6727519575892745
0.6679190665964034
0.668102812823959
0.6727519575892718
0.667919066596397
0.6681028128239395
0.672751957589271
0.6679190665963857
0.6681028128239301
0.6727519575892793
0.6679190665963882
0.6681028128239439
0.6727519575892804
0.667919066596387
0.6681028128239315
0.6727519575892797
0.6679190665963913
0.6681028128239168
0.6727519575892709
0.6679190665964005
0.6681028128239404
0.6727519575892721
0.6679190665963841
0.6681028128239108
0.6727519575892713
0.6679190665963965
0.6681028128239397
0.6727519575892751
0.6679190665964058
0.6681028128239601
0.6727519575892732
0.6679190665963968
0.6681028128239579
0.6727519575892813
0.6679190665963868
0.668102812823935
0.6727519575892884
0.6679190665963843
0.6681028128239266
0.6727519575892815
0.6679190665963829
0.6681028128239374
0.6727519575892839
0.6679190665963913
0.6681028128239392
0.6727519575892795
0.6679190665964032
0.6681028128239359
0.6727519575892711
0.667919066596399
0.6681028128239362
0.6727519575892702
0.6679190665963921
0.6681028128239553
0.6727519575892715
0.6679190665963954
0.6681028128239493
0.6727519575892776
0.6679190665963888
0.6681028128239264
0.6727519575892812
0.6679190665963873
0.6681028128239286
0.6727519575892823
0.6679190665963903
0.6681028128239326
0.6727519575892842
0.6679190665963765
0.668102812823901
0.672751957589275
0.6679190665963846
0.6681028128239166
0.6727519575892642
0.667919066596399
0.6681028128239441
0.6727519575892675
0.6679190665963978
0.6681028128239468
0.6727519575892729
0.6679190665963974
0.6681028128239527
0.672751957589276
0.6679190665963888
0.6681028128239457
0.6727519575892849
0.6679190665963817
0.6681028128239335
0.6727519575892831
0.6679190665963823
0.6681028128239201
0.6727519575892755
0.6679190665963919
0.6681028128239211
0.6727519575892777
0.6679190665963933
0.6681028128239463
0.6727519575892724
0.667919066596395
0.6681028128239357
0.6727519575892661
0.6679190665963948
0.6681028128239227
0.6727519575892706
0.6679190665963908
0.6681028128239503
0.6727519575892791
0.6679190665963932
0.6681028128239634
0.6727519575892812
0.6679190665963906
0.6681028128239266
0.6727519575892849
0.6679190665963851
0.6681028128239389
0.6727519575892804
0.667919066596382
0.6681028128239166
0.6727519575892748
0.6679190665963862
0.6681028128239038
0.6727519575892691
0.6679190665963867
0.6681028128239324
0.6727519575892671
0.6679190665963994
0.6681028128239648
0.6727519575892769
0.6679190665964035
0.6681028128239604
0.6727519575892793
0.6679190665963928
0.668102812823934
0.6727519575892744
0.6679190665963859
0.6681028128239215
0.6727519575892766
0.6679190665963814
0.6681028128239523
0.6727519575892806
0.6679190665963921
0.6681028128239531
0.6727519575892803
0.6679190665963965
0.6681028128239256
0.6727519575892746
0.6679190665963958
0.6681028128239266
0.6727519575892686
0.6679190665963909
0.6681028128239466
0.6727519575892693
0.6679190665964002
0.6681028128239619
0.6727519575892804
0.6679190665964079
0.6681028128239673
0.6727519575892803
0.6679190665964011
0.6681028128239819
0.6727519575892841
0.6679190665963955
0.6681028128239397
0.6727519575892834
0.66791906659639
0.6681028128239073
0.6727519575892768
0.6679190665963797
0.6681028128239139
0.6727519575892735
0.6679190665963951
0.6681028128239482
0.6727519575892776
0.6679190665964103
0.6681028128239528
0.6727519575892771
0.6679190665964065
0.6681028128239477
0.6727519575892768
0.6679190665963955
0.6681028128239505
0.6727519575892748
0.6679190665963949
0.6681028128239455
0.6727519575892762
0.6679190665963997
0.6681028128239481
0.6727519575892855
0.6679190665964033
0.6681028128239517
0.6727519575892853
0.6679190665963952
0.6681028128239267
0.6727519575892773
0.6679190665963886
0.6681028128239013
0.6727519575892738
0.667919066596398
0.6681028128239377
0.6727519575892746
0.6679190665964089
0.6681028128239843
0.6727519575892731
0.6679190665964004
0.6681028128239813
0.6727519575892813
0.6679190665964005
0.6681028128239868
0.6727519575892793
0.6679190665963954
0.6681028128239563
0.6727519575892809
0.6679190665963814
0.6681028128239144
0.6727519575892785
0.6679190665963842
0.6681028128239019
0.6727519575892754
0.6679190665963937
0.6681028128239259
0.6727519575892793
0.6679190665963985
0.6681028128239612
0.6727519575892755
0.6679190665963997
0.6681028128239465
0.6727519575892664
0.6679190665963917
0.6681028128239158
0.6727519575892691
0.6679190665963897
0.6681028128239496
0.6727519575892769
0.6679190665963941
0.6681028128239721
0.6727519575892771
0.6679190665963926
0.6681028128239312
0.6727519575892789
0.6679190665963833
0.6681028128239028
0.6727519575892751
0.6679190665963799
0.668102812823913
0.6727519575892695
0.6679190665963919
0.6681028128239515
0.6727519575892793
0.6679190665963917
0.6681028128239358
0.6727519575892806
0.6679190665964014
0.6681028128239905
0.672751957589281
0.6679190665964065
0.6681028128239855
0.672751957589277
0.6679190665963924
0.6681028128239327
0.672751957589272
0.6679190665963829
0.6681028128238954
0.6727519575892779
0.6679190665963862
0.6681028128239189
0.6727519575892806
0.6679190665963937
0.6681028128239503
0.672751957589278
0.6679190665963963
0.6681028128239321
0.6727519575892712
0.6679190665963894
0.6681028128239186
0.6727519575892678
0.6679190665963839
0.6681028128239264
0.6727519575892699
0.6679190665963947
0.6681028128239417
0.6727519575892842
0.6679190665963985
0.6681028128239666
0.6727519575892833
0.6679190665963911
0.6681028128239537
0.6727519575892817
0.6679190665963844
0.6681028128239206
0.6727519575892816
0.6679190665963872
0.6681028128239023
0.6727519575892824
0.667919066596382
0.6681028128239128
0.6727519575892831
0.6679190665963886
0.6681028128239449
0.6727519575892827
0.6679190665963999
0.6681028128239691
0.6727519575892706
0.6679190665963997
0.6681028128239574
0.6727519575892693
0.667919066596387
0.6681028128239327
0.67275195758927
0.6679190665963863
0.6681028128239075
0.6727519575892764
0.6679190665963928
0.6681028128239195
0.6727519575892796
0.6679190665963937
0.6681028128239526
0.672751957589279
0.6679190665963916
0.6681028128239352
0.6727519575892722
0.667919066596384
0.668102812823901
0.6727519575892762
0.6679190665963888
0.6681028128239195
0.6727519575892795
0.6679190665964029
0.6681028128239747
0.6727519575892812
0.6679190665964032
0.6681028128239932
0.6727519575892795
0.6679190665963953
0.6681028128239481
0.6727519575892833
0.6679190665963888
0.6681028128239073
0.6727519575892781
0.6679190665963809
0.6681028128239164
0.6727519575892786
0.6679190665963812
0.6681028128238959
0.6727519575892744
0.6679190665963888
0.6681028128239247
0.6727519575892763
0.6679190665963973
0.6681028128239819
0.6727519575892724
0.6679190665963943
0.6681028128239636
0.6727519575892678
0.6679190665963926
0.6681028128239177
0.6727519575892722
0.6679190665963951
0.6681028128239324
0.6727519575892775
0.6679190665963959
0.6681028128239523
0.6727519575892753
0.6679190665963971
0.6681028128239359
0.672751957589282
0.6679190665963899
0.668102812823915
0.6727519575892809
0.6679190665963814
0.6681028128239123
0.6727519575892773
0.6679190665963918
0.6681028128239437
0.6727519575892787
0.6679190665963981
0.6681028128239783
0.6727519575892726
0.6679190665964014
0.6681028128239865
0.6727519575892712
0.6679190665963958
0.6681028128239634
0.672751957589277
0.6679190665964015
0.6681028128239486
0.6727519575892764
0.6679190665963888
0.668102812823899
0.6727519575892815
0.6679190665963899
0.6681028128239118
0.6727519575892826
0.6679190665964002
0.6681028128239459
0.6727519575892804
0.6679190665964042
0.6681028128239589
0.6727519575892786
0.6679190665963998
0.6681028128239577
0.6727519575892766
0.6679190665963939
0.6681028128239436
0.6727519575892724
0.6679190665964013
0.6681028128239331
0.6727519575892775
0.6679190665964108
0.6681028128239526
0.6727519575892769
0.6679190665963984
0.6681028128239607
0.6727519575892797
0.6679190665963826
0.6681028128239243
0.6727519575892821
0.6679190665963891
0.6681028128239038
0.6727519575892803
0.6679190665963928
0.6681028128239277
0.6727519575892773
0.6679190665963994
0.6681028128239765
0.672751957589276
0.6679190665964101
0.6681028128239921
0.6727519575892731
0.667919066596404
0.6681028128239751
0.6727519575892706
0.6679190665963946
0.6681028128239546
0.6727519575892702
0.6679190665963921
0.6681028128239153
0.6727519575892762
0.6679190665963917
0.6681028128239103
0.6727519575892806
0.6679190665963926
0.6681028128239546
0.6727519575892815
0.6679190665963877
0.6681028128239687
0.6727519575892748
0.6679190665963853
0.668102812823927
0.6727519575892759
0.66791906659639
0.6681028128239237
0.6727519575892748
0.6679190665964014
0.6681028128239512
0.6727519575892701
0.6679190665964008
0.66810281282397
0.6727519575892731
0.667919066596389
0.6681028128239457
0.6727519575892773
0.6679190665963887
0.6681028128239108
0.6727519575892789
0.6679190665963808
0.6681028128239097
0.672751957589282
0.6679190665963819
0.6681028128239264
0.6727519575892809
0.6679190665964061
0.668102812823965
0.6727519575892824
0.6679190665963943
0.6681028128239729
0.6727519575892744
0.6679190665963963
0.6681028128239657
0.672751957589265
0.6679190665963943
0.6681028128239228
0.6727519575892676
0.6679190665963899
0.6681028128239208
0.6727519575892764
0.6679190665963912
0.6681028128239387
0.6727519575892783
0.6679190665963952
0.6681028128239299
0.6727519575892861
0.6679190665963856
0.6681028128239308
0.6727519575892826
0.667919066596381
0.6681028128239324
0.6727519575892726
0.6679190665963873
0.6681028128239344
0.6727519575892729
0.6679190665963957
0.6681028128239475
0.6727519575892704
0.6679190665963985
0.6681028128239553
0.6727519575892691
0.6679190665964028
0.6681028128239573
0.6727519575892753
0.6679190665963866
0.6681028128239221
0.6727519575892811
0.6679190665963741
0.6681028128238922
0.6727519575892795
0.6679190665963857
0.6681028128239174
0.6727519575892822
0.667919066596387
0.6681028128239266
0.6727519575892822
0.6679190665963928
0.6681028128239387
0.6727519575892731
0.6679190665963985
0.6681028128239596
0.6727519575892671
0.6679190665963899
0.6681028128239495
0.6727519575892689
0.6679190665963969
0.6681028128239269
0.6727519575892813
0.6679190665964028
0.668102812823937
0.6727519575892871
0.6679190665963939
0.6681028128239477
0.6727519575892813
0.6679190665963843
0.6681028128239448
0.6727519575892849
0.6679190665963831
0.6681028128239213
0.6727519575892791
0.6679190665963844
0.6681028128239239
0.6727519575892738
0.6679190665963959
0.668102812823955
0.6727519575892782
0.6679190665964081
0.6681028128239686
0.6727519575892738
0.6679190665964007
0.668102812823952
0.6727519575892696
0.6679190665963843
0.6681028128239086
0.6727519575892794
0.6679190665963854
0.6681028128239173
0.672751957589278
0.6679190665963883
0.6681028128239059
0.672751957589282
0.6679190665963894
0.6681028128239338
0.672751957589282
0.6679190665963923
0.6681028128239582
0.672751957589271
0.6679190665963868
0.6681028128239361
0.6727519575892698
0.6679190665963955
0.6681028128239339
0.6727519575892753
0.6679190665964021
0.6681028128239529
0.6727519575892766
0.6679190665964
0.6681028128239672
0.6727519575892809
0.6679190665963939
0.6681028128239569
0.67275195758928
0.66791906659639
0.6681028128239389
0.6727519575892804
0.6679190665963831
0.6681028128239309
0.6727519575892856
0.6679190665963814
0.6681028128239255
0.6727519575892853
0.6679190665964037
0.6681028128239392
0.6727519575892738
0.667919066596403
0.6681028128239531
0.6727519575892685
0.6679190665963961
0.6681028128239601
0.6727519575892673
0.667919066596397
0.668102812823929
0.672751957589266
0.6679190665963969
0.6681028128239321
0.67275195758928
0.667919066596391
0.6681028128239428
0.6727519575892842
0.6679190665963919
0.6681028128239261
0.672751957589285
0.6679190665963861
0.6681028128239266
0.6727519575892781
0.6679190665963888
0.6681028128239368
0.6727519575892731
0.6679190665963985
0.6681028128239442
0.6727519575892775
0.6679190665964044
0.6681028128239512
0.6727519575892775
0.6679190665964049
0.6681028128239578
0.6727519575892741
0.6679190665964018
0.6681028128239541
0.6727519575892791
0.6679190665963874
0.6681028128239366
0.6727519575892845
0.6679190665963841
0.6681028128239153
0.6727519575892832
0.6679190665963894
0.6681028128239168
0.6727519575892817
0.6679190665963934
0.6681028128239509
0.6727519575892685
0.6679190665963999
0.6681028128239446
0.6727519575892565
0.6679190665964069
0.6681028128239305