0.6708067399634485
0.6662484314252324
0.6812683896071505
0.6708067399951922
0.6662484313930744
0.6812683895806976
0.6708067400289348
0.6662484313641435
0.6812683895641565
0.6708067400191016
0.666248431380609
0.6812683895830554
0.6708067399809072
0.6662484314234938
0.6812683896171075
0.6708067399684738
0.6662484314363544
0.6812683896241296
0.6708067399990605
0.6662484314012964
0.6812683895945874
0.670806740029315
0.6662484313636896
0.6812683895639422
0.6708067400154231
0.6662484313710733
0.681268389568841
0.6708067399760329
0.6662484314108228
0.6812683895982841
0.6708067399655959
0.6662484314285135
0.6812683896133078
0.6708067399998809
0.6662484314031156
0.6812683895978077
0.6708067400331195
0.6662484313736254
0.6812683895791836
0.6708067400202142
0.6662484313830065
0.6812683895865005
0.670806739978082
0.6662484314170616
0.6812683896076744
0.6708067399742266
0.6662484314276138
0.6812683896140261
0.6708067399766364
0.6662484314184716
0.6812683896001183
0.6708067400079175
0.6662484313814223
0.6812683895763647
0.670806740023989
0.6662484313653859
0.6812683895715924
0.6708067400026783
0.6662484313934478
0.6812683895938556
0.6708067399747393
0.6662484314305713
0.681268389617677
0.6708067399803492
0.6662484314296013
0.6812683896160092
0.6708067400124209
0.6662484313938597
0.6812683895933477
0.6708067400255968
0.6662484313707386
0.6812683895789307
0.6708067400007831
0.6662484313881838
0.6812683895863358
0.6708067399708535
0.6662484314181993
0.6812683896007182
0.6708067399768187
0.6662484314178967
0.6812683895999168
0.6708067400112863
0.6662484313895248
0.6812683895879941
0.6708067400284821
0.6662484313766148
0.6812683895875846
0.6708067400056308
0.6662484314001245
0.6812683896039842
0.6708067400000839
0.6662484314082572
0.6812683896031582
0.6708067399732844
0.6662484314320766
0.6812683896161351
0.6708067399823012
0.6662484314136911
0.6812683896042926
0.670806740013405
0.6662484313745698
0.6812683895778823
0.6708067400219767
0.6662484313655157
0.6812683895684272
0.6708067399956279
0.6662484313982513
0.6812683895872262
0.6708067399717261
0.6662484314301431
0.6812683896119969
0.6708067399850182
0.6662484314217655
0.6812683896148679
0.6708067400179668
0.6662484313876842
0.6812683895967955
0.6708067400254774
0.6662484313752554
0.6812683895822856
0.6708067399959637
0.6662484313989169
0.6812683895884759
0.6708067399686689
0.666248431421998
0.6812683896002966
0.6708067399800223
0.6662484314097432
0.6812683895971534
0.6708067400148067
0.6662484313799705
0.6812683895846614
0.6708067400262692
0.6662484313770435
0.6812683895853142
0.6708067400225917
0.6662484313777892
0.6812683895774831
0.6708067399848942
0.6662484314207006
0.6812683896108521
0.6708067399671997
0.6662484314371435
0.6812683896251327
0.6708067399941944
0.6662484314042243
0.6812683895998695
0.6708067400274219
0.6662484313645308
0.681268389566062
0.6708067400193615
0.6662484313684224
0.6812683895637915
0.6708067399801494
0.6662484314074968
0.6812683895925188
0.6708067399645121
0.6662484314287229
0.6812683896140971
0.6708067399951925
0.666248431406173
0.6812683896039025
0.6708067400313795
0.6662484313750167
0.6812683895810983
0.6708067400234681
0.6662484313805389
0.6812683895812035
0.6708067399819561
0.6662484314141919
0.6812683896013876
0.670806739962426
0.6662484314255492
0.6812683896079927
0.6708067399906408
0.6662484313957614
0.681268389587086
0.6708067400272155
0.6662484313650073
0.6812683895665725
0.6708067400283778
0.6662484313611943
0.6812683895630893
0.6708067400032938
0.6662484313916062
0.6812683895903213
0.6708067399706087
0.666248431432237
0.6812683896217079
0.6708067399769779
0.6662484314307499
0.6812683896187967
0.670806740014303
0.6662484313912218
0.6812683895891258
0.6708067400306601
0.666248431366468
0.6812683895709171
0.6708067400018911
0.6662484313860841
0.6812683895832683
0.6708067399665685
0.6662484314193526
0.6812683896037907
0.670806739973048
0.6662484314190058
0.6812683896025158
0.6708067400133652
0.6662484313875447
0.6812683895834982
0.6708067400331446
0.6662484313725239
0.6812683895797478
0.6708067400065103
0.6662484313979733
0.6812683896003998
0.6708067399701072
0.6662484314284636
0.6812683896171166
0.6708067399734146
0.6662484314192838
0.6812683896030929
0.6708067400101327
0.666248431379239
0.6812683895721883
0.6708067400160116
0.6662484313737199
0.6812683895748426
0.6708067400188924
0.6662484313676165
0.6812683895723998
0.6708067399913092
0.6662484314012872
0.6812683895941578
0.6708067399722586
0.6662484314304211
0.6812683896129219
0.6708067399894758
0.6662484314192316
0.6812683896100178
0.6708067400206283
0.6662484313867286
0.6812683895939305
0.6708067400225
0.6662484313778912
0.6812683895870113
0.6708067399914017
0.6662484314024393
0.6812683895948957
0.6708067399685718
0.6662484314223724
0.6812683896008043
0.67080673998466
0.6662484314073818
0.6812683895919236
0.6708067400176869
0.6662484313786942
0.6812683895824093
0.6708067400236715
0.6662484313792936
0.681268389590006
0.670806739995513
0.6662484314113217
0.6812683896096242
0.6708067399732274
0.66624843143234
0.6812683896165903
0.6708067399869997
0.6662484314117857
0.6812683895991196
0.6708067399932391
0.6662484314061924
0.6812683896032593
0.6708067400227404
0.6662484313685532
0.6812683895739768
0.6708067400175612
0.6662484313705049
0.6812683895682519
0.6708067399839908
0.6662484314062502
0.6812683895896416
0.6708067399685469
0.6662484314271419
0.6812683896105463
0.6708067399940802
0.6662484314082315
0.6812683896067991
0.670806740026378
0.6662484313794691
0.681268389589395
0.6708067400216234
0.6662484313830441
0.6812683895854864
0.6708067399857643
0.6662484314129019
0.6812683895986463
0.6708067399667695
0.6662484314238092
0.6812683896043908
0.6708067399894792
0.6662484313972441
0.6812683895904157
0.6708067400225542
0.6662484313694232
0.6812683895747262
0.6708067400206513
0.6662484313806005
0.6812683895820923
0.6708067399881383
0.6662484314195148
0.681268389607737
0.6708067399712286
0.6662484314356627
0.6812683896213069
0.6708067399728841
0.6662484314323146
0.6812683896234355
0.6708067400109659
0.6662484313925603
0.6812683895927689
0.6708067400326515
0.6662484313646906
0.6812683895675931
0.6708067400064975
0.6662484313827624
0.6812683895759712
0.6708067399671883
0.6662484314180119
0.6812683896010613
0.6708067399690227
0.6662484314209087
0.6812683896062384
0.6708067400098566
0.6662484313889696
0.6812683895872975
0.6708067400351015
0.6662484313704123
0.6812683895760298
0.6708067400113448
0.666248431394104
0.6812683895933671
0.6708067399713473
0.6662484314271262
0.6812683896150222
0.670806739969009
0.6662484314207926
0.6812683896070753
0.6708067400063809
0.6662484313806821
0.6812683895748712
0.6708067400303659
0.666248431359804
0.6812683895595286
0.6708067400080421
0.6662484313880646
0.6812683895830334
0.6708067399715613
0.6662484314305473
0.6812683896190908
0.6708067399676683
0.6662484314320902
0.6812683896172277
0.670806739989402
0.6662484314179589
0.6812683896076839
0.670806740025079
0.666248431382977
0.6812683895861349
0.6708067400252077
0.6662484313756903
0.6812683895818145
0.6708067399882092
0.6662484314031996
0.681268389596706
0.6708067399641712
0.6662484314239148
0.681268389604515
0.6708067399849772
0.666248431406061
0.681268389590764
0.6708067400223208
0.6662484313746827
0.6812683895748071
0.6708067400261509
0.6662484313766321
0.6812683895847507
0.6708067399927059
0.666248431412738
0.6812683896121221
0.6708067399686177
0.6662484314343771
0.6812683896209004
0.6708067399868878
0.666248431410437
0.6812683895965101
0.670806740020587
0.6662484313698209
0.6812683895673011
0.6708067400219405
0.6662484313649053
0.6812683895673987
0.6708067399887072
0.6662484314019455
0.6812683895961654
0.6708067399819915
0.6662484314088233
0.6812683895939655
0.6708067399718911
0.666248431425897
0.6812683896067229
0.6708067399979462
0.6662484314063233
0.6812683896024209
0.6708067400255681
0.6662484313812249
0.681268389592529
0.6708067400169535
0.6662484313869645
0.6812683895936608
0.6708067399839289
0.6662484314148152
0.6812683896026073
0.6708067399704281
0.6662484314223149
0.6812683896019434
0.6708067399938006
0.6662484313956079
0.681268389586482
0.6708067400212705
0.666248431371015
0.6812683895772165
0.6708067400157791
0.6662484313850372
0.6812683895899289
0.6708067399862423
0.66624843142205
0.681268389612206
0.6708067399748869
0.6662484314341707
0.6812683896180523
0.6708067399973605
0.666248431404235
0.6812683895999625
0.6708067400217469
0.6662484313699246
0.6812683895773513
0.6708067400128481
0.6662484313744848
0.6812683895761104
0.6708067400084008
0.6662484313827672
0.6812683895747822
0.6708067399721097
0.666248431416189
0.6812683895961573
0.6708067399698964
0.6662484314206848
0.6812683896062195
0.6708067400059126
0.666248431392033
0.681268389594083
0.6708067400318275
0.6662484313733521
0.681268389582257
0.670806740013359
0.6662484313938886
0.6812683895919587
0.6708067399757388
0.6662484314252453
0.6812683896103864
0.67080673996991
0.666248431421258
0.6812683896066463
0.6708067400021763
0.6662484313838566
0.6812683895810102
0.6708067400270273
0.666248431362609
0.6812683895652225
0.6708067400101452
0.6662484313874564
0.6812683895819946
0.6708067399764035
0.6662484314281617
0.6812683896140409
0.6708067399739075
0.6662484314325647
0.6812683896238088
0.6708067400067714
0.6662484313960038
0.6812683895994045
0.6708067400288825
0.6662484313676492
0.6812683895728705
0.6708067400296085
0.666248431371546
0.6812683895739704
0.6708067399913189
0.6662484314005181
0.6812683895917309
0.6708067399614643
0.6662484314244561
0.6812683896071123
0.6708067399804505
0.6662484314075157
0.6812683895947715
0.670806740022267
0.6662484313733149
0.6812683895725793
0.6708067400307232
0.666248431372819
0.6812683895764859
0.6708067399952544
0.6662484314102319
0.6812683896068388
0.670806739965674
0.6662484314353818
0.6812683896226013
0.670806739982239
0.6662484314119907
0.6812683896007022
0.6708067400209519
0.6662484313684709
0.681268389565841
0.6708067400267215
0.666248431360775
0.6812683895603295
0.6708067399913451
0.6662484313989219
0.6812683895905687
0.6708067399647248
0.6662484314330208
0.6812683896190967
0.6708067399850541
0.6662484314201202
0.6812683896117051
0.6708067400250046
0.6662484313816682
0.6812683895836587
0.6708067400296085
0.6662484313775705
0.6812683895863777
0.6708067400159892
0.6662484313869187
0.6812683895942064
0.6708067399791655
0.6662484314174627
0.6812683896084284
0.6708067399684856
0.6662484314233664
0.6812683896033243
0.6708067399970964
0.6662484313928729
0.6812683895803834
0.6708067400253344
0.6662484313677003
0.6812683895703922
0.670806740014906
0.666248431384876
0.6812683895906975
0.6708067399818372
0.6662484314244079
0.6812683896177134
0.6708067399728245
0.666248431434553
0.6812683896199165
0.6708067400009463
0.6662484314014446
0.6812683895944647
0.6708067400259715
0.6662484313671394
0.6812683895715385
0.6708067400115885
0.6662484313747257
0.6812683895762943
0.6708067399768598
0.6662484314112879
0.6812683895988909
0.6708067399701798
0.6662484314268224
0.6812683896085727
0.6708067400017605
0.6662484314033752
0.6812683895972127
0.6708067400069436
0.6662484313924945
0.6812683895949834
0.6708067400276481
0.6662484313770545
0.6812683895891011
0.6708067400095716
0.6662484313973229
0.6812683895982798
0.6708067399777047
0.6662484314256348
0.6812683896093972
0.6708067399745938
0.6662484314198789
0.6812683896025338
0.6708067400030578
0.6662484313844413
0.6812683895817959
0.6708067400228326
0.6662484313660018
0.6812683895728904
0.6708067400069864
0.666248431390739
0.6812683895885268
0.6708067399783227
0.6662484314279845
0.681268389613316
0.6708067399784596
0.6662484314307446
0.6812683896187361
0.6708067400076677
0.6662484313969239
0.6812683895998867
0.6708067400247401
0.6662484313716917
0.6812683895800531
0.670806740004678
0.6662484313859705
0.6812683895810059
0.6708067399741444
0.6662484314161392
0.6812683895958
0.6708067399748697
0.6662484314189726
0.6812683896027049
0.670806739977505
0.6662484314098922
0.6812683895988859
0.6708067400177762
0.6662484313767043
0.6812683895785193
0.6708067400305326
0.6662484313728647
0.6812683895767981
0.6708067399997844
0.6662484314073607
0.681268389601138
0.6708067399686442
0.6662484314338857
0.6812683896200937
0.6708067399796519
0.6662484314141468
0.6812683896055441
0.6708067400161932
0.66624843137141
0.6812683895723854
0.6708067400266184
0.6662484313612108
0.6812683895603153
0.670806739995736
0.6662484313966996
0.68126838958518
0.6708067399674776
0.6662484314317312
0.6812683896156442
0.6708067399821852
0.6662484314222143
0.6812683896161879
0.6708067400206332
0.6662484313846978
0.6812683895904932
0.6708067400297881
0.6662484313713988
0.6812683895745181
0.6708067399959877
0.6662484313978412
0.6812683895864928
0.6708067399641919
0.666248431423258
0.6812683896043381