0.6811186688288158
0.6732422754280871
0.6723256051011017
0.6811186688357755
0.6732422754415734
0.6723256051290081
0.6811186688417398
0.6732422754488183
0.6723256051479766
0.6811186688390578
0.6732422754407197
0.6723256051331437
0.6811186688316833
0.6732422754304426
0.6723256051081521
0.6811186688298493
0.6732422754306678
0.6723256051055764
0.6811186688359822
0.6732422754386942
0.6723256051261821
0.6811186688414119
0.673242275446839
0.6723256051454531
0.6811186688387194
0.6732422754454773
0.672325605138853
0.6811186688309803
0.6732422754331066
0.6723256051111524
0.6811186688288935
0.6732422754258452
0.6723256050988067
0.6811186688358959
0.673242275435858
0.6723256051222128
0.681118668842219
0.673242275449933
0.6723256051500639
0.6811186688391743
0.6732422754455007
0.6723256051397942
0.6811186688308302
0.6732422754294931
0.672325605106571
0.6811186688296604
0.6732422754273143
0.6723256051010517
0.6811186688306823
0.6732422754332102
0.6723256051107641
0.6811186688384234
0.6732422754454599
0.67232560513854
0.6811186688415363
0.6732422754467151
0.6723256051454636
0.6811186688361908
0.6732422754376473
0.6723256051252322
0.6811186688301769
0.6732422754300287
0.6723256051047731
0.6811186688310455
0.6732422754305766
0.6723256051081347
0.6811186688387216
0.6732422754410478
0.6723256051334336
0.6811186688421429
0.6732422754498204
0.672325605149567
0.6811186688362547
0.6732422754431293
0.6723256051322517
0.6811186688292451
0.6732422754286537
0.6723256051024826
0.6811186688302524
0.6732422754278126
0.6723256051033696
0.6811186688388107
0.6732422754433933
0.6723256051356072
0.6811186688424575
0.6732422754501357
0.6723256051501745
0.6811186688363566
0.6732422754377761
0.6723256051259096
0.6811186688336425
0.673242275432058
0.6723256051139276
0.6811186688291172
0.6732422754280134
0.6723256051010689
0.6811186688331783
0.6732422754374152
0.6723256051199435
0.681118668840505
0.6732422754463994
0.672325605143083
0.6811186688404778
0.673242275445499
0.6723256051420807
0.6811186688338464
0.6732422754366114
0.672325605118668
0.681118668829066
0.6732422754274535
0.6723256051000449
0.681118668832998
0.673242275431125
0.6723256051118645
0.6811186688409481
0.6732422754452483
0.6723256051415124
0.6811186688410085
0.673242275449845
0.6723256051482447
0.6811186688333796
0.6732422754369356
0.6723256051202229
0.6811186688281268
0.6732422754256844
0.6723256050980274
0.6811186688326297
0.6732422754345759
0.6723256051157979
0.6811186688408083
0.6732422754482443
0.6723256051452213
0.6811186688406772
0.6732422754451193
0.6723256051424561
0.681118668838843
0.6732422754404868
0.6723256051328147
0.6811186688313351
0.6732422754295614
0.6723256051064325
0.6811186688298689
0.6732422754299514
0.6723256051040126
0.6811186688359162
0.6732422754389811
0.6723256051263277
0.6811186688416055
0.6732422754473685
0.6723256051463827
0.6811186688390214
0.6732422754460451
0.6723256051394595
0.6811186688310175
0.6732422754331928
0.6723256051111823
0.6811186688289228
0.6732422754256856
0.6723256050987609
0.6811186688355715
0.6732422754355899
0.6723256051215369
0.6811186688420161
0.6732422754490979
0.6723256051484742
0.6811186688390143
0.6732422754451476
0.6723256051391001
0.6811186688306144
0.6732422754297187
0.6723256051073516
0.681118668828957
0.673242275428353
0.6723256051019857
0.6811186688357607
0.6732422754418345
0.6723256051293374
0.6811186688416606
0.673242275448714
0.6723256051482034
0.6811186688419104
0.6732422754475427
0.6723256051467562
0.6811186688363233
0.6732422754378046
0.6723256051253824
0.6811186688298814
0.6732422754292755
0.6723256051034319
0.6811186688312032
0.6732422754300111
0.6723256051068702
0.6811186688380675
0.6732422754404863
0.6723256051329911
0.6811186688421083
0.673242275449928
0.672325605149753
0.6811186688362071
0.6732422754432182
0.6723256051325462
0.6811186688289828
0.6732422754288284
0.6723256051034643
0.6811186688305955
0.6732422754283367
0.6723256051044867
0.6811186688384403
0.6732422754429152
0.672325605135035
0.6811186688425327
0.6732422754495775
0.6723256051488112
0.6811186688362205
0.6732422754373831
0.6723256051250068
0.6811186688292823
0.6732422754270071
0.6723256051006399
0.6811186688311848
0.6732422754335818
0.6723256051107054
0.6811186688382944
0.6732422754458713
0.6723256051392765
0.6811186688403414
0.6732422754468281
0.6723256051439694
0.681118668840773
0.6732422754463971
0.6723256051438816
0.6811186688338584
0.6732422754369023
0.6723256051195925
0.6811186688291517
0.6732422754275424
0.6723256051001683
0.6811186688330012
0.6732422754307337
0.6723256051117308
0.681118668840648
0.6732422754450265
0.6723256051411453
0.6811186688412122
0.6732422754494872
0.6723256051471841
0.6811186688333951
0.6732422754368714
0.6723256051199968
0.6811186688283645
0.6732422754266323
0.6723256050993818
0.6811186688330098
0.6732422754350862
0.6723256051168364
0.6811186688408941
0.6732422754485893
0.6723256051455503
0.6811186688409463
0.6732422754452704
0.6723256051425124
0.6811186688333773
0.6732422754316012
0.6723256051135392
0.6811186688290232
0.6732422754276249
0.672325605100101
0.6811186688332096
0.6732422754369402
0.6723256051192164
0.6811186688360604
0.6732422754384055
0.672325605125059
0.6811186688413899
0.673242275447604
0.6723256051467035
0.6811186688391206
0.6732422754463729
0.6723256051400319
0.6811186688314477
0.6732422754338026
0.672325605111552
0.6811186688288748
0.6732422754259867
0.6723256050994234
0.6811186688359374
0.6732422754360827
0.6723256051223021
0.6811186688419324
0.6732422754487688
0.6723256051477317
0.6811186688390088
0.6732422754443423
0.6723256051376703
0.6811186688306257
0.673242275429765
0.6723256051071691
0.6811186688285363
0.673242275428251
0.6723256051023436
0.6811186688360147
0.673242275442149
0.6723256051299112
0.6811186688416295
0.6732422754492635
0.672325605149119
0.681118668838872
0.6732422754408273
0.6723256051339968
0.6811186688314899
0.6732422754297537
0.672325605106678
0.6811186688295277
0.6732422754289926
0.6723256051025406
0.6811186688311113
0.6732422754294067
0.6723256051055351
0.6811186688382351
0.6732422754401508
0.672325605132245
0.6811186688415419
0.6732422754493597
0.672325605149195
0.6811186688364497
0.6732422754430134
0.6723256051316859
0.6811186688288322
0.6732422754285874
0.6723256051031594
0.6811186688303998
0.673242275428931
0.6723256051057427
0.6811186688386942
0.6732422754434269
0.6723256051360778
0.6811186688421347
0.6732422754490635
0.6723256051483703
0.6811186688363883
0.673242275437124
0.6723256051243054
0.6811186688288727
0.6732422754263049
0.6723256050999314
0.6811186688308677
0.6732422754330663
0.6723256051098325
0.6811186688386575
0.6732422754457006
0.672325605138403
0.6811186688416948
0.6732422754477916
0.6723256051472366
0.6811186688367916
0.6732422754390073
0.6723256051269875
0.6811186688298908
0.6732422754293357
0.6723256051035137
0.6811186688292201
0.6732422754277751
0.6723256051004974
0.6811186688329571
0.6732422754309575
0.6723256051120954
0.6811186688405786
0.6732422754449002
0.6723256051415318
0.6811186688410249
0.6732422754492924
0.6723256051467336
0.6811186688333547
0.6732422754360088
0.6723256051185287
0.6811186688283135
0.6732422754264148
0.6723256050989557
0.6811186688329616
0.6732422754356949
0.6723256051178288
0.6811186688411237
0.6732422754489391
0.6723256051462451
0.681118668841149
0.6732422754457739
0.6723256051427533
0.6811186688334974
0.6732422754316973
0.6723256051137716
0.681118668828957
0.6732422754275846
0.6723256051001235
0.6811186688331337
0.6732422754362605
0.672325605117725
0.6811186688403721
0.6732422754459302
0.672325605142535
0.6811186688406629
0.6732422754469172
0.6723256051446165
0.6811186688338514
0.6732422754374712
0.6723256051209022
0.6811186688316303
0.6732422754339726
0.6723256051118045
0.6811186688292208
0.6732422754264773
0.672325605099789
0.6811186688358611
0.6732422754365027
0.6723256051232582
0.6811186688424491
0.6732422754497052
0.672325605148937
0.6811186688387956
0.6732422754441414
0.6723256051372417
0.6811186688308065
0.6732422754291395
0.6723256051058548
0.6811186688285873
0.6732422754281397
0.6723256051020469
0.6811186688356874
0.6732422754419886
0.6723256051301303
0.6811186688421627
0.6732422754496239
0.672325605149295
0.6811186688387054
0.6732422754411587
0.6723256051347468
0.6811186688316628
0.6732422754306571
0.672325605108548
0.6811186688296104
0.6732422754293489
0.672325605103236
0.6811186688356957
0.673242275437441
0.6723256051238579
0.6811186688416355
0.67324227544722
0.6723256051459472
0.6811186688386484
0.6732422754461798
0.6723256051402569
0.6811186688361455
0.6732422754426329
0.6723256051309917
0.6811186688291417
0.6732422754283262
0.6723256051021822
0.6811186688303439
0.6732422754285243
0.6723256051052127
0.6811186688387088
0.6732422754441345
0.6723256051372933
0.6811186688422411
0.673242275449619
0.6723256051495586
0.6811186688360968
0.673242275437034
0.6723256051242557
0.6811186688289844
0.6732422754262701
0.6723256050997519
0.6811186688304782
0.6732422754324894
0.6723256051095283
0.6811186688385054
0.6732422754451517
0.672325605137436
0.681118668841769
0.6732422754471292
0.6723256051461319
0.6811186688365531
0.6732422754392601
0.6723256051276372
0.6811186688302051
0.6732422754303187
0.6723256051050583
0.6811186688310592
0.6732422754295857
0.6723256051059409
0.6811186688383514
0.673242275440195
0.6723256051317188
0.6811186688416155
0.6732422754489917
0.6723256051486071
0.6811186688410114
0.6732422754493286
0.672325605147096
0.6811186688329918
0.6732422754357087
0.6723256051179283
0.6811186688280719
0.673242275425369
0.6723256050973796
0.6811186688328961
0.6732422754353784
0.6723256051173179
0.6811186688408046
0.6732422754489216
0.6723256051466546
0.6811186688413887
0.6732422754459335
0.6723256051429825
0.6811186688335429
0.6732422754323028
0.6723256051142514
0.6811186688290429
0.6732422754278954
0.6723256051006794
0.6811186688332531
0.6732422754363493
0.6723256051174971
0.6811186688400722
0.6732422754451048
0.672325605140863
0.6811186688407451
0.6732422754462046
0.6723256051431669
0.681118668833684
0.6732422754375118
0.6723256051208824
0.6811186688292579
0.6732422754279521
0.672325605101092
0.6811186688332491
0.6732422754314642
0.6723256051125581
0.6811186688403559
0.6732422754449984
0.6723256051419344
0.6811186688423883
0.6732422754502616
0.6723256051502672
0.6811186688392281
0.6732422754449503
0.6723256051384603
0.681118668830589
0.6732422754290663
0.672325605105537
0.6811186688289435
0.6732422754281351
0.6723256051013486
0.6811186688356814
0.6732422754416849
0.6723256051295163
0.6811186688420582
0.6732422754491464
0.6723256051484922
0.6811186688392319
0.6732422754413434
0.6723256051345402
0.6811186688315154
0.6732422754310704
0.672325605109507
0.6811186688299877
0.6732422754302897
0.6723256051049584
0.681118668835635
0.6732422754376736
0.6723256051244715
0.6811186688413243
0.6732422754466997
0.6723256051451815
0.6811186688387754
0.6732422754457477
0.6723256051395061
0.681118668831113
0.6732422754333904
0.6723256051114822
0.6811186688295487
0.6732422754264544
0.6723256050995977
0.6811186688359239
0.6732422754365806
0.6723256051235944
0.6811186688387474
0.6732422754440337
0.6723256051371367
0.6811186688423407
0.6732422754501743
0.672325605150674
0.6811186688364439
0.6732422754374454
0.6723256051251678
0.6811186688290745
0.6732422754268023
0.6723256051004128
0.6811186688305291
0.6732422754327503
0.6723256051101194
0.6811186688382325
0.6732422754447976
0.6723256051372197
0.6811186688415181
0.6732422754465057
0.6723256051450731
0.6811186688365609
0.6732422754386387
0.6723256051268178
0.6811186688301216
0.67324227543068
0.6723256051059521
0.6811186688313375
0.6732422754303566
0.6723256051074997
0.6811186688385725
0.6732422754406364
0.672325605132399
0.6811186688417579
0.673242275449411
0.6723256051489361
0.6811186688362734
0.6732422754427202
0.6723256051312433
0.6811186688290325
0.673242275428191
0.6723256051015254
0.6811186688304578
0.6732422754280186
0.6723256051039577
0.6811186688327371
0.6732422754345826
0.6723256051158526
0.6811186688405575
0.6732422754484755
0.6723256051460957
0.6811186688409998
0.6732422754455529
0.6723256051428703
0.6811186688339348
0.6732422754323639
0.6723256051142854
0.6811186688288644
0.6732422754282823
0.6723256051014688
0.6811186688333487
0.6732422754370158
0.6723256051188071
0.6811186688400992
0.6732422754453025
0.6723256051409471
0.6811186688404288
0.6732422754453242
0.6723256051414046
0.681118668833874
0.6732422754369867
0.6723256051194757
0.6811186688288999
0.6732422754278538
0.6723256051008646
0.6811186688334271
0.6732422754314282
0.6723256051123285
0.6811186688406333
0.6732422754452414
0.6723256051420432
0.6811186688408558
0.6732422754497455
0.6723256051482658
0.6811186688332297
0.6732422754361589
0.67232560511879
0.6811186688275989
0.6732422754248375
0.672325605096539