0.6573011313906294
0.6595702394338658
0.7051707198747348
0.657301131396937
0.6595702394317594
0.7051707198536031
0.657301131405885
0.6595702394308063
0.705170719825443
0.6573011313993957
0.6595702394333064
0.7051707198480994
0.6573011313920871
0.6595702394338102
0.7051707198705
0.6573011313989303
0.6595702394310784
0.705170719845821
0.6573011314024899
0.6595702394308292
0.7051707198349304
0.6573011313917514
0.6595702394331875
0.7051707198703123
0.657301131387003
0.6595702394324917
0.7051707198826699
0.6573011313957101
0.659570239429826
0.7051707198529942
0.6573011313963621
0.6595702394307865
0.7051707198527877
0.6573011313864516
0.6595702394331266
0.7051707198850972
0.6573011313882785
0.6595702394316894
0.705170719877743
0.6573011313995478
0.6595702394299021
0.7051707198423512
0.657301131398152
0.6595702394320824
0.7051707198494843
0.6573011313975908
0.6595702394318653
0.7051707198512647
0.657301131391199
0.6595702394331205
0.7051707198770727
0.6573011313986269
0.6595702394323156
0.705170719847767
0.6573011314003893
0.6595702394308287
0.70517071983619
0.6573011313892037
0.6595702394314962
0.7051707198768749
0.6573011313865932
0.6595702394324976
0.7051707198879793
0.657301131396034
0.6595702394312963
0.7051707198509024
0.6573011313956414
0.659570239430437
0.7051707198501229
0.6573011313866375
0.6595702394319075
0.7051707198858911
0.6573011313907218
0.6595702394326701
0.7051707198744166
0.657301131401736
0.6595702394313736
0.7051707198339685
0.6573011313986674
0.6595702394313055
0.7051707198451687
0.6573011313916903
0.6595702394329899
0.7051707198747466
0.6573011313989745
0.659570239433024
0.7051707198504131
0.6573011314060461
0.659570239431587
0.7051707198214906
0.6573011313957888
0.6595702394295411
0.7051707198513404
0.6573011313918615
0.6595702394314384
0.7051707198647679
0.6573011313882652
0.6595702394334332
0.7051707198816672
0.6573011313919288
0.659570239430987
0.705170719867283
0.6573011313952383
0.659570239429512
0.7051707198526519
0.6573011313926165
0.6595702394324839
0.705170719865756
0.6573011313926481
0.6595702394337104
0.705170719870359
0.6573011313987045
0.6595702394308744
0.7051707198474971
0.6573011314007193
0.6595702394307426
0.7051707198386588
0.6573011313969694
0.6595702394339833
0.7051707198559608
0.6573011313974659
0.6595702394336349
0.7051707198568523
0.6573011314013966
0.6595702394305436
0.7051707198383566
0.6573011313989701
0.6595702394314062
0.7051707198439279
0.6573011313932898
0.6595702394339902
0.7051707198674146
0.6573011313936812
0.6595702394321797
0.7051707198652537
0.6573011313881804
0.6595702394318324
0.7051707198774186
0.657301131399249
0.6595702394307081
0.7051707198390069
0.6573011313983208
0.6595702394317748
0.7051707198506321
0.657301131390742
0.6595702394331662
0.705170719877807
0.6573011313966254
0.6595702394321844
0.7051707198520271
0.6573011314057498
0.6595702394313439
0.7051707198232076
0.6573011313996183
0.6595702394327374
0.7051707198505056
0.6573011313921762
0.6595702394333016
0.70517071987288
0.6573011313988091
0.6595702394316065
0.7051707198439925
0.6573011314024686
0.6595702394311307
0.7051707198339165
0.6573011313919528
0.6595702394324731
0.705170719873426
0.6573011313870678
0.6595702394322422
0.7051707198840486
0.6573011313954279
0.6595702394306193
0.7051707198499522
0.6573011313963274
0.6595702394308974
0.7051707198521826
0.6573011313867485
0.659570239432331
0.7051707198883566
0.6573011313914722
0.6595702394336462
0.705170719872329
0.6573011313989882
0.6595702394327694
0.7051707198516259
0.6573011314063103
0.6595702394310161
0.7051707198238631
0.6573011313975177
0.6595702394323097
0.705170719849482
0.6573011313909023
0.6595702394336929
0.7051707198746977
0.6573011313988036
0.6595702394317622
0.705170719849781
0.657301131400587
0.6595702394304237
0.7051707198376406
0.6573011313888633
0.6595702394321761
0.7051707198739628
0.6573011313864539
0.6595702394327017
0.7051707198868982
0.657301131396358
0.6595702394305292
0.7051707198538941
0.6573011313956775
0.6595702394303284
0.7051707198508028
0.6573011313863996
0.659570239432541
0.70517071988365
0.657301131390765
0.6595702394325216
0.7051707198752679
0.6573011314019273
0.6595702394306902
0.7051707198369906
0.6573011313986495
0.659570239431511
0.7051707198446273
0.6573011313991671
0.6595702394310801
0.705170719845553
0.6573011313934771
0.6595702394332821
0.7051707198702996
0.6573011313935087
0.6595702394326421
0.7051707198633658
0.6573011313957371
0.6595702394301324
0.7051707198490073
0.6573011313920527
0.6595702394309162
0.7051707198668631
0.6573011313883674
0.6595702394329795
0.7051707198833144
0.6573011313918012
0.6595702394316074
0.7051707198644828
0.6573011313951406
0.659570239429921
0.7051707198507239
0.6573011313927923
0.6595702394318425
0.7051707198679419
0.6573011313927605
0.6595702394334975
0.7051707198705436
0.6573011313984362
0.6595702394316965
0.7051707198436162
0.6573011314006731
0.6595702394308509
0.7051707198380908
0.6573011313972752
0.6595702394331491
0.7051707198591939
0.6573011313973922
0.6595702394337446
0.7051707198562922
0.6573011314011303
0.659570239431332
0.7051707198354156
0.657301131395678
0.6595702394300065
0.7051707198525345
0.6573011313962255
0.6595702394312932
0.7051707198504613
0.6573011313864944
0.6595702394328452
0.7051707198862309
0.6573011313884272
0.6595702394312557
0.7051707198800884
0.6573011313994904
0.6595702394302806
0.7051707198409765
0.6573011313980458
0.6595702394324219
0.7051707198480363
0.657301131390688
0.6595702394333912
0.7051707198770405
0.6573011313969852
0.6595702394314624
0.7051707198550735
0.6573011314058139
0.6595702394312708
0.7051707198236086
0.6573011313993931
0.6595702394334327
0.7051707198476942
0.6573011313921981
0.6595702394332545
0.7051707198727857
0.657301131398982
0.6595702394309995
0.7051707198461596
0.657301131402396
0.6595702394313658
0.7051707198327528
0.6573011313916503
0.6595702394331439
0.7051707198703173
0.6573011313870385
0.6595702394319645
0.7051707198849861
0.657301131390524
0.659570239433007
0.7051707198732585
0.6573011314017807
0.6595702394312937
0.7051707198343936
0.6573011313987404
0.6595702394309588
0.7051707198466826
0.6573011313915497
0.65957023943317
0.7051707198744541
0.6573011313988797
0.6595702394333812
0.7051707198491954
0.6573011314062507
0.6595702394313456
0.705170719822319
0.6573011313977283
0.6595702394315681
0.7051707198527217
0.6573011313909916
0.6595702394334313
0.7051707198762415
0.6573011313985344
0.6595702394324938
0.7051707198470122
0.6573011314005652
0.6595702394304227
0.705170719838103
0.6573011313891384
0.6595702394313264
0.7051707198781019
0.6573011313863807
0.6595702394328187
0.7051707198867246
0.6573011313961437
0.6595702394312858
0.705170719850936
0.6573011313958175
0.6595702394300116
0.7051707198522087
0.657301131386486
0.6595702394318782
0.7051707198863433
0.6573011313970065
0.6595702394336812
0.7051707198572394
0.6573011313976325
0.6595702394331879
0.70517071985852
0.6573011314012831
0.6595702394309289
0.70517071983668
0.6573011313988009
0.6595702394317345
0.7051707198425305
0.6573011313933657
0.659570239433555
0.7051707198690216
0.6573011313938004
0.6595702394319701
0.7051707198655628
0.6573011313957673
0.659570239430022
0.7051707198489816
0.6573011313918016
0.659570239431609
0.7051707198642247
0.6573011313883566
0.6595702394329779
0.7051707198833342
0.6573011313920407
0.6595702394309477
0.7051707198668508
0.6573011313951207
0.6595702394300706
0.7051707198504045
0.6573011313925086
0.6595702394324943
0.705170719865923
0.6573011313928521
0.6595702394331979
0.7051707198720771
0.6573011313988154
0.6595702394310454
0.7051707198465422
0.6573011314005619
0.6595702394312541
0.7051707198367692
0.6573011314025641
0.6595702394307775
0.7051707198352881
0.6573011313918662
0.6595702394326338
0.7051707198725414
0.6573011313869783
0.6595702394326041
0.705170719882351
0.6573011313955694
0.6595702394303403
0.7051707198509665
0.6573011313964122
0.6595702394305336
0.7051707198535432
0.6573011313865438
0.6595702394326761
0.7051707198868258
0.6573011313881539
0.6595702394320836
0.7051707198760769
0.6573011313995205
0.6595702394303001
0.7051707198404787
0.657301131398328
0.659570239431671
0.7051707198510516
0.6573011313906038
0.6595702394336374
0.7051707198755144
0.6573011313967824
0.6595702394322471
0.7051707198513502
0.6573011314058821
0.6595702394309804
0.7051707198248907
0.6573011313994677
0.6595702394328233
0.7051707198502533
0.6573011313920791
0.6595702394337337
0.7051707198706116
0.6573011313989203
0.6595702394315749
0.7051707198438277
0.6573011313962701
0.6595702394309196
0.70517071985241
0.6573011313955457
0.6595702394306463
0.7051707198495706
0.6573011313865055
0.6595702394321447
0.7051707198853997
0.6573011313908655
0.6595702394323432
0.705170719876218
0.6573011314018518
0.6595702394310958
0.705170719835423
0.6573011313985442
0.659570239431565
0.7051707198446023
0.657301131391518
0.6595702394331838
0.7051707198746175
0.6573011313990976
0.6595702394326881
0.705170719851941
0.6573011314061971
0.6595702394314135
0.7051707198221684
0.6573011313973777
0.6595702394322401
0.7051707198501544
0.6573011313910473
0.6595702394331814
0.7051707198770774
0.6573011313988378
0.6595702394318581
0.7051707198494565
0.6573011314003392
0.6595702394308562
0.7051707198362258
0.6573011313888479
0.6595702394319016
0.7051707198754974
0.6573011313866176
0.6595702394323103
0.7051707198886299
0.6573011313926607
0.6595702394338928
0.7051707198692716
0.6573011313985928
0.6595702394314016
0.7051707198449082
0.6573011314007859
0.6595702394304751
0.7051707198396392
0.657301131397098
0.6595702394335502
0.7051707198577147
0.6573011313973572
0.6595702394340455
0.705170719855133
0.6573011314013442
0.659570239430863
0.7051707198371202
0.6573011313990833
0.6595702394309075
0.7051707198463357
0.6573011313932291
0.6595702394337706
0.7051707198686089
0.65730113139359
0.6595702394326537
0.7051707198631854
0.657301131395851
0.6595702394296173
0.7051707198510782
0.6573011313919088
0.659570239430955
0.705170719867221
0.6573011313882704
0.659570239433409
0.7051707198817064
0.6573011313919171
0.6595702394314582
0.7051707198648807
0.6573011313951997
0.6595702394294631
0.705170719852938
0.6573011313926593
0.659570239432002
0.7051707198679353
0.6573011313994681
0.6595702394330341
0.7051707198492461
0.6573011313923198
0.6595702394330605
0.7051707198733099
0.6573011313989221
0.6595702394313773
0.7051707198444483
0.6573011314023522
0.6595702394314324
0.705170719832299
0.6573011313918121
0.6595702394327594
0.705170719871762
0.6573011313872028
0.6595702394319995
0.7051707198846286
0.6573011313955622
0.659570239430461
0.7051707198503154
0.6573011313961137
0.659570239431283
0.7051707198504845
0.6573011313866753
0.6595702394324943
0.7051707198876787
0.657301131388502
0.6595702394314433
0.70517071987879
0.6573011313993093
0.6595702394307172
0.7051707198388714
0.6573011313980988
0.659570239432231
0.7051707198488784
0.6573011313908907
0.659570239433072
0.7051707198778843
0.6573011313968917
0.6595702394318104
0.7051707198531522
0.6573011314056315
0.6595702394315405
0.7051707198225015
0.6573011314006401
0.6595702394300516
0.7051707198393051
0.6573011313889692
0.6595702394317324
0.7051707198759953
0.6573011313863335
0.6595702394331235
0.7051707198854995
0.6573011313963004
0.6595702394308147
0.7051707198530194
0.6573011313958204
0.6595702394298102
0.7051707198527826
0.6573011313864026
0.6595702394323779
0.7051707198842327
0.6573011313906573
0.6595702394330724
0.7051707198731765
0.6573011314019179
0.659570239430775
0.7051707198364915
0.6573011313986731
0.6595702394310039
0.7051707198465693
0.6573011313914402
0.6595702394336924
0.7051707198723478
0.657301131398911
0.6595702394332715
0.705170719849445
0.6573011314063064
0.6595702394308847
0.7051707198242105
0.6573011313976317
0.6595702394318167
0.7051707198517261
0.6573011313909274
0.6595702394339037
0.7051707198739506
0.6573011313986794
0.6595702394322127
0.7051707198478907
0.6573011313919548
0.659570239431316
0.7051707198656223
0.6573011313950137
0.6595702394301632
0.705170719849998
0.6573011313926187
0.6595702394320877
0.7051707198674708
0.6573011313928657
0.6595702394331814
0.7051707198725019
0.6573011313985319
0.6595702394314364
0.7051707198450381
0.6573011314004671
0.6595702394311247
0.7051707198370395
0.6573011313972157
0.6595702394332513
0.7051707198593314
0.6573011313976209
0.6595702394333296
0.7051707198584041
0.6573011314010866
0.6595702394312224
0.70517071983559
0.657301131398873
0.6595702394314396
0.7051707198441967
0.6573011313934809
0.6595702394332317
0.7051707198709283
0.6573011313936452
0.659570239432248
0.705170719864816
0.6573011313956209
0.6595702394302403
0.7051707198485188
0.6573011313919208
0.6595702394312559
0.7051707198659115
0.6573011313885097
0.6595702394327986
0.7051707198842296