0.6731985223877719
0.6683246443641528
0.6719251996870695
0.6731985223877707
0.668324644364148
0.6719251996870673
0.6731985223877681
0.6683246443641441
0.6719251996870325
0.6731985223877697
0.6683246443641429
0.6719251996870197
0.6731985223877693
0.6683246443641333
0.6719251996870248
0.6731985223877675
0.66832464436414
0.671925199687037
0.6731985223877714
0.6683246443641446
0.6719251996870432
0.6731985223877744
0.6683246443641495
0.6719251996870504
0.6731985223877737
0.6683246443641538
0.6719251996870653
0.6731985223877772
0.6683246443641515
0.6719251996870588
0.6731985223877721
0.668324644364144
0.6719251996870365
0.67319852238777
0.6683246443641362
0.6719251996870195
0.6731985223877721
0.6683246443641355
0.6719251996870346
0.6731985223877661
0.668324644364143
0.6719251996870375
0.6731985223877692
0.6683246443641531
0.6719251996870406
0.6731985223877754
0.6683246443641481
0.6719251996870546
0.6731985223877723
0.6683246443641482
0.6719251996870561
0.673198522387778
0.6683246443641564
0.6719251996870592
0.6731985223877747
0.6683246443641468
0.6719251996870549
0.6731985223877655
0.6683246443641377
0.6719251996870339
0.6731985223877706
0.6683246443641351
0.6719251996870195
0.6731985223877702
0.6683246443641316
0.6719251996870255
0.6731985223877655
0.6683246443641409
0.6719251996870408
0.6731985223877737
0.6683246443641507
0.6719251996870583
0.6731985223877788
0.6683246443641572
0.6719251996870601
0.6731985223877738
0.6683246443641471
0.6719251996870591
0.6731985223877779
0.6683246443641437
0.6719251996870721
0.6731985223877709
0.6683246443641438
0.6719251996870479
0.6731985223877645
0.6683246443641406
0.6719251996870161
0.6731985223877694
0.6683246443641446
0.6719251996870318
0.6731985223877709
0.6683246443641389
0.6719251996870043
0.6731985223877754
0.668324644364142
0.6719251996870188
0.6731985223877754
0.6683246443641526
0.6719251996870588
0.673198522387771
0.6683246443641608
0.6719251996870808
0.673198522387775
0.6683246443641556
0.6719251996870607
0.6731985223877794
0.6683246443641455
0.6719251996870422
0.6731985223877729
0.6683246443641364
0.6719251996870323
0.6731985223877743
0.6683246443641369
0.6719251996870189
0.6731985223877719
0.6683246443641484
0.6719251996870262
0.6731985223877708
0.6683246443641583
0.671925199687035
0.673198522387776
0.668324644364154
0.6719251996870637
0.6731985223877821
0.6683246443641546
0.6719251996870648
0.6731985223877814
0.6683246443641532
0.6719251996870562
0.6731985223877732
0.6683246443641491
0.6719251996870581
0.673198522387769
0.6683246443641446
0.6719251996870379
0.6731985223877712
0.6683246443641375
0.6719251996870208
0.6731985223877708
0.6683246443641295
0.671925199687007
0.6731985223877739
0.6683246443641346
0.6719251996870221
0.6731985223877726
0.6683246443641444
0.6719251996870551
0.673198522387775
0.668324644364157
0.67192519968707
0.6731985223877779
0.6683246443641555
0.6719251996870752
0.6731985223877794
0.6683246443641381
0.671925199687047
0.6731985223877791
0.6683246443641317
0.67192519968702
0.673198522387767
0.6683246443641336
0.6719251996870259
0.6731985223877661
0.6683246443641404
0.6719251996870467
0.6731985223877649
0.6683246443641422
0.6719251996870376
0.6731985223877726
0.6683246443641434
0.6719251996870262
0.6731985223877742
0.6683246443641435
0.6719251996870601
0.6731985223877759
0.668324644364144
0.6719251996870883
0.6731985223877743
0.6683246443641462
0.6719251996870564
0.6731985223877703
0.6683246443641568
0.6719251996870759
0.6731985223877631
0.6683246443641397
0.6719251996870298
0.6731985223877694
0.6683246443641382
0.6719251996870018
0.6731985223877692
0.6683246443641362
0.671925199687018
0.6731985223877652
0.668324644364148
0.6719251996870527
0.6731985223877743
0.6683246443641584
0.6719251996870702
0.6731985223877741
0.6683246443641568
0.6719251996870563
0.6731985223877697
0.6683246443641438
0.6719251996870301
0.6731985223877759
0.6683246443641394
0.6719251996870529
0.673198522387768
0.6683246443641462
0.6719251996870456
0.6731985223877588
0.6683246443641482
0.6719251996870212
0.6731985223877643
0.6683246443641481
0.6719251996870257
0.6731985223877723
0.6683246443641426
0.6719251996870367
0.6731985223877739
0.6683246443641474
0.6719251996870457
0.6731985223877772
0.6683246443641596
0.6719251996870783
0.673198522387773
0.6683246443641531
0.671925199687093
0.6731985223877681
0.6683246443641513
0.6719251996870699
0.6731985223877692
0.668324644364143
0.6719251996870323
0.6731985223877694
0.6683246443641342
0.671925199687016
0.6731985223877678
0.6683246443641357
0.6719251996870057
0.6731985223877676
0.6683246443641481
0.6719251996870343
0.6731985223877605
0.6683246443641504
0.6719251996870488
0.6731985223877709
0.668324644364148
0.6719251996870589
0.67319852238778
0.6683246443641473
0.6719251996870529
0.6731985223877766
0.6683246443641491
0.6719251996870468
0.6731985223877681
0.6683246443641475
0.671925199687066
0.6731985223877612
0.6683246443641466
0.6719251996870534
0.6731985223877641
0.6683246443641423
0.6719251996870041
0.6731985223877761
0.6683246443641403
0.6719251996870057
0.6731985223877794
0.6683246443641481
0.6719251996870538
0.6731985223877728
0.668324644364141
0.6719251996870381
0.6731985223877726
0.6683246443641424
0.6719251996870752
0.6731985223877719
0.6683246443641495
0.6719251996870848
0.6731985223877763
0.6683246443641413
0.6719251996870497
0.6731985223877778
0.6683246443641363
0.6719251996870026
0.6731985223877671
0.6683246443641353
0.6719251996870068
0.6731985223877632
0.6683246443641393
0.6719251996870519
0.673198522387764
0.6683246443641466
0.6719251996870422
0.6731985223877758
0.6683246443641477
0.6719251996870306
0.6731985223877834
0.668324644364142
0.6719251996870506
0.6731985223877821
0.6683246443641423
0.6719251996870819
0.673198522387773
0.6683246443641478
0.6719251996870715
0.6731985223877703
0.668324644364143
0.6719251996870318
0.6731985223877726
0.6683246443641342
0.671925199687003
0.673198522387771
0.668324644364134
0.6719251996870085
0.6731985223877728
0.6683246443641405
0.6719251996869935
0.6731985223877692
0.6683246443641455
0.6719251996870355
0.673198522387775
0.6683246443641557
0.671925199687077
0.673198522387783
0.6683246443641592
0.6719251996870779
0.6731985223877766
0.6683246443641502
0.6719251996870377
0.6731985223877752
0.6683246443641473
0.6719251996870375
0.6731985223877723
0.6683246443641471
0.671925199687035
0.6731985223877626
0.66832464436415
0.6719251996870319
0.6731985223877691
0.6683246443641526
0.6719251996870452
0.6731985223877733
0.6683246443641501
0.6719251996870415
0.673198522387779
0.6683246443641471
0.6719251996870328
0.673198522387785
0.6683246443641548
0.6719251996870714
0.6731985223877749
0.668324644364158
0.6719251996870791
0.673198522387766
0.6683246443641488
0.6719251996870436
0.673198522387772
0.6683246443641442
0.6719251996869984
0.6731985223877688
0.6683246443641349
0.6719251996870094
0.6731985223877737
0.6683246443641301
0.6719251996869946
0.6731985223877721
0.6683246443641397
0.6719251996870237
0.6731985223877716
0.6683246443641491
0.6719251996870731
0.6731985223877786
0.6683246443641477
0.6719251996870892
0.6731985223877813
0.668324644364142
0.6719251996870532
0.6731985223877783
0.6683246443641434
0.6719251996870226
0.6731985223877672
0.6683246443641445
0.6719251996870383
0.6731985223877615
0.6683246443641422
0.6719251996870568
0.673198522387765
0.6683246443641411
0.6719251996870145
0.6731985223877763
0.6683246443641359
0.6719251996870038
0.6731985223877807
0.668324644364138
0.6719251996870443
0.6731985223877741
0.6683246443641473
0.6719251996870823
0.6731985223877723
0.6683246443641455
0.6719251996870796
0.6731985223877694
0.6683246443641455
0.6719251996870452
0.6731985223877771
0.6683246443641506
0.6719251996870603
0.6731985223877759
0.6683246443641397
0.6719251996870039
0.6731985223877666
0.6683246443641387
0.6719251996869946
0.6731985223877628
0.6683246443641454
0.67192519968705
0.673198522387766
0.6683246443641516
0.6719251996870719
0.673198522387772
0.6683246443641515
0.671925199687053
0.6731985223877806
0.6683246443641453
0.6719251996870501
0.6731985223877746
0.6683246443641442
0.6719251996870528
0.6731985223877616
0.6683246443641498
0.6719251996870461
0.673198522387763
0.6683246443641496
0.6719251996870377
0.6731985223877647
0.6683246443641375
0.6719251996870103
0.673198522387771
0.6683246443641324
0.6719251996870141
0.6731985223877728
0.6683246443641402
0.6719251996870284
0.6731985223877699
0.6683246443641508
0.6719251996870682
0.6731985223877718
0.668324644364156
0.671925199687098
0.6731985223877754
0.6683246443641622
0.6719251996870841
0.6731985223877727
0.6683246443641488
0.671925199687051
0.6731985223877741
0.6683246443641411
0.6719251996870337
0.6731985223877681
0.6683246443641463
0.6719251996870197
0.6731985223877593
0.6683246443641484
0.6719251996870217
0.6731985223877646
0.6683246443641482
0.6719251996870506
0.6731985223877737
0.6683246443641409
0.6719251996870547
0.6731985223877723
0.6683246443641426
0.6719251996870255
0.6731985223877759
0.6683246443641541
0.6719251996870487
0.6731985223877729
0.6683246443641574
0.6719251996870665
0.6731985223877617
0.6683246443641484
0.6719251996870546
0.6731985223877679
0.6683246443641371
0.6719251996870182
0.6731985223877708
0.6683246443641362
0.6719251996869982
0.6731985223877657
0.6683246443641373
0.6719251996870255
0.6731985223877721
0.6683246443641581
0.6719251996870756
0.6731985223877743
0.6683246443641468
0.6719251996870567
0.6731985223877728
0.6683246443641445
0.6719251996870925
0.6731985223877739
0.6683246443641452
0.6719251996870634
0.6731985223877759
0.6683246443641419
0.6719251996870222
0.6731985223877692
0.6683246443641403
0.671925199687033
0.6731985223877649
0.6683246443641401
0.671925199687048
0.6731985223877646
0.6683246443641362
0.6719251996870318
0.673198522387779
0.6683246443641335
0.6719251996870237
0.6731985223877825
0.6683246443641373
0.671925199687045
0.673198522387779
0.6683246443641537
0.6719251996870708
0.6731985223877737
0.6683246443641566
0.671925199687069
0.67319852238777
0.6683246443641464
0.6719251996870574
0.6731985223877708
0.6683246443641345
0.6719251996870224
0.6731985223877719
0.6683246443641289
0.6719251996870023
0.673198522387773
0.668324644364135
0.6719251996870156
0.6731985223877699
0.6683246443641422
0.6719251996870327
0.673198522387771
0.6683246443641493
0.671925199687061
0.6731985223877761
0.6683246443641557
0.6719251996870637
0.6731985223877827
0.6683246443641571
0.6719251996870659
0.6731985223877781
0.6683246443641515
0.6719251996870578
0.6731985223877717
0.668324644364156
0.6719251996870308
0.6731985223877697
0.6683246443641493
0.6719251996870297
0.6731985223877717
0.6683246443641401
0.6719251996870252
0.6731985223877743
0.6683246443641383
0.6719251996870346
0.6731985223877828
0.6683246443641433
0.6719251996870377
0.6731985223877768
0.6683246443641544
0.6719251996870566
0.6731985223877686
0.6683246443641613
0.6719251996870816
0.6731985223877713
0.6683246443641551
0.6719251996870623
0.6731985223877744
0.668324644364142
0.671925199687017
0.673198522387775
0.6683246443641379
0.671925199686998
0.6731985223877731
0.6683246443641422
0.6719251996870254
0.6731985223877636
0.6683246443641389
0.6719251996870139
0.673198522387767
0.6683246443641468
0.671925199687054
0.673198522387776
0.6683246443641464
0.6719251996870748
0.6731985223877754
0.6683246443641455
0.6719251996870529
0.6731985223877806
0.6683246443641535
0.6719251996870512
0.6731985223877717
0.6683246443641497
0.6719251996870563
0.6731985223877632
0.6683246443641422
0.6719251996870446
0.6731985223877688
0.6683246443641344
0.6719251996870298
0.6731985223877732
0.6683246443641342
0.6719251996870184
0.6731985223877686
0.6683246443641343
0.67192519968703
0.6731985223877743
0.6683246443641455
0.6719251996870537
0.6731985223877737
0.6683246443641581
0.6719251996870631
0.6731985223877706
0.6683246443641515
0.6719251996870603
0.673198522387778
0.668324644364147
0.671925199687053
0.6731985223877724
0.6683246443641496
0.6719251996870341
0.673198522387768
0.66832464436414
0.6719251996870315
0.6731985223877707
0.6683246443641364
0.6719251996870377
0.6731985223877679
0.6683246443641401
0.6719251996870239
0.6731985223877721
0.6683246443641437
0.6719251996870357
0.6731985223877786
0.6683246443641482
0.6719251996870517
0.6731985223877736
0.6683246443641506
0.6719251996870605
0.6731985223877723
0.6683246443641511
0.6719251996870517
0.6731985223877696
0.668324644364148
0.6719251996870486
0.6731985223877669
0.668324644364141
0.6719251996870395
0.6731985223877721
0.6683246443641321
0.6719251996870219
0.6731985223877706
0.6683246443641393
0.6719251996870161
0.6731985223877675
0.6683246443641446
0.6719251996870335
0.6731985223877686
0.6683246443641515
0.6719251996870738
0.6731985223877714
0.6683246443641553
0.6719251996870725