0.6722964509944533
0.6692740864802984
0.6690040631606791
0.6722964509250494
0.6692740863416307
0.6690040628992364
0.6722964508854384
0.6692740861597234
0.6690040625855169
0.6722964509491192
0.6692740862380968
0.6690040627453324
0.6722964510516115
0.6692740863664287
0.6690040630103562
0.6722964510637391
0.6692740863587241
0.669004063007308
0.6722964509648971
0.6692740863084043
0.6690040628697816
0.6722964508737974
0.6692740862282877
0.6690040626903117
0.6722964508950029
0.6692740862528811
0.6690040627446567
0.6722964509886731
0.6692740864390441
0.6690040630961256
0.67229645103442
0.6692740864478194
0.6690040631354672
0.672296450993296
0.6692740862414053
0.669004062781987
0.6722964509427658
0.6692740861589995
0.6690040626200009
0.6722964509551805
0.6692740862383693
0.6690040627531317
0.6722964510003597
0.66927408638129
0.6690040630074645
0.6722964510371309
0.6692740864453668
0.6690040631328806
0.6722964509912632
0.6692740864400102
0.6690040630986771
0.6722964508945091
0.6692740862561604
0.669004062749107
0.6722964508720247
0.6692740862287901
0.6690040626886704
0.6722964509637099
0.669274086304251
0.6690040628607703
0.6722964510624175
0.6692740863571653
0.6690040630032217
0.6722964510513318
0.6692740863700919
0.669004063015954
0.6722964509518966
0.6692740862404445
0.6690040627504374
0.6722964508884891
0.6692740861588709
0.6690040625857335
0.6722964509246663
0.6692740863405007
0.6690040628981957
0.6722964509925231
0.6692740864798669
0.6690040631605718
0.6722964510001326
0.6692740863826792
0.6690040630108925
0.6722964509550234
0.6692740862409685
0.6690040627589529
0.6722964509410394
0.6692740861578992
0.6690040626193117
0.6722964509927363
0.669274086237642
0.6690040627770926
0.6722964510278864
0.6692740863267533
0.669004062935104
0.6722964510596938
0.6692740864339981
0.6690040631276291
0.6722964509790372
0.6692740863341676
0.6690040629244529
0.6722964508765437
0.6692740862659043
0.6690040627541484
0.6722964508770602
0.6692740862617967
0.6690040627471497
0.67229645097785
0.6692740863290187
0.6690040629144897
0.6722964510560135
0.6692740864348383
0.6690040631268048
0.672296451027228
0.6692740863300326
0.6690040629393309
0.6722964509451632
0.6692740861404882
0.6690040625889494
0.6722964509173627
0.6692740862090201
0.6690040626826051
0.6722964509611004
0.6692740863874198
0.6690040629922392
0.6722964509947882
0.6692740864483284
0.6690040631087639
0.6722964509621968
0.6692740863896931
0.669004062996475
0.6722964509152018
0.6692740862105029
0.6690040626849327
0.6722964509414213
0.669274086139483
0.6690040625874298
0.6722964509506515
0.6692740862370483
0.6690040627429423
0.6722964510525438
0.6692740863650514
0.6690040630081813
0.672296451062621
0.669274086358571
0.6690040630075258
0.6722964509645779
0.6692740863101464
0.6690040628728043
0.6722964508751518
0.6692740862298987
0.6690040626931582
0.6722964508950604
0.6692740862533819
0.6690040627460221
0.67229645098726
0.6692740864388219
0.6690040630962925
0.6722964510345246
0.6692740864452582
0.6690040631314117
0.6722964509939751
0.6692740862375851
0.669004062775937
0.6722964509412006
0.6692740861583132
0.66900406261923
0.6722964509535163
0.6692740862388924
0.6690040627540699
0.6722964510015812
0.6692740863792936
0.6690040630041237
0.6722964509958249
0.6692740864808312
0.6690040631613929
0.6722964509240253
0.6692740863454938
0.6690040629046524
0.6722964508846346
0.6692740861617131
0.6690040625878869
0.6722964508729203
0.6692740862284254
0.6690040626884863
0.6722964509641132
0.6692740863033955
0.66900406285982
0.6722964510611267
0.6692740863552074
0.6690040630006293
0.6722964510511014
0.6692740863677401
0.6690040630123746
0.6722964509533184
0.669274086239642
0.6690040627489192
0.67229645088862
0.6692740861605119
0.6690040625881959
0.6722964509236049
0.6692740863434278
0.6690040629031284
0.6722964509934373
0.6692740864812198
0.669004063162703
0.6722964510018596
0.6692740863817592
0.6690040630091592
0.6722964509540327
0.6692740862414036
0.6690040627597287
0.6722964509390583
0.6692740861592419
0.6690040626214033
0.6722964509932929
0.6692740862347115
0.6690040627722986
0.6722964510381357
0.6692740864419493
0.6690040631280123
0.672296450990043
0.6692740864405747
0.669004063100155
0.672296450893274
0.6692740862575434
0.6690040627520728
0.6722964508778619
0.6692740862664559
0.6690040627550818
0.6722964508775563
0.6692740862641768
0.6690040627505989
0.6722964509764882
0.6692740863310769
0.6690040629173688
0.6722964510556935
0.6692740864335767
0.6690040631244543
0.6722964510283851
0.6692740863272927
0.6690040629342997
0.6722964509446342
0.6692740861397009
0.6690040625867597
0.6722964509153514
0.6692740862099651
0.6690040626837908
0.672296450961303
0.6692740863880978
0.6690040629931795
0.6722964509966969
0.6692740864479783
0.6690040631077327
0.6722964509621884
0.6692740863907318
0.6690040629979042
0.6722964509141363
0.6692740862141362
0.6690040626903737
0.6722964509424221
0.669274086140631
0.669004062588492
0.6722964510292708
0.6692740863252387
0.6690040629323962
0.6722964510591043
0.6692740864338376
0.6690040631271681
0.672296450978477
0.6692740863349532
0.669004062926047
0.6722964509658759
0.6692740863073479
0.6690040628683689
0.6722964508756765
0.6692740862300665
0.6690040626932607
0.6722964508937092
0.6692740862567828
0.6690040627513718
0.6722964509871835
0.6692740864405926
0.669004063099756
0.6722964510363335
0.6692740864442908
0.6690040631307574
0.6722964509942386
0.6692740862372544
0.6690040627756033
0.6722964509395193
0.669274086158464
0.6690040626198654
0.6722964509532706
0.6692740862379691
0.6690040627533891
0.6722964510027987
0.6692740863773383
0.6690040630014609
0.6722964509955349
0.6692740864788681
0.6690040631589864
0.6722964509229166
0.6692740863457047
0.669004062905957
0.6722964508852918
0.6692740861623214
0.6690040625893241
0.6722964509513643
0.6692740862365474
0.6690040627423769
0.6722964510513443
0.6692740863643708
0.6690040630067193
0.6722964510617588
0.6692740863570714
0.6690040630051827
0.6722964510523419
0.6692740863652364
0.6690040630082659
0.6722964509538161
0.6692740862370234
0.669004062744461
0.6722964508870124
0.6692740861610798
0.6690040625884797
0.6722964509230607
0.6692740863444859
0.6690040629046377
0.6722964509949827
0.6692740864804544
0.6690040631619867
0.6722964510025036
0.6692740863820675
0.669004063009563
0.6722964509531935
0.669274086242621
0.6690040627613406
0.6722964509393361
0.6692740861595123
0.6690040626218564
0.6722964509943884
0.6692740862349994
0.6690040627722251
0.6722964510375777
0.6692740864418537
0.6690040631271803
0.6722964509890236
0.6692740864401696
0.6690040630993834
0.6722964508942568
0.6692740862576247
0.6690040627522236
0.6722964508737801
0.6692740862299095
0.6690040626910169
0.6722964509627991
0.669274086305949
0.6690040628634064
0.6722964510600903
0.6692740863564426
0.6690040630024132
0.672296451057253
0.6692740864341895
0.6690040631259618
0.6722964510293885
0.6692740863260898
0.669004062933134
0.6722964509435541
0.6692740861393385
0.669004062586269
0.6722964509148766
0.6692740862102117
0.6690040626838556
0.6722964509622593
0.6692740863870698
0.669004062991791
0.6722964509966257
0.6692740864480035
0.6690040631078084
0.6722964509611788
0.6692740863917594
0.6690040629992818
0.6722964509146347
0.6692740862137234
0.6690040626900013
0.6722964509434525
0.6692740861409056
0.6690040625889122
0.672296451028204
0.6692740863265283
0.6690040629337807
0.6722964510576347
0.669274086433196
0.6690040631255276
0.6722964509794472
0.6692740863321758
0.6690040629212564
0.6722964508789775
0.6692740862651743
0.6690040627532383
0.6722964508765044
0.6692740862658355
0.6690040627531152
0.6722964509756932
0.6692740863339122
0.6690040629221247
0.6722964509882801
0.6692740864410419
0.6690040631004359
0.6722964510368784
0.66927408644462
0.6690040631319312
0.6722964509931312
0.6692740862371326
0.6690040627759665
0.6722964509393194
0.6692740861581621
0.669004062619246
0.6722964509541713
0.6692740862367471
0.6690040627516127
0.6722964510021148
0.6692740863771014
0.6690040630011933
0.6722964509939908
0.6692740864797758
0.669004063160022
0.6722964509235396
0.6692740863446339
0.6690040629044294
0.6722964508869044
0.6692740861616533
0.6690040625889049
0.6722964509507583
0.6692740862391782
0.669004062746988
0.6722964510500409
0.6692740863666609
0.669004063010584
0.6722964510628272
0.669274086355434
0.6690040630027483
0.6722964509671311
0.6692740863046365
0.6690040628646224
0.6722964508747025
0.6692740862286886
0.669004062691025
0.6722964508927546
0.6692740862567712
0.6690040627512504
0.6722964509241235
0.6692740863440017
0.6690040629028438
0.6722964509951879
0.6692740864823072
0.669004063164214
0.6722964510011926
0.6692740863840425
0.669004063012357
0.6722964509534304
0.6692740862434803
0.6690040627619285
0.6722964509410613
0.6692740861592619
0.6690040626209396
0.6722964509941222
0.6692740862352395
0.6690040627724052
0.6722964510357821
0.6692740864428763
0.6690040631280458
0.6722964509892062
0.6692740864384572
0.6690040630960078
0.6722964508957203
0.6692740862542431
0.6690040627467733
0.6722964508732725
0.6692740862300173
0.6690040626913429
0.6722964509614856
0.6692740863090002
0.6690040628683316
0.672296451060997
0.6692740863578741
0.6690040630046221
0.6722964510535117
0.6692740863657356
0.6690040630093825
0.6722964509529394
0.6692740862373951
0.6690040627448688
0.6722964508862439
0.6692740861603031
0.6690040625867817
0.6722964509160114
0.6692740862065603
0.669004062678396
0.6722964509623007
0.6692740863859474
0.669004062990199
0.6722964509947021
0.6692740864483644
0.6690040631089496
0.6722964509609619
0.6692740863910924
0.6690040629985133
0.6722964509166528
0.6692740862127639
0.6690040626888363
0.6722964509439506
0.6692740861415876
0.6690040625909697
0.6722964510269667
0.6692740863292014
0.6690040629388732
0.6722964510578973
0.6692740864343786
0.6690040631278558
0.6722964509807933
0.6692740863298732
0.6690040629178933
0.6722964508784686
0.6692740862627417
0.6690040627496339
0.672296450875171
0.6692740862654859
0.6690040627525725
0.6722964509763236
0.6692740863333186
0.6690040629208018
0.6722964510579527
0.6692740864344864
0.6690040631264316
0.6722964510280487
0.6692740863277472
0.6690040629359312
0.6722964509426042
0.6692740861383464
0.6690040625854519
0.6722964509413383
0.6692740861569706
0.6690040626175024
0.6722964509552115
0.6692740862363655
0.6690040627508038
0.6722964510004572
0.6692740863781075
0.6690040630029317
0.6722964509931312
0.6692740864785411
0.6690040631580914
0.6722964509246607
0.6692740863418851
0.66900406289978
0.672296450886845
0.669274086160139
0.6690040625865259
0.6722964509493772
0.6692740862401133
0.6690040627486757
0.6722964510502645
0.6692740863692132
0.6690040630145202
0.6722964510640927
0.6692740863573352
0.6690040630052074
0.6722964509667213
0.6692740863052695
0.6690040628651468
0.6722964508737679
0.6692740862289028
0.6690040626910809
0.6722964508939331
0.6692740862553115
0.6690040627483156
0.6722964509894787
0.6692740864404083
0.6690040630988364
0.6722964510358707
0.6692740864479808
0.6690040631366717
0.672296450992597
0.6692740862401878
0.6690040627810666
0.67229645095502
0.6692740862429503
0.6690040627611196
0.6722964509425375
0.6692740861598805
0.6690040626215519
0.6722964509934204
0.6692740862389719
0.6690040627781757
0.6722964510356589
0.6692740864453297
0.6690040631319469
0.672296450990564
0.6692740864386527
0.6690040630959189
0.6722964508956568
0.6692740862536879
0.6690040627452756
0.6722964508719802
0.6692740862283015
0.6690040626882188
0.6722964509618502
0.6692740863074182
0.6690040628655866
0.6722964510621103
0.6692740863582378
0.6690040630048074
0.6722964510526289
0.6692740863671482
0.6690040630115481
0.6722964509514716
0.6692740862384184
0.6690040627471919
0.6722964508870181
0.6692740861583288
0.669004062584525
0.6722964509250748
0.6692740863401276
0.6690040628974153
0.6722964509937699
0.669274086481594
0.6690040631631405
0.6722964509999452
0.6692740863859268
0.6690040630155661
0.6722964509611868
0.6692740863883515
0.6690040629942202
0.672296450916641
0.669274086209431
0.6690040626836042
0.6722964509424139
0.669274086141204
0.6690040625905642
0.6722964510266
0.669274086329456
0.6690040629398061
0.6722964510592149
0.6692740864348456
0.6690040631290877
0.672296450980695
0.6692740863321625
0.6690040629215412
0.6722964508772488
0.6692740862632662
0.6690040627505173
0.6722964508758629
0.6692740862626635
0.6690040627486535
0.6722964509778679
0.6692740863313785
0.6690040629181393
0.6722964510574194
0.6692740864353568
0.6690040631278865
0.6722964510268309
0.6692740863304262
0.6690040629404058
0.672296450943623
0.6692740861401472
0.6690040625886045
0.6722964509174205
0.6692740862056736
0.6690040626772892
0.6722964509613153
0.6692740863846349
0.66900406298783
0.6722964509930838
0.6692740864482726
0.6690040631086578