0.6708067399632862
0.6662484314250384
0.681268389607648
0.67080673999503
0.6662484313928809
0.681268389581194
0.6708067400287728
0.666248431363953
0.6812683895646521
0.6708067400189417
0.666248431380419
0.6812683895835523
0.6708067399807455
0.6662484314233013
0.6812683896176008
0.6708067399683126
0.6662484314361623
0.681268389624628
0.6708067399988982
0.6662484314011028
0.6812683895950821
0.6708067400291526
0.6662484313634954
0.6812683895644398
0.6708067400152622
0.6662484313708825
0.6812683895693374
0.6708067399758705
0.6662484314106307
0.6812683895987789
0.6708067399654349
0.6662484314283219
0.6812683896138045
0.6708067399997201
0.6662484314029247
0.6812683895983043
0.6708067400329584
0.6662484313734331
0.6812683895796807
0.6708067400200524
0.6662484313828124
0.6812683895869981
0.6708067399779187
0.6662484314168684
0.6812683896081715
0.6708067399740651
0.6662484314274204
0.6812683896145215
0.6708067399764729
0.6662484314182786
0.6812683896006149
0.6708067400077565
0.6662484313812302
0.6812683895768615
0.6708067400238268
0.6662484313651922
0.6812683895720884
0.6708067400025169
0.6662484313932545
0.6812683895943545
0.6708067399745785
0.6662484314303788
0.6812683896181702
0.6708067399801869
0.6662484314294068
0.6812683896165067
0.67080674001226
0.6662484313936675
0.6812683895938432
0.6708067400254355
0.6662484313705457
0.6812683895794275
0.6708067400006219
0.6662484313879911
0.6812683895868312
0.6708067399706935
0.666248431418005
0.6812683896012164
0.6708067399766566
0.6662484314177045
0.6812683896004139
0.6708067400111248
0.6662484313893314
0.6812683895884901
0.6708067400283191
0.6662484313764228
0.6812683895880794
0.670806740005469
0.6662484313999324
0.6812683896044809
0.6708067399999214
0.6662484314080634
0.6812683896036562
0.6708067399731222
0.666248431431882
0.6812683896166298
0.670806739982139
0.6662484314134962
0.6812683896047909
0.6708067400132424
0.6662484313743772
0.6812683895783785
0.6708067400218147
0.666248431365324
0.6812683895689232
0.6708067399954663
0.6662484313980575
0.6812683895877227
0.6708067399715667
0.6662484314299495
0.6812683896124937
0.6708067399848574
0.6662484314215715
0.6812683896153655
0.6708067400178059
0.6662484313874908
0.6812683895972914
0.6708067400253155
0.6662484313750622
0.6812683895827825
0.6708067399958013
0.666248431398722
0.6812683895889728
0.670806739968508
0.6662484314218032
0.6812683896007922
0.6708067399798596
0.6662484314095498
0.6812683895976479
0.6708067400146462
0.6662484313797773
0.6812683895851577
0.6708067400261077
0.6662484313768504
0.6812683895858093
0.6708067400224308
0.6662484313775965
0.6812683895779783
0.6708067399847322
0.6662484314205065
0.6812683896113494
0.6708067399670368
0.6662484314369511
0.6812683896256269
0.6708067399940312
0.6662484314040303
0.6812683896003666
0.6708067400272582
0.6662484313643349
0.6812683895665572
0.6708067400192002
0.6662484313682288
0.6812683895642887
0.6708067399799891
0.6662484314073038
0.681268389593014
0.6708067399643511
0.6662484314285286
0.6812683896145939
0.6708067399950309
0.6662484314059798
0.6812683896043991
0.6708067400312174
0.6662484313748211
0.6812683895815963
0.6708067400233055
0.6662484313803447
0.6812683895816984
0.6708067399817945
0.6662484314139987
0.6812683896018841
0.6708067399622637
0.6662484314253556
0.6812683896084887
0.6708067399904779
0.6662484313955659
0.6812683895875824
0.6708067400270536
0.6662484313648138
0.6812683895670696
0.6708067400282156
0.6662484313610013
0.6812683895635854
0.6708067400031315
0.6662484313914139
0.6812683895908169
0.670806739970446
0.666248431432042
0.6812683896222058
0.6708067399768153
0.6662484314305548
0.6812683896192923
0.6708067400141409
0.6662484313910281
0.6812683895896228
0.6708067400304988
0.666248431366274
0.6812683895714127
0.6708067400017296
0.666248431385891
0.6812683895837647
0.6708067399664088
0.666248431419161
0.6812683896042875
0.6708067399728855
0.6662484314188126
0.6812683896030114
0.6708067400132032
0.6662484313873526
0.6812683895839942
0.6708067400329811
0.6662484313723299
0.681268389580246
0.6708067400063471
0.6662484313977785
0.6812683896008958
0.6708067399699456
0.6662484314282688
0.6812683896176142
0.6708067399732509
0.6662484314190921
0.6812683896035889
0.6708067400099713
0.6662484313790471
0.6812683895726841
0.6708067400158488
0.666248431373526
0.6812683895753388
0.6708067400187296
0.6662484313674216
0.681268389572897
0.6708067399911483
0.6662484314010945
0.6812683895946544
0.670806739972096
0.6662484314302287
0.6812683896134183
0.6708067399893143
0.6662484314190392
0.6812683896105143
0.6708067400204665
0.6662484313865363
0.6812683895944264
0.6708067400223385
0.6662484313776982
0.6812683895875083
0.6708067399912394
0.6662484314022452
0.6812683895953917
0.6708067399684114
0.666248431422179
0.6812683896013012
0.6708067399844991
0.6662484314071866
0.6812683895924211
0.6708067400175247
0.666248431378501
0.6812683895829049
0.6708067400235094
0.6662484313791036
0.6812683895905023
0.6708067399953506
0.6662484314111305
0.681268389610119
0.6708067399730655
0.6662484314321467
0.6812683896170885
0.6708067399868378
0.6662484314115914
0.6812683895996152
0.6708067399930769
0.6662484314059978
0.6812683896037547
0.6708067400225778
0.6662484313683603
0.681268389574473
0.6708067400173989
0.6662484313703119
0.6812683895687486
0.6708067399838309
0.6662484314060595
0.6812683895901376
0.6708067399683857
0.6662484314269499
0.6812683896110421
0.6708067399939186
0.6662484314080384
0.6812683896072964
0.6708067400262161
0.6662484313792758
0.6812683895898899
0.6708067400214603
0.6662484313828487
0.6812683895859841
0.6708067399856037
0.6662484314127088
0.681268389599142
0.6708067399666087
0.6662484314236174
0.6812683896048863
0.6708067399893177
0.6662484313970537
0.6812683895909111
0.6708067400223932
0.6662484313692323
0.6812683895752218
0.6708067400204905
0.6662484313804078
0.6812683895825897
0.6708067399879774
0.6662484314193211
0.6812683896082322
0.6708067399710661
0.6662484314354697
0.681268389621804
0.6708067399727218
0.66624843143212
0.6812683896239318
0.6708067400108033
0.6662484313923677
0.6812683895932659
0.6708067400324897
0.6662484313644994
0.6812683895680889
0.6708067400063364
0.6662484313825702
0.6812683895764683
0.6708067399670281
0.6662484314178195
0.6812683896015582
0.6708067399688618
0.666248431420716
0.6812683896067349
0.6708067400096946
0.666248431388777
0.6812683895877936
0.6708067400349411
0.6662484313702195
0.681268389576525
0.6708067400111828
0.666248431393911
0.6812683895938637
0.6708067399711866
0.6662484314269335
0.6812683896155183
0.670806739968849
0.6662484314205999
0.6812683896075717
0.6708067400062194
0.6662484313804895
0.6812683895753675
0.670806740030204
0.6662484313596122
0.6812683895600248
0.6708067400078795
0.6662484313878717
0.6812683895835308
0.6708067399713991
0.6662484314303528
0.681268389619587
0.670806739967505
0.6662484314318968
0.6812683896177252
0.6708067399892415
0.6662484314177642
0.6812683896081794
0.670806740024918
0.666248431382784
0.6812683895866334
0.6708067400250459
0.6662484313754988
0.68126838958231
0.6708067399880475
0.6662484314030088
0.6812683895972019
0.6708067399640106
0.6662484314237228
0.6812683896050109
0.6708067399848163
0.6662484314058676
0.6812683895912599
0.6708067400221577
0.6662484313744874
0.6812683895753043
0.6708067400259892
0.666248431376439
0.6812683895852455
0.6708067399925437
0.6662484314125454
0.6812683896126197
0.6708067399684561
0.6662484314341859
0.6812683896213965
0.6708067399867277
0.6662484314102461
0.6812683895970064
0.6708067400204247
0.6662484313696273
0.681268389567798
0.6708067400217774
0.6662484313647121
0.6812683895678944
0.6708067399885445
0.666248431401751
0.6812683895966608
0.6708067399818298
0.6662484314086288
0.6812683895944608
0.6708067399717297
0.666248431425704
0.6812683896072209
0.6708067399977837
0.6662484314061323
0.6812683896029152
0.6708067400254057
0.6662484313810351
0.6812683895930255
0.6708067400167907
0.6662484313867711
0.6812683895941565
0.6708067399837678
0.6662484314146204
0.6812683896031053
0.6708067399702675
0.6662484314221218
0.6812683896024402
0.6708067399936378
0.6662484313954133
0.6812683895869773
0.6708067400211086
0.6662484313708218
0.6812683895777139
0.6708067400156171
0.6662484313848447
0.6812683895904248
0.6708067399860805
0.6662484314218569
0.681268389612702
0.670806739974724
0.6662484314339777
0.6812683896185483
0.6708067399971998
0.6662484314040426
0.6812683896004591
0.6708067400215845
0.6662484313697303
0.6812683895778481
0.6708067400126853
0.6662484313742911
0.6812683895766072
0.6708067400082386
0.6662484313825747
0.6812683895752774
0.6708067399719468
0.6662484314159967
0.6812683895966538
0.6708067399697346
0.6662484314204902
0.6812683896067171
0.6708067400057488
0.6662484313918382
0.681268389594579
0.6708067400316642
0.666248431373158
0.681268389582755
0.6708067400131973
0.6662484313936963
0.6812683895924541
0.6708067399755766
0.6662484314250513
0.681268389610882
0.6708067399697507
0.6662484314210659
0.6812683896071426
0.6708067400020148
0.6662484313836637
0.6812683895815068
0.6708067400268656
0.6662484313624147
0.6812683895657179
0.6708067400099832
0.6662484313872629
0.6812683895824917
0.6708067399762412
0.6662484314279667
0.6812683896145362
0.6708067399737445
0.6662484314323694
0.681268389624306
0.6708067400066094
0.666248431395811
0.6812683895998998
0.6708067400287203
0.6662484313674562
0.6812683895733671
0.6708067400294463
0.6662484313713519
0.6812683895744674
0.6708067399911566
0.6662484314003222
0.681268389592227
0.6708067399613025
0.6662484314242623
0.6812683896076085
0.6708067399802883
0.666248431407322
0.6812683895952679
0.6708067400221044
0.6662484313731207
0.6812683895730747
0.6708067400305608
0.6662484313726236
0.6812683895769844
0.670806739995093
0.6662484314100386
0.6812683896073348
0.6708067399655133
0.6662484314351866
0.6812683896230982
0.6708067399820783
0.6662484314117976
0.6812683896011982
0.6708067400207909
0.6662484313682777
0.6812683895663381
0.6708067400265576
0.6662484313605792
0.6812683895608251
0.6708067399911822
0.6662484313987281
0.6812683895910656
0.6708067399645613
0.666248431432828
0.681268389619591
0.6708067399848922
0.6662484314199261
0.6812683896122029
0.6708067400248439
0.6662484313814759
0.6812683895841543
0.6708067400294464
0.6662484313773778
0.681268389586873
0.6708067400158287
0.6662484313867255
0.6812683895947023
0.6708067399790032
0.6662484314172685
0.6812683896089228
0.6708067399683246
0.6662484314231708
0.6812683896038199
0.6708067399969336
0.6662484313926782
0.6812683895808802
0.6708067400251729
0.6662484313675068
0.6812683895708892
0.670806740014745
0.6662484313846821
0.6812683895911935
0.670806739981676
0.6662484314242141
0.6812683896182107
0.6708067399726654
0.6662484314343604
0.6812683896204136
0.6708067400007842
0.6662484314012509
0.6812683895949608
0.6708067400258095
0.6662484313669473
0.6812683895720342
0.6708067400114262
0.666248431374533
0.6812683895767908
0.6708067399766968
0.6662484314110928
0.6812683895993892
0.6708067399700177
0.6662484314266287
0.6812683896090668
0.6708067400015987
0.666248431403182
0.6812683895977109
0.6708067400067816
0.6662484313923023
0.6812683895954804
0.6708067400274851
0.6662484313768625
0.6812683895895961
0.6708067400094104
0.6662484313971291
0.6812683895987763
0.6708067399775421
0.6662484314254417
0.6812683896098937
0.6708067399744337
0.6662484314196846
0.6812683896030314
0.6708067400028963
0.6662484313842485
0.6812683895822919
0.6708067400226714
0.6662484313658088
0.6812683895733876
0.6708067400068256
0.666248431390547
0.6812683895890221
0.6708067399781611
0.6662484314277898
0.6812683896138141
0.6708067399782986
0.6662484314305521
0.6812683896192294
0.6708067400075066
0.6662484313967303
0.6812683896003857
0.6708067400245777
0.666248431371498
0.6812683895805488
0.6708067400045165
0.6662484313857786
0.6812683895815019
0.6708067399739807
0.6662484314159466
0.6812683895962965
0.6708067399747074
0.6662484314187798
0.6812683896031999
0.6708067399773412
0.6662484314096991
0.681268389599383
0.6708067400176141
0.6662484313765115
0.6812683895790171
0.6708067400303723
0.6662484313726733
0.6812683895772953
0.6708067399996236
0.6662484314071695
0.6812683896016347
0.6708067399684833
0.6662484314336942
0.681268389620591
0.6708067399794897
0.6662484314139545
0.681268389606039
0.6708067400160324
0.6662484313712193
0.6812683895728815
0.6708067400264566
0.6662484313610162
0.6812683895608129
0.6708067399955736
0.666248431396506
0.6812683895856748
0.6708067399673161
0.6662484314315391
0.6812683896161426
0.6708067399820241
0.6662484314220217
0.6812683896166815
0.6708067400204726
0.666248431384508
0.6812683895909903
0.6708067400296266
0.666248431371208
0.6812683895750138
0.6708067399958259
0.6662484313976478
0.6812683895869893
0.6708067399640302
0.6662484314230638
0.6812683896048355