0.66562558548223
0.6633895152878926
0.6990336412576477
0.6656256077515024
0.6633895000374612
0.6990334604554445
0.665625637982616
0.6633894953816888
0.6990332378478108
0.6656256780526364
0.6633894824655104
0.6990329785572923
0.6656257180894154
0.6633894560722209
0.6990327121483748
0.6656257389137584
0.663389444828113
0.699032527246748
0.6656257418673611
0.6633894506005729
0.6990324551268485
0.6656257422588278
0.6633894506525834
0.6990324738182433
0.6656257357457345
0.6633894463127957
0.6990325798103454
0.6656257060808433
0.6633894629625374
0.699032797661132
0.6656256610021398
0.6633894888544738
0.6990330724803545
0.6656256240479969
0.6633894996812513
0.6990333254707299
0.6656256008093886
0.6633895034184583
0.6990335293598651
0.6656255832013183
0.6633895192001475
0.6990336832659118
0.6656255756007816
0.6633895285452476
0.6990337316292676
0.6656257114378394
0.6633894571832863
0.6990327131874944
0.6656257352158617
0.6633894447294204
0.699032525754033
0.6656257460843513
0.6633894506284185
0.699032456562082
0.6656257486315733
0.6633894496195213
0.6990324729270017
0.6656257355118358
0.6633894466341155
0.6990325806523566
0.6656256995269076
0.6633894633273264
0.6990327965890025
0.6656256571411958
0.6633894895061991
0.6990330731781849
0.6656256283218227
0.6633894990984046
0.6990333252015148
0.6656256072323223
0.6633895028816413
0.6990335296884631
0.6656255829626062
0.6633895191783816
0.6990336831461699
0.6656255689225058
0.6633895291342892
0.6990337313005017
0.6656255816606449
0.6633895158870639
0.6990336417914955
0.6656256121166306
0.6633894992322319
0.6990334594866596
0.6656256443233843
0.6633894951828516
0.6990332391716115
0.6656256777974873
0.6633894820773177
0.6990329774958286
0.6656257287082934
0.6633894471773271
0.699032580094494
0.6656256983753364
0.6633894634888362
0.6990327968019673
0.665625663195951
0.6633894890123933
0.699033073542142
0.6656256332963335
0.6633894984220938
0.6990333247775666
0.665625604143046
0.6633895033857354
0.6990335302321368
0.6656255761322623
0.6633895196360777
0.6990336823724937
0.6656255678263532
0.6633895295156582
0.6990337320292257
0.6656255877622563
0.6633895148735648
0.6990336407382753
0.6656256169457664
0.6633894992307607
0.6990334610285256
0.6656256413005931
0.6633894950456101
0.6990332378745336
0.6656256709866812
0.6633894832195932
0.6990329784922648
0.6656257103938391
0.6633894568122789
0.6990327118572524
0.6656257411567511
0.6633894445692772
0.6990325271824509
0.6656257510273129
0.6633894497836477
0.6990324557388031
0.6656257456353898
0.6633894501279827
0.6990324733732065
0.6656255984268946
0.6633895035034975
0.6990335288589986
0.6656255778369078
0.6633895198395658
0.6990336834245277
0.6656255746814354
0.6633895284068396
0.6990337310060544
0.6656255902299231
0.6633895151004782
0.6990336421989762
0.6656256116694967
0.6633894993771562
0.6990334597327121
0.6656256355589233
0.6633894959447177
0.6990332386081682
0.6656256726792626
0.663389482757617
0.6990329777480979
0.6656257171431574
0.663389456404601
0.6990327128185978
0.6656257437750344
0.663389444084557
0.6990325266310603
0.6656257457335801
0.6633894503989792
0.6990324557766969
0.6656257398372665
0.663389450716739
0.6990324733381224
0.6656257303948896
0.6633894469382078
0.6990325799320272
0.6656257052292713
0.6633894630225379
0.6990327974997982
0.6656256658029116
0.6633894883835201
0.6990330726177553
0.6656256278869525
0.6633894994222788
0.6990333259472906
0.6656256078971373
0.6633894999888326
0.6990334602759944
0.6656256397256984
0.6633894954352584
0.69903323847843
0.6656256791321862
0.6633894821070399
0.6990329779669706
0.6656257168798313
0.6633894564608891
0.699032712812846
0.6656257371743164
0.6633894446161449
0.6990325261024208
0.6656257418941101
0.6633894510144055
0.6990324563999246
0.6656257440967268
0.6633894500515063
0.6990324727040618
0.6656257368785985
0.6633894465572439
0.6990325808314232
0.6656257049304187
0.6633894626961668
0.699032796493493
0.6656256591255607
0.6633894895402209
0.6990330738819635
0.6656256242037542
0.6633894992379067
0.6990333243237934
0.6656256026346052
0.6633895035388738
0.6990335301749465
0.6656255843034711
0.6633895187719465
0.6990336824837362
0.665625574304131
0.6633895288688061
0.6990337321854514
0.6656255837061007
0.6633895154154924
0.6990336410189163
0.6656257359290536
0.6633894451845541
0.6990325273058521
0.6656257480725027
0.6633894499429147
0.6990324552187036
0.6656257489768782
0.6633894499822939
0.6990324739809448
0.6656257337905302
0.6633894464922852
0.6990325797460277
0.6656256981556072
0.663389463763552
0.6990327974924185
0.6656256580379365
0.6633894892148184
0.6990330725335592
0.6656256302573629
0.6633894990101977
0.6990333255564388
0.6656256075186557
0.6633895027373963
0.6990335295159051
0.6656255812171901
0.6633895193375181
0.6990336830693431
0.6656255676412222
0.6633895293428402
0.699033731423627
0.6656255824886379
0.6633895156741687
0.6990336413613814
0.6656256139374881
0.6633894993899214
0.6990334605481096
0.6656256446811422
0.6633894947773638
0.6990332381175824
0.6656256760609248
0.6633894826433853
0.6990329784386502
0.6656257101217411
0.6633894568071965
0.6990327118235715
0.6656256999053642
0.6633894632679558
0.6990327965834503
0.6656256648520666
0.6633894887576524
0.6990330734532879
0.6656256327224319
0.663389498652545
0.6990333253002277
0.6656256023237783
0.6633895032685218
0.6990335293654224
0.6656255754421683
0.6633895199632769
0.6990336830360735
0.6656255692864053
0.6633895290886548
0.6990337312885269
0.665625589348978
0.6633895151760543
0.6990336420924164
0.6656256164964558
0.6633894988607237
0.6990334597259708
0.6656256393860525
0.663389495592268
0.6990332388569669
0.6656256702458783
0.6633894828591175
0.6990329773243801
0.6656257117817275
0.6633894571338274
0.6990327131673407
0.665625742895213
0.6633894439494182
0.699032525937278
0.6656257504764068
0.6633894502213827
0.6990324567413528
0.6656257437281388
0.6633894500837368
0.6990324727412924
0.6656257279950353
0.6633894474259745
0.699032580523532
0.6656255797325392
0.6633895192299601
0.6990336823696074
0.6656255756932841
0.6633895288327094
0.6990337324586662
0.6656255891337746
0.6633895147349848
0.6990336407719875
0.66562560983472
0.6633894999541978
0.6990334608384761
0.6656256355656427
0.6633894956024693
0.6990332376867692
0.6656256745524892
0.6633894827834274
0.6990329784290128
0.6656257182309973
0.6633894560804248
0.6990327121451687
0.6656257425210901
0.6633894444459789
0.699032527243813
0.6656257439244817
0.66338945052448
0.6990324556120093
0.6656257399154548
0.6633894506920172
0.6990324731935443
0.6656257323020098
0.6633894468078806
0.6990325801597568
0.6656257062400344
0.6633894627627563
0.6990327971292087
0.6656256645799012
0.6633894887929294
0.6990330734539215
0.6656256262171798
0.6633894991204838
0.6990333246071501
0.6656255984422835
0.6633895039365336
0.6990335300389612
0.6656256416627571
0.6633894953095679
0.6990332386850775
0.6656256794203126
0.6633894820737343
0.699032977896137
0.665625715166035
0.6633894566256302
0.6990327128272789
0.6656257357457132
0.6633894449622892
0.6990325265477788
0.6656257428239737
0.6633894506712068
0.699032455633096
0.6656257459451385
0.6633894501430196
0.6990324735488345
0.6656257371415164
0.6633894462166612
0.6990325800138003
0.6656257032707652
0.6633894632016771
0.6990327974399627
0.6656256578061737
0.6633894892315402
0.6990330725286382
0.6656256250060382
0.6633894996060812
0.6990333256766785
0.6656256045637654
0.663389502909592
0.6990335290588768
0.6656255846109371
0.6633895191987873
0.6990336836721924
0.6656255727300225
0.663389528616801
0.69903373098828
0.6656255822241468
0.6633895159535779
0.6990336421191199
0.6656256087695245
0.6633894995803061
0.6990334594969947
0.6656257495357653
0.6633894502563946
0.6990324565773303
0.6656257485444548
0.6633894495287682
0.6990324726403574
0.665625731868804
0.6633894471134214
0.6990325808261516
0.6656256974706718
0.6633894633991437
0.6990327962423584
0.6656256594648198
0.6633894894951518
0.6990330738686362
0.6656256318800995
0.6633894985169149
0.6990333246004443
0.6656256071123782
0.6633895030362655
0.6990335301770016
0.6656255793170814
0.6633895193299194
0.6990336824896777
0.6656255668688926
0.6633895296247893
0.6990337320530096
0.6656255840518788
0.6633895153515305
0.6990336409761245
0.6656256155592669
0.6633894991764637
0.6990334603798338
0.6656256441867765
0.6633894949166994
0.6990332384592395
0.665625674121096
0.6633894826849156
0.6990329779728244
0.6656257094111616
0.6633894572398524
0.6990327126721406
0.6656257374937233
0.6633894446303792
0.6990325261987596
0.6656256659766198
0.6633894883865197
0.6990330726680913
0.6656256315725184
0.6633894988758426
0.699033325567372
0.6656256004460626
0.6633895034831794
0.6990335294130415
0.6656255755674881
0.6633895198832346
0.6990336829162884
0.6656255711631027
0.6633895290027065
0.6990337315682508
0.6656255904456819
0.6633895148020849
0.6990336414379978
0.6656256152594606
0.6633894992482363
0.699033460551781
0.6656256375938108
0.6633894954792733
0.6990332379118998
0.6656256703921655
0.6633894832261902
0.6990329783469109
0.6656257136231016
0.6633894565702131
0.6990327121305933
0.6656257438552337
0.6633894443438111
0.6990325273812077
0.6656257493665201
0.6633894497995272
0.6990324552133738
0.6656257418681732
0.6633894506703716
0.6990324737571816
0.6656257281024701
0.6633894470211383
0.6990325795117658
0.6656257016533544
0.6633894635089423
0.6990327977626827
0.6656255760658708
0.6633895283930737
0.6990337314473257
0.6656255873346075
0.6633895153646854
0.699033642020011
0.6656256085853283
0.663389499575943
0.6990334593803221
0.6656256364259797
0.6633894959734862
0.6990332389510727
0.6656256764171548
0.6633894822667655
0.699032977534103
0.665625718548492
0.6633894564445101
0.6990327133317897
0.6656257408622521
0.6633894441832284
0.6990325259407758
0.6656257425304666
0.6633894509157825
0.6990324563089503
0.6656257407301674
0.6633894504062376
0.69903247269849
0.6656257341417562
0.6633894468403763
0.6990325807534572
0.6656257066550504
0.6633894626004303
0.6990327967502492
0.6656256628192091
0.6633894890257406
0.6990330734966621
0.6656256248004664
0.6633894993978835
0.6990333250109093
0.665625599353328
0.663389503574944
0.6990335293181645
0.6656255816159553
0.6633895193378911
0.6990336831940658
0.6656256789463564
0.6633894824421458
0.6990329787507878
0.665625713304683
0.6633894565374914
0.6990327119517745
0.665625735027326
0.6633894451262284
0.6990325269104555
0.6656257442156919
0.6633894505030414
0.6990324556286894
0.6656257476349594
0.6633894498939306
0.6990324733214393
0.665625736662352
0.6633894464572271
0.6990325804244755
0.6656257012967858
0.663389463270385
0.6990327970368424
0.6656256570828311
0.6633894895394453
0.699033073229844
0.6656256265121268
0.6633894990992397
0.6990333245953197
0.6656256061763661
0.6633895031197996
0.699033530171657
0.6656255841084056
0.6633895188268748
0.6990336825750689
0.665625570767704
0.6633895292737093
0.6990337322307479
0.6656255816695407
0.6633895154860291
0.6990336405894775
0.6656256101617579
0.6633894999420655
0.6990334608973837
0.6656256433202226
0.6633894947828753
0.6990332378189623
0.6656257472615092
0.6633894500582835
0.6990324736875723
0.6656257300924076
0.6633894469550334
0.6990325798984768
0.6656256975031888
0.6633894638373732
0.6990327973741169
0.6656256613786657
0.6633894888076528
0.6990330724740821
0.6656256328683774
0.6633894988236184
0.6990333258761099
0.6656256058702437
0.6633895027822108
0.6990335290869247
0.6656255775680724
0.663389519882128
0.6990336834690438
0.6656255669848568
0.6633895292392151
0.6990337309506032
0.6656255858268706
0.6633895155225225
0.6990336420571923
0.6656256166743436
0.6633894988347431
0.6990334597831287
0.6656256430072442
0.6633894952201792
0.6990332388375751
0.6656256723881637
0.6633894827151845
0.6990329776205142
0.6656257094191993
0.6633894572237239
0.6990327127288128
0.6656257393409257
0.6633894445313706
0.699032526493617
0.6656257507023939
0.6633894498675846
0.6990324557971623
0.6656256299185073
0.6633894986319487
0.6990333243874362
0.6656255990946699
0.6633895039000041
0.699033530114729
0.66562557637957
0.6633895196337424
0.6990336824264686
0.6656255730425942
0.6633895289890296
0.6990337321536535
0.6656255907628803
0.663389514732351
0.6990336412495787
0.6656256136316339
0.6633894993168923
0.6990334602353994
0.6656256361975776
0.6633894957657163
0.6990332383667033
0.66562567120582
0.6633894829662581
0.6990329779120884
0.6656257155928871
0.6633894565289404
0.6990327126626109
0.6656257442077274
0.6633894439578913
0.6990325263613915
0.665625747612559
0.6633894504458683
0.6990324565306096
0.6656257405416248
0.663389450411107
0.6990324726006137
0.6656257289258023
0.6633894474146835
0.6990325807631321
0.6656257036274138
0.66338946277094
0.6990327963564495
0.6656256661444149
0.6633894888357568
0.6990330740171518