0.6731984753091422
0.6683245559726254
0.6719253613897302
0.6731984753091398
0.6683245559726206
0.6719253613897281
0.6731984753091363
0.6683245559726182
0.6719253613896911
0.673198475309136
0.6683245559726159
0.671925361389679
0.6731984753091342
0.6683245559726081
0.6719253613896842
0.6731984753091376
0.668324555972613
0.671925361389697
0.6731984753091398
0.6683245559726153
0.6719253613897013
0.6731984753091411
0.6683245559726235
0.671925361389708
0.6731984753091383
0.668324555972629
0.6719253613897287
0.6731984753091462
0.6683245559726233
0.6719253613897185
0.6731984753091421
0.6683245559726134
0.6719253613896959
0.6731984753091389
0.668324555972609
0.6719253613896765
0.6731984753091356
0.6683245559726118
0.6719253613896887
0.6731984753091322
0.6683245559726178
0.6719253613896967
0.6731984753091393
0.6683245559726261
0.671925361389701
0.6731984753091418
0.6683245559726203
0.6719253613897131
0.6731984753091387
0.668324555972619
0.6719253613897116
0.6731984753091454
0.6683245559726312
0.6719253613897171
0.673198475309144
0.6683245559726229
0.6719253613897176
0.6731984753091346
0.668324555972611
0.6719253613896974
0.6731984753091409
0.6683245559726076
0.6719253613896805
0.6731984753091398
0.6683245559726051
0.6719253613896841
0.6731984753091327
0.6683245559726132
0.6719253613896988
0.6731984753091413
0.6683245559726226
0.671925361389717
0.6731984753091458
0.6683245559726321
0.6719253613897191
0.6731984753091373
0.6683245559726225
0.6719253613897193
0.6731984753091486
0.6683245559726165
0.6719253613897301
0.6731984753091458
0.6683245559726156
0.671925361389709
0.6731984753091321
0.6683245559726144
0.6719253613896803
0.673198475309136
0.668324555972621
0.6719253613896923
0.6731984753091385
0.6683245559726143
0.6719253613896654
0.6731984753091437
0.6683245559726183
0.6719253613896805
0.6731984753091476
0.6683245559726247
0.6719253613897225
0.6731984753091429
0.668324555972633
0.6719253613897412
0.6731984753091426
0.6683245559726305
0.6719253613897198
0.6731984753091458
0.6683245559726216
0.671925361389698
0.6731984753091398
0.6683245559726112
0.6719253613896887
0.6731984753091428
0.6683245559726078
0.6719253613896823
0.6731984753091437
0.6683245559726216
0.6719253613896897
0.6731984753091407
0.6683245559726332
0.6719253613896979
0.6731984753091472
0.6683245559726276
0.6719253613897236
0.6731984753091496
0.6683245559726304
0.6719253613897224
0.6731984753091484
0.6683245559726265
0.6719253613897154
0.6731984753091413
0.6683245559726217
0.6719253613897183
0.6731984753091407
0.6683245559726168
0.6719253613896967
0.6731984753091382
0.6683245559726106
0.6719253613896772
0.6731984753091402
0.6683245559726025
0.6719253613896652
0.6731984753091413
0.6683245559726116
0.6719253613896841
0.6731984753091396
0.6683245559726196
0.6719253613897149
0.6731984753091453
0.6683245559726272
0.6719253613897296
0.6731984753091469
0.6683245559726261
0.6719253613897338
0.6731984753091457
0.6683245559726144
0.6719253613897069
0.6731984753091447
0.6683245559726074
0.6719253613896807
0.673198475309136
0.6683245559726073
0.6719253613896858
0.6731984753091347
0.6683245559726121
0.6719253613897055
0.6731984753091336
0.6683245559726168
0.6719253613896949
0.6731984753091411
0.6683245559726174
0.6719253613896894
0.6731984753091445
0.6683245559726165
0.6719253613897233
0.6731984753091433
0.6683245559726158
0.6719253613897488
0.6731984753091403
0.6683245559726197
0.6719253613897159
0.6731984753091427
0.6683245559726277
0.6719253613897347
0.6731984753091302
0.6683245559726122
0.671925361389694
0.6731984753091402
0.6683245559726104
0.6719253613896605
0.6731984753091375
0.6683245559726094
0.6719253613896743
0.6731984753091304
0.6683245559726221
0.6719253613897096
0.6731984753091407
0.6683245559726327
0.6719253613897263
0.6731984753091458
0.6683245559726293
0.6719253613897176
0.6731984753091391
0.6683245559726159
0.6719253613896926
0.6731984753091456
0.6683245559726136
0.6719253613897123
0.6731984753091365
0.6683245559726216
0.6719253613897045
0.6731984753091264
0.6683245559726182
0.6719253613896796
0.6731984753091332
0.6683245559726192
0.6719253613896841
0.6731984753091376
0.6683245559726184
0.6719253613896958
0.6731984753091387
0.6683245559726227
0.6719253613897054
0.6731984753091491
0.6683245559726319
0.6719253613897362
0.6731984753091405
0.6683245559726274
0.6719253613897509
0.6731984753091376
0.6683245559726214
0.6719253613897298
0.6731984753091389
0.6683245559726154
0.6719253613896905
0.6731984753091362
0.6683245559726094
0.6719253613896767
0.6731984753091361
0.6683245559726098
0.6719253613896666
0.6731984753091376
0.6683245559726207
0.6719253613896965
0.6731984753091298
0.6683245559726225
0.6719253613897098
0.6731984753091381
0.6683245559726203
0.6719253613897173
0.6731984753091471
0.6683245559726186
0.6719253613897096
0.6731984753091436
0.668324555972623
0.6719253613897037
0.6731984753091356
0.668324555972623
0.6719253613897294
0.6731984753091309
0.6683245559726205
0.6719253613897178
0.6731984753091351
0.6683245559726133
0.6719253613896646
0.6731984753091447
0.6683245559726125
0.6719253613896646
0.6731984753091428
0.6683245559726243
0.6719253613897099
0.6731984753091407
0.6683245559726135
0.6719253613897027
0.673198475309136
0.6683245559726183
0.6719253613897365
0.6731984753091391
0.6683245559726249
0.6719253613897425
0.6731984753091463
0.6683245559726129
0.6719253613897067
0.6731984753091456
0.6683245559726089
0.6719253613896602
0.6731984753091325
0.6683245559726108
0.6719253613896677
0.6731984753091319
0.6683245559726142
0.6719253613897146
0.6731984753091338
0.6683245559726174
0.6719253613897013
0.6731984753091458
0.6683245559726202
0.6719253613896916
0.6731984753091509
0.6683245559726169
0.6719253613897112
0.6731984753091473
0.6683245559726161
0.6719253613897423
0.6731984753091396
0.6683245559726223
0.6719253613897295
0.6731984753091371
0.6683245559726174
0.6719253613896901
0.6731984753091407
0.6683245559726056
0.6719253613896606
0.6731984753091422
0.6683245559726049
0.6719253613896694
0.673198475309142
0.6683245559726148
0.6719253613896533
0.6731984753091385
0.6683245559726181
0.6719253613896955
0.6731984753091431
0.6683245559726296
0.6719253613897362
0.6731984753091528
0.6683245559726355
0.6719253613897387
0.673198475309148
0.6683245559726227
0.6719253613897005
0.673198475309149
0.6683245559726191
0.6719253613896979
0.6731984753091387
0.6683245559726216
0.6719253613896929
0.673198475309126
0.6683245559726272
0.6719253613896885
0.6731984753091356
0.6683245559726272
0.6719253613897025
0.6731984753091468
0.6683245559726216
0.6719253613897023
0.67319847530915
0.6683245559726192
0.6719253613896965
0.6731984753091548
0.6683245559726307
0.6719253613897322
0.6731984753091428
0.6683245559726324
0.6719253613897385
0.6731984753091358
0.6683245559726221
0.671925361389704
0.6731984753091408
0.6683245559726179
0.6719253613896585
0.6731984753091407
0.6683245559726056
0.6719253613896701
0.6731984753091411
0.6683245559726023
0.6719253613896526
0.6731984753091387
0.6683245559726145
0.6719253613896823
0.6731984753091382
0.6683245559726235
0.6719253613897311
0.6731984753091438
0.6683245559726212
0.6719253613897497
0.6731984753091489
0.668324555972617
0.6719253613897136
0.6731984753091483
0.6683245559726163
0.6719253613896836
0.6731984753091375
0.6683245559726156
0.6719253613896972
0.67319847530913
0.6683245559726172
0.6719253613897196
0.6731984753091301
0.6683245559726161
0.6719253613896752
0.6731984753091442
0.6683245559726084
0.6719253613896617
0.6731984753091507
0.6683245559726098
0.6719253613897016
0.6731984753091413
0.6683245559726227
0.6719253613897401
0.6731984753091357
0.6683245559726211
0.6719253613897413
0.6731984753091376
0.6683245559726183
0.6719253613897098
0.6731984753091399
0.668324555972626
0.6719253613897167
0.6731984753091442
0.6683245559726115
0.6719253613896627
0.6731984753091378
0.6683245559726092
0.6719253613896553
0.6731984753091325
0.6683245559726196
0.6719253613897145
0.6731984753091333
0.668324555972627
0.6719253613897354
0.6731984753091387
0.6683245559726256
0.67192536138971
0.6731984753091482
0.6683245559726165
0.6719253613897067
0.6731984753091418
0.6683245559726171
0.6719253613897117
0.673198475309131
0.668324555972622
0.6719253613897068
0.6731984753091331
0.6683245559726224
0.6719253613896996
0.6731984753091327
0.6683245559726119
0.6719253613896713
0.6731984753091369
0.6683245559726084
0.6719253613896752
0.673198475309142
0.6683245559726123
0.6719253613896861
0.6731984753091396
0.6683245559726215
0.6719253613897289
0.6731984753091391
0.6683245559726299
0.6719253613897559
0.6731984753091464
0.668324555972634
0.6719253613897422
0.6731984753091373
0.6683245559726243
0.67192536138971
0.6731984753091393
0.6683245559726166
0.671925361389693
0.6731984753091376
0.668324555972617
0.6719253613896778
0.6731984753091267
0.6683245559726188
0.6719253613896795
0.6731984753091331
0.6683245559726227
0.6719253613897092
0.6731984753091436
0.6683245559726148
0.6719253613897136
0.6731984753091418
0.6683245559726149
0.6719253613896885
0.6731984753091481
0.6683245559726261
0.6719253613897099
0.6731984753091395
0.6683245559726321
0.6719253613897228
0.6731984753091265
0.668324555972623
0.6719253613897109
0.6731984753091363
0.668324555972611
0.6719253613896745
0.6731984753091416
0.668324555972609
0.6719253613896565
0.6731984753091331
0.6683245559726103
0.6719253613896896
0.6731984753091443
0.6683245559726285
0.6719253613897344
0.6731984753091402
0.6683245559726205
0.6719253613897164
0.6731984753091402
0.668324555972617
0.6719253613897535
0.6731984753091441
0.6683245559726183
0.6719253613897261
0.6731984753091445
0.6683245559726162
0.6719253613896848
0.6731984753091372
0.6683245559726148
0.6719253613896905
0.673198475309134
0.6683245559726113
0.6719253613897068
0.6731984753091336
0.6683245559726095
0.671925361389692
0.6731984753091443
0.6683245559726093
0.6719253613896847
0.6731984753091486
0.6683245559726136
0.6719253613897047
0.6731984753091483
0.6683245559726242
0.6719253613897292
0.6731984753091436
0.6683245559726262
0.6719253613897282
0.6731984753091367
0.6683245559726213
0.6719253613897176
0.6731984753091387
0.6683245559726114
0.6719253613896845
0.6731984753091416
0.6683245559726018
0.6719253613896606
0.6731984753091405
0.6683245559726086
0.6719253613896716
0.6731984753091416
0.6683245559726138
0.6719253613896923
0.6731984753091387
0.668324555972622
0.6719253613897209
0.6731984753091438
0.6683245559726289
0.6719253613897226
0.6731984753091504
0.6683245559726327
0.6719253613897239
0.6731984753091497
0.6683245559726249
0.6719253613897177
0.673198475309142
0.668324555972631
0.6719253613896933
0.6731984753091418
0.668324555972623
0.6719253613896935
0.6731984753091407
0.6683245559726112
0.6719253613896887
0.6731984753091413
0.6683245559726126
0.671925361389691
0.6731984753091489
0.6683245559726194
0.6719253613896939
0.673198475309145
0.6683245559726292
0.6719253613897157
0.6731984753091408
0.6683245559726333
0.6719253613897425
0.6731984753091436
0.6683245559726276
0.6719253613897263
0.6731984753091429
0.6683245559726181
0.6719253613896791
0.673198475309142
0.6683245559726128
0.6719253613896594
0.6731984753091395
0.6683245559726186
0.6719253613896856
0.6731984753091316
0.6683245559726128
0.6719253613896785
0.673198475309142
0.6683245559726183
0.6719253613897149
0.6731984753091473
0.6683245559726193
0.6719253613897327
0.673198475309139
0.6683245559726214
0.6719253613897128
0.6731984753091473
0.6683245559726287
0.6719253613897099
0.6731984753091393
0.6683245559726209
0.6719253613897156
0.6731984753091302
0.6683245559726148
0.6719253613897029
0.6731984753091376
0.668324555972608
0.6719253613896881
0.6731984753091431
0.6683245559726068
0.6719253613896798
0.6731984753091373
0.6683245559726081
0.671925361389694
0.6731984753091437
0.6683245559726213
0.6719253613897165
0.6731984753091418
0.6683245559726316
0.6719253613897211
0.6731984753091367
0.6683245559726226
0.6719253613897159
0.6731984753091439
0.6683245559726192
0.6719253613897114
0.6731984753091425
0.6683245559726225
0.6719253613896948
0.6731984753091339
0.6683245559726146
0.671925361389691
0.6731984753091338
0.668324555972613
0.6719253613896912
0.6731984753091369
0.6683245559726128
0.671925361389681
0.6731984753091425
0.6683245559726136
0.6719253613896954
0.6731984753091477
0.6683245559726199
0.6719253613897116
0.6731984753091387
0.6683245559726256
0.6719253613897239
0.6731984753091385
0.6683245559726247
0.6719253613897096
0.673198475309138
0.6683245559726183
0.6719253613897065
0.6731984753091362
0.668324555972614
0.671925361389699
0.673198475309137
0.6683245559726069
0.6719253613896812
0.6731984753091369
0.6683245559726125
0.6719253613896754
0.6731984753091357
0.668324555972619
0.6719253613896915
0.6731984753091373
0.6683245559726246
0.6719253613897342
0.673198475309142
0.6683245559726281
0.6719253613897334