0.6645119433785904
0.6593632752685097
0.698709238854023
0.6645119433754525
0.659363275275711
0.6987092388653922
0.6645119433728252
0.6593632752793543
0.6987092388702293
0.6645119433774507
0.6593632752728953
0.6987092388586149
0.664511943378002
0.659363275267798
0.6987092388515528
0.6645119433709348
0.6593632752709717
0.6987092388604746
0.6645119433697966
0.6593632752737426
0.6987092388688516
0.6645119433760405
0.6593632752695096
0.6987092388618665
0.6645119433759188
0.6593632752692355
0.6987092388622274
0.664511943370286
0.6593632752770807
0.6987092388804916
0.6645119433714838
0.6593632752761438
0.6987092388797431
0.6645119433757087
0.6593632752660905
0.6987092388596446
0.6645119433721507
0.6593632752668909
0.698709238862897
0.6645119433677574
0.6593632752739158
0.6987092388753244
0.6645119433728319
0.6593632752710727
0.6987092388635823
0.6645119433724539
0.6593632752710115
0.6987092388595659
0.6645119433699274
0.6593632752741327
0.6987092388678043
0.6645119433757742
0.6593632752694466
0.6987092388574534
0.6645119433773863
0.6593632752700561
0.6987092388609292
0.6645119433716444
0.6593632752773698
0.6987092388789858
0.6645119433706522
0.6593632752751896
0.698709238875616
0.6645119433749285
0.6593632752671899
0.6987092388625173
0.6645119433728273
0.6593632752676808
0.6987092388665883
0.6645119433674149
0.6593632752716521
0.6987092388728666
0.6645119433710154
0.6593632752705844
0.6987092388665919
0.6645119433780312
0.6593632752696917
0.6987092388596232
0.6645119433761484
0.6593632752743113
0.6987092388637821
0.6645119433723046
0.6593632752783984
0.6987092388702735
0.6645119433762128
0.6593632752740559
0.6987092388613838
0.6645119433785087
0.6593632752680618
0.6987092388499931
0.6645119433701351
0.6593632752766325
0.6987092388778462
0.6645119433742288
0.6593632752688345
0.6987092388659744
0.6645119433738796
0.659363275265844
0.6987092388604947
0.6645119433678317
0.6593632752707628
0.6987092388723619
0.6645119433693627
0.6593632752722995
0.6987092388749496
0.6645119433768543
0.6593632752685361
0.6987092388601108
0.664511943376644
0.6593632752721874
0.698709238862359
0.6645119433719516
0.6593632752795808
0.6987092388764184
0.6645119433744378
0.6593632752748007
0.6987092388641545
0.6645119433783636
0.6593632752668693
0.6987092388471939
0.664511943374121
0.6593632752707818
0.6987092388575924
0.6645119433701918
0.6593632752748249
0.6987092388668598
0.6645119433751403
0.6593632752702412
0.6987092388578278
0.6645119433787017
0.6593632752700527
0.6987092388580973
0.6645119433733475
0.6593632752766716
0.6987092388731132
0.664511943375294
0.6593632752679508
0.6987092388618835
0.6645119433776081
0.6593632752707563
0.698709238863998
0.6645119433718646
0.6593632752794141
0.6987092388765659
0.6645119433719935
0.6593632752757512
0.698709238867887
0.6645119433778527
0.6593632752668077
0.6987092388517402
0.6645119433759944
0.6593632752688042
0.6987092388540578
0.6645119433701594
0.6593632752748989
0.6987092388649363
0.6645119433738644
0.6593632752727949
0.6987092388618195
0.6645119433800284
0.6593632752696053
0.6987092388538982
0.664511943375586
0.6593632752752803
0.6987092388659712
0.6645119433697348
0.6593632752791014
0.6987092388798168
0.6645119433732378
0.6593632752701986
0.6987092388667693
0.6645119433752964
0.659363275263583
0.698709238856679
0.6645119433690094
0.6593632752703549
0.698709238872665
0.6645119433675841
0.6593632752736744
0.6987092388772034
0.6645119433773783
0.659363275264318
0.6987092388460107
0.6645119433712563
0.6593632752738577
0.6987092388649497
0.6645119433721811
0.6593632752770395
0.698709238868437
0.6645119433795678
0.6593632752698169
0.6987092388513589
0.6645119433781905
0.6593632752721776
0.6987092388588756
0.6645119433709308
0.6593632752802572
0.6987092388782624
0.6645119433717814
0.659363275273604
0.6987092388689158
0.6645119433758824
0.6593632752627124
0.6987092388538564
0.6645119433715547
0.6593632752672554
0.6987092388652605
0.6645119433669704
0.6593632752750833
0.6987092388794645
0.6645119433727471
0.6593632752712694
0.6987092388712602
0.6645119433779777
0.6593632752683477
0.6987092388617102
0.6645119433729687
0.6593632752759702
0.6987092388724856
0.6645119433699583
0.6593632752786506
0.6987092388775796
0.6645119433759087
0.6593632752684926
0.6987092388562501
0.6645119433732961
0.6593632752766551
0.6987092388678421
0.6645119433709594
0.6593632752755849
0.6987092388713574
0.6645119433752871
0.6593632752665846
0.6987092388587788
0.6645119433738004
0.6593632752648442
0.698709238857563
0.6645119433679361
0.6593632752725775
0.6987092388747465
0.6645119433707047
0.659363275274683
0.6987092388770253
0.6645119433771978
0.659363275270009
0.6987092388642652
0.664511943374429
0.6593632752721037
0.698709238869307
0.6645119433694268
0.659363275276921
0.6987092388782862
0.6645119433732039
0.6593632752711726
0.6987092388634748
0.6645119433770991
0.6593632752645032
0.6987092388503547
0.6645119433729858
0.6593632752703603
0.6987092388599725
0.6645119433713584
0.659363275277115
0.6987092388668589
0.6645119433778084
0.6593632752738877
0.6987092388585163
0.6645119433798905
0.6593632752718941
0.6987092388562903
0.6645119433700283
0.6593632752745163
0.6987092388757583
0.664511943376471
0.6593632752705757
0.6987092388661827
0.6645119433751496
0.6593632752720693
0.6987092388708287
0.6645119433694094
0.6593632752756646
0.6987092388775856
0.6645119433713554
0.6593632752708121
0.6987092388670408
0.6645119433761295
0.6593632752650876
0.6987092388539258
0.6645119433735205
0.6593632752697937
0.698709238859172
0.6645119433707888
0.6593632752763701
0.6987092388693545
0.664511943376556
0.6593632752744913
0.698709238861994
0.6645119433805047
0.6593632752722495
0.6987092388537246
0.6645119433747944
0.6593632752760004
0.6987092388648644
0.6645119433711331
0.6593632752755747
0.6987092388699119
0.6645119433751984
0.6593632752676001
0.6987092388554679
0.6645119433750301
0.6593632752656277
0.6987092388557234
0.664511943369019
0.6593632752724806
0.6987092388739982
0.6645119433748391
0.6593632752647722
0.698709238855618
0.6645119433745091
0.6593632752678361
0.6987092388568088
0.6645119433703748
0.659363275276231
0.6987092388719336
0.6645119433746055
0.6593632752756196
0.6987092388654109
0.664511943380724
0.6593632752716694
0.6987092388534607
0.6645119433767053
0.6593632752746776
0.698709238861904
0.6645119433710422
0.6593632752764622
0.6987092388684764
0.6645119433740785
0.6593632752694419
0.6987092388575177
0.6645119433764759
0.6593632752654175
0.6987092388531645
0.664511943371231
0.6593632752719436
0.6987092388670879
0.6645119433693583
0.6593632752760485
0.6987092388765197
0.664511943375419
0.6593632752713257
0.6987092388689193
0.6645119433766542
0.659363275270295
0.698709238866104
0.6645119433700108
0.6593632752749927
0.6987092388775618
0.6645119433690199
0.6593632752721652
0.6987092388748347
0.6645119433781159
0.6593632752731364
0.6987092388579758
0.6645119433713808
0.6593632752776217
0.6987092388671071
0.6645119433729725
0.6593632752711214
0.698709238859799
0.6645119433773172
0.6593632752644734
0.6987092388488243
0.6645119433734403
0.6593632752714442
0.6987092388624772
0.6645119433695579
0.6593632752777092
0.6987092388781018
0.6645119433747366
0.6593632752718457
0.6987092388678167
0.6645119433776938
0.659363275268967
0.6987092388622829
0.6645119433709057
0.6593632752746963
0.6987092388773577
0.6645119433676934
0.6593632752734357
0.6987092388766695
0.6645119433734479
0.6593632752649492
0.6987092388584328
0.6645119433748579
0.6593632752660421
0.698709238858906
0.6645119433703359
0.6593632752755431
0.698709238872643
0.6645119433728903
0.6593632752767613
0.698709238869607
0.6645119433800533
0.6593632752711478
0.6987092388565461
0.6645119433704784
0.6593632752782446
0.6987092388760342
0.6645119433732904
0.6593632752762961
0.6987092388718708
0.6645119433783437
0.6593632752683987
0.6987092388605776
0.6645119433730806
0.6593632752708545
0.6987092388698002
0.6645119433668478
0.6593632752756037
0.6987092388801128
0.6645119433710877
0.6593632752684061
0.6987092388675024
0.6645119433755604
0.6593632752624891
0.6987092388545195
0.6645119433716147
0.6593632752723328
0.6987092388684437
0.664511943370642
0.6593632752798255
0.6987092388793692
0.6645119433779376
0.65936327527224
0.6987092388606733
0.6645119433796003
0.659363275269334
0.6987092388517446
0.6645119433721984
0.6593632752769589
0.6987092388683683
0.6645119433709912
0.6593632752748322
0.6987092388655256
0.6645119433772844
0.6593632752649925
0.6987092388458249
0.6645119433763361
0.6593632752680578
0.6987092388545493
0.6645119433689752
0.6593632752706537
0.6987092388732656
0.6645119433749973
0.659363275263916
0.6987092388581286
0.6645119433731246
0.6593632752693401
0.6987092388667598
0.6645119433697244
0.659363275277743
0.6987092388792544
0.6645119433752101
0.6593632752751855
0.6987092388674503
0.6645119433794784
0.6593632752704376
0.698709238856491
0.66451194337363
0.6593632752729157
0.69870923886257
0.6645119433701272
0.6593632752746688
0.69870923886441
0.6645119433759197
0.6593632752693053
0.698709238854285
0.6645119433780178
0.6593632752669539
0.6987092388514162
0.6645119433725719
0.659363275274778
0.69870923886583
0.6645119433723947
0.6593632752790648
0.6987092388749538
0.6645119433777391
0.6593632752717482
0.6987092388637626
0.6645119433753512
0.6593632752686424
0.6987092388611587
0.6645119433677771
0.6593632752736178
0.6987092388761429
0.6645119433781597
0.6593632752707366
0.6987092388604037
0.6645119433746076
0.6593632752711666
0.6987092388605027
0.6645119433701288
0.6593632752743641
0.698709238866971
0.6645119433743327
0.6593632752698737
0.6987092388564602
0.6645119433784458
0.6593632752668284
0.6987092388471063
0.664511943374585
0.6593632752749587
0.698709238864019
0.6645119433723456
0.65936327527927
0.6987092388747462
0.6645119433768958
0.659363275272455
0.6987092388608017
0.6645119433768574
0.6593632752698407
0.6987092388600502
0.6645119433695663
0.6593632752729703
0.6987092388745916
0.6645119433682677
0.6593632752700695
0.6987092388710189
0.6645119433740483
0.6593632752653833
0.6987092388603895
0.6645119433740221
0.6593632752689684
0.6987092388671057
0.664511943369885
0.6593632752760439
0.6987092388779049
0.6645119433730663
0.6593632752759808
0.6987092388731102
0.6645119433760143
0.6593632752745766
0.6987092388617799
0.6645119433722306
0.6593632752793364
0.6987092388707768
0.66451194337647
0.6593632752743447
0.6987092388623846
0.6645119433784005
0.6593632752698988
0.6987092388580614
0.6645119433712667
0.6593632752713634
0.6987092388661811
0.6645119433678766
0.6593632752715937
0.6987092388720691
0.6645119433733675
0.6593632752667663
0.6987092388651565
0.6645119433748885
0.6593632752669739
0.6987092388623942
0.6645119433700809
0.6593632752757584
0.6987092388768411
0.6645119433712241
0.6593632752774179
0.6987092388796822
0.6645119433771753
0.6593632752696542
0.698709238861399
0.6645119433754423
0.6593632752697236
0.698709238859426
0.6645119433696908
0.6593632752744374
0.6987092388699265
0.6645119433725691
0.6593632752700127
0.6987092388592366
0.6645119433785984
0.6593632752669782
0.6987092388487064
0.6645119433680489
0.659363275274313
0.6987092388744873
0.6645119433723987
0.6593632752671208
0.6987092388622391
0.6645119433758873
0.6593632752656811
0.6987092388586102
0.6645119433712072
0.659363275276413
0.6987092388799707
0.6645119433697383
0.6593632752778844
0.6987092388818055
0.6645119433757192
0.6593632752689615
0.6987092388626984
0.6645119433761727
0.6593632752686165
0.6987092388622484
0.6645119433696903
0.6593632752736736
0.6987092388707842
0.6645119433705579
0.6593632752710775
0.6987092388622774
0.6645119433777508
0.6593632752671188
0.6987092388512621
0.664511943377247
0.6593632752724978
0.6987092388578207
0.6645119433725348
0.6593632752801993
0.6987092388708296
0.66451194337552
0.659363275276574
0.6987092388659042
0.6645119433792211
0.6593632752681949
0.6987092388525507
0.6645119433734555
0.6593632752706055
0.6987092388615357
0.6645119433735248
0.6593632752727362
0.6987092388721482
0.664511943377122
0.6593632752648602
0.6987092388573197
0.6645119433705305
0.6593632752700715
0.6987092388665535
0.6645119433679538
0.6593632752754448
0.6987092388752711
0.6645119433758433
0.6593632752684482
0.6987092388565104
0.6645119433790296
0.6593632752675498
0.6987092388490557
0.6645119433734544
0.6593632752799954
0.6987092388714486
0.6645119433735537
0.6593632752805386
0.698709238872222
0.6645119433794535
0.6593632752679595
0.6987092388493568
0.6645119433765319
0.6593632752678502
0.6987092388546201
0.6645119433683835
0.6593632752752699
0.6987092388732568
0.6645119433704876
0.6593632752709262
0.6987092388659979
0.664511943377069
0.659363275265417
0.6987092388569889
0.6645119433736755
0.65936327527255
0.6987092388714233
0.664511943368568
0.6593632752793529
0.698709238883992