0.6711841796244535
0.6658087628555927
0.6733781562010004
0.6711841796321241
0.6658087628698167
0.6733781562267034
0.6711841796097775
0.6658087629150078
0.6733781562775865
0.671184179568703
0.6658087629573588
0.6733781563161598
0.6711841795382907
0.66580876296972
0.6733781563229254
0.6711841795430276
0.6658087629528882
0.6733781563024219
0.6711841795816795
0.6658087629228878
0.6733781562758994
0.6711841796266246
0.665808762896314
0.6733781562609706
0.6711841796430932
0.6658087628788026
0.6733781562483748
0.6711841796184673
0.6658087628777933
0.6733781562355523
0.6711841795758671
0.6658087629111551
0.6733781562588348
0.6711841795492586
0.6658087629650338
0.6733781563247372
0.6711841795508998
0.6658087629930781
0.6733781563692856
0.6711841795710303
0.6658087629612642
0.6733781563298508
0.6711841795985891
0.6658087628939279
0.6733781562425005
0.6711841795796862
0.6658087629193505
0.673378156275747
0.6711841796170994
0.6658087628767086
0.6733781562341137
0.6711841796400382
0.6658087628693302
0.6733781562316035
0.6711841796290994
0.6658087628988438
0.6733781562660068
0.6711841795880371
0.6658087629359521
0.6733781563016995
0.6711841795458342
0.6658087629574873
0.6733781563114198
0.6711841795357663
0.6658087629618158
0.6733781563082197
0.6711841795666519
0.6658087629530922
0.6733781563108001
0.671184179612639
0.6658087629234771
0.6733781562945784
0.6711841796366271
0.6658087628764819
0.6733781562392955
0.6711841796264868
0.6658087628568674
0.6733781562025669
0.6711841795980171
0.6658087628934936
0.6733781562434352
0.6711841795698958
0.6658087629581515
0.6733781563281505
0.6711841795523179
0.6658087629942084
0.6733781563699439
0.6711841795539217
0.665808762972003
0.6733781563366255
0.6711841795407988
0.6658087629755663
0.6733781563343204
0.6711841795577028
0.6658087629377145
0.6733781562906209
0.6711841795986679
0.6658087628932975
0.6733781562452557
0.6711841796364155
0.6658087628771718
0.673378156239334
0.6711841796399796
0.6658087628866445
0.6733781562580162
0.671184179603717
0.6658087629049045
0.6733781562665275
0.6711841795565717
0.6658087629309543
0.6733781562760168
0.6711841795364639
0.6658087629650985
0.6733781563144582
0.6711841795548483
0.6658087629791433
0.6733781563462218
0.6711841795902915
0.6658087629399819
0.6733781563065646
0.6711841796176363
0.6658087628769807
0.673378156224607
0.6711841796267336
0.6658087628487753
0.6733781561888048
0.671184179615822
0.6658087628761193
0.6733781562274083
0.6711841795876128
0.6658087629343405
0.6733781562959826
0.6711841795553144
0.6658087629760739
0.6733781563386919
0.6711841795678899
0.6658087629574405
0.67337815631735
0.6711841795369492
0.6658087629697413
0.6733781563219108
0.6711841795398602
0.6658087629468131
0.6733781562889921
0.6711841795797528
0.665808762919459
0.6733781562682071
0.671184179626285
0.6658087628976713
0.6733781562640351
0.671184179641279
0.6658087628768219
0.673378156243857
0.671184179615528
0.6658087628725065
0.6733781562219914
0.6711841795744138
0.6658087629081085
0.6733781562530899
0.6711841795487885
0.6658087629673042
0.6733781563289689
0.6711841795485944
0.6658087629897816
0.6733781563613328
0.6711841795681379
0.6658087629541722
0.6733781563152742
0.6711841795978299
0.665808762895403
0.6733781562440246
0.671184179623526
0.6658087628558849
0.6733781562026124
0.6711841796291707
0.6658087628641114
0.6733781562144523
0.6711841796071369
0.6658087629106244
0.6733781562671604
0.6711841796293155
0.6658087629004199
0.673378156269887
0.6711841795878548
0.6658087629364986
0.6733781563024321
0.6711841795439785
0.6658087629532089
0.6733781563020883
0.6711841795346948
0.6658087629605127
0.6733781563050695
0.6711841795670724
0.6658087629554368
0.6733781563163084
0.6711841796117135
0.6658087629216716
0.6733781562920732
0.6711841796346281
0.6658087628733615
0.6733781562309054
0.6711841796259661
0.6658087628556912
0.6733781562012517
0.6711841795983806
0.6658087628955867
0.6733781562489058
0.6711841795685254
0.6658087629565104
0.6733781563233319
0.671184179550441
0.6658087629886704
0.6733781563587643
0.671184179554174
0.6658087629742121
0.6733781563400351
0.6711841795799676
0.6658087629212452
0.6733781562799299
0.6711841796156861
0.6658087628725788
0.6733781562255188
0.6711841796388907
0.6658087628673314
0.6733781562257306
0.6711841796392684
0.6658087628828571
0.6733781562523502
0.6711841796423708
0.6658087628900679
0.6733781562659679
0.6711841796045499
0.6658087629033573
0.6733781562640833
0.6711841795581215
0.6658087629335252
0.6733781562815202
0.6711841795395642
0.6658087629719076
0.6733781563288403
0.6711841795565905
0.6658087629798011
0.673378156349669
0.6711841795909449
0.665808762940094
0.673378156305589
0.6711841796199819
0.6658087628808569
0.673378156233348
0.6711841796299356
0.6658087628540356
0.6733781562018152
0.6711841796171643
0.6658087628780809
0.6733781562301542
0.6711841795883626
0.6658087629327628
0.6733781562935102
0.6711841795580902
0.6658087629812353
0.6733781563497722
0.6711841795434528
0.6658087629807858
0.67337815634564
0.6711841795586775
0.665808762936376
0.6733781562887666
0.6711841796001863
0.6658087628948912
0.6733781562478443
0.6711841795810498
0.6658087629235314
0.6733781562772336
0.6711841796273166
0.6658087628997635
0.6733781562683174
0.6711841796407099
0.6658087628727984
0.6733781562354193
0.671184179615465
0.6658087628720915
0.6733781562210912
0.6711841795761186
0.6658087629139218
0.6733781562639825
0.6711841795492828
0.6658087629659235
0.6733781563273963
0.6711841795475881
0.6658087629863161
0.6733781563531347
0.6711841795686118
0.6658087629562218
0.6733781563191771
0.6711841795993769
0.6658087628983504
0.6733781562522944
0.6711841796234286
0.6658087628557507
0.6733781562008923
0.6711841796282918
0.6658087628609612
0.6733781562084368
0.6711841796081871
0.6658087629133507
0.6733781562741828
0.671184179568983
0.6658087629610774
0.6733781563250721
0.6711841795361762
0.6658087629661916
0.6733781563150574
0.671184179539568
0.6658087629456454
0.6733781562857257
0.6711841795334331
0.6658087629609115
0.6733781563061854
0.6711841795657011
0.6658087629551104
0.6733781563148857
0.6711841796089819
0.6658087629155074
0.6733781562777938
0.6711841796321387
0.665808762868902
0.6733781562218282
0.671184179625177
0.6658087628587958
0.673378156206212
0.6711841795968722
0.6658087628925893
0.6733781562429983
0.6711841795655609
0.6658087629496645
0.6733781563083373
0.671184179548423
0.6658087629878571
0.6733781563555665
0.6711841795530734
0.6658087629737719
0.6733781563405945
0.6711841795777442
0.665808762917647
0.6733781562706233
0.6711841796127296
0.6658087628669493
0.6733781562127225
0.6711841796375035
0.665808762866553
0.673378156224806
0.6711841796282466
0.6658087629012737
0.6733781562708074
0.6711841795850515
0.6658087629305733
0.6733781562894301
0.6711841795413118
0.6658087629484766
0.6733781562908749
0.6711841795588269
0.6658087629361092
0.6733781562885224
0.671184179539801
0.665808762973592
0.6733781563332241
0.6711841795557376
0.6658087629769913
0.6733781563425242
0.6711841795905037
0.665808762937609
0.6733781563018593
0.6711841796208308
0.6658087628856073
0.6733781562432206
0.6711841796301395
0.6658087628542411
0.673378156202552
0.671184179616544
0.6658087628737477
0.6733781562213532
0.6711841795887998
0.6658087629353865
0.6733781562973654
0.6711841795589643
0.665808762984001
0.6733781563568486
0.6711841795433304
0.6658087629791729
0.6733781563416017
0.6711841795581184
0.6658087629338185
0.673378156282238
0.67118417960083
0.6658087628968286
0.673378156252661
0.6711841796401441
0.6658087628862659
0.6733781562591317
0.6711841796417486
0.665808762887298
0.6733781562601755
0.671184179604124
0.6658087629016662
0.67337815626002
0.6711841796185131
0.6658087628778885
0.6733781562344341
0.6711841795783591
0.6658087629178383
0.6733781562736743
0.6711841795502786
0.665808762966239
0.6733781563263237
0.6711841795494183
0.6658087629867258
0.6733781563554437
0.6711841795715288
0.6658087629629499
0.6733781563341351
0.6711841796009659
0.6658087629012737
0.6733781562583462
0.6711841796242075
0.6658087628527011
0.673378156195858
0.6711841796306972
0.6658087628656552
0.6733781562175484
0.6711841796109431
0.6658087629196534
0.6733781562887349
0.6711841795704014
0.6658087629613613
0.6733781563266668
0.6711841795373048
0.6658087629654431
0.6733781563134317
0.6711841795419902
0.6658087629499527
0.6733781562960428
0.6711841795836697
0.6658087629292788
0.6733781562896324
0.6711841796283815
0.6658087628989828
0.6733781562675252
0.6711841796422244
0.6658087628736743
0.6733781562369145
0.6711841796328228
0.6658087628717025
0.6733781562270806
0.6711841796251448
0.665808762859101
0.6733781562078098
0.6711841795952479
0.6658087628896533
0.6733781562344723
0.6711841795649757
0.6658087629472293
0.6733781563037331
0.671184179549289
0.6658087629911431
0.6733781563634555
0.6711841795523494
0.6658087629748202
0.6733781563413334
0.6711841795757088
0.665808762911265
0.6733781562582083
0.6711841796125366
0.6658087628670852
0.6733781562127775
0.6711841796380352
0.6658087628705472
0.6733781562333518
0.6711841796272789
0.6658087628992166
0.6733781562668126
0.6711841795836686
0.665808762926456
0.6733781562800805
0.6711841795413543
0.6658087629494686
0.673378156293284
0.6711841795339271
0.6658087629641032
0.6733781563120693
0.6711841795643878
0.6658087629509614
0.6733781563063148
0.6711841796077507
0.6658087629122176
0.673378156269923
0.6711841795896903
0.6658087629390024
0.6733781563036474
0.6711841796194886
0.6658087628837543
0.673378156240451
0.6711841796270793
0.6658087628491604
0.673378156190029
0.6711841796144146
0.6658087628698383
0.6733781562130124
0.6711841795883531
0.6658087629356546
0.6733781562992687
0.6711841795572957
0.6658087629837717
0.6733781563539558
0.671184179540213
0.6658087629722739
0.6733781563267921
0.6711841795566098
0.6658087629311007
0.6733781562765084
0.6711841796001101
0.6658087628983814
0.6733781562553949
0.6711841796378895
0.6658087628828926
0.6733781562514707
0.6711841796390239
0.6658087628817683
0.673378156247262
0.6711841796027785
0.6658087629005078
0.6733781562579041
0.6711841795581092
0.6658087629379381
0.6733781562913533
0.6711841795373789
0.6658087629686031
0.673378156322616
0.6711841795530352
0.6658087629718037
0.6733781563313039
0.6711841795514165
0.6658087629925487
0.673378156366895
0.6711841795730454
0.6658087629648174
0.6733781563394692
0.6711841796007646
0.6658087628993783
0.6733781562535517
0.6711841796249032
0.6658087628538164
0.6733781561973878
0.6711841796329208
0.6658087628690639
0.6733781562265431
0.6711841796120748
0.6658087629220917
0.6733781562922648
0.6711841795702324
0.665808762959353
0.6733781563219176
0.6711841795387115
0.6658087629669731
0.6733781563173951
0.6711841795440483
0.6658087629545306
0.6733781563060905
0.6711841795838615
0.6658087629288665
0.6733781562890521
0.6711841796281379
0.6658087628972742
0.673378156263271
0.6711841796434618
0.6658087628756948
0.6733781562429308
0.6711841796201996
0.6658087628823548
0.6733781562442192
0.6711841795783955
0.6658087629163341
0.6733781562707537
0.6711841795502274
0.6658087629644658
0.6733781563236186
0.6711841795677496
0.6658087629542795
0.6733781563181119
0.6711841795515741
0.6658087629943139
0.6733781563715331
0.671184179552691
0.6658087629724441
0.6733781563370802
0.6711841795768999
0.6658087629139569
0.673378156263029
0.6711841796152203
0.6658087628719966
0.6733781562252062
0.6711841796396163
0.6658087628724043
0.6733781562373671
0.6711841796274871
0.665808762897655
0.6733781562635939
0.671184179585611
0.6658087629296707
0.6733781562878337
0.6711841795444504
0.6658087629555878
0.6733781563067822
0.6711841795350509
0.6658087629642186
0.6733781563129627
0.6711841795649676
0.6658087629506402
0.6733781563044592
0.6711841796101834
0.6658087629161556
0.6733781562795521
0.6711841796356011
0.6658087628770942
0.673378156238972
0.6711841796258589
0.66580876285845
0.6733781562056382
0.6711841795957671
0.6658087628880013
0.6733781562323194
0.6711841796141599
0.6658087628727583
0.6733781562185905
0.6711841795878315
0.6658087629361176
0.6733781563002531
0.671184179554862
0.6658087629768782
0.6733781563403549
0.6711841795384692
0.6658087629710154
0.6733781563227483
0.6711841795563307
0.6658087629334517
0.6733781562821712
0.6711841795990133
0.6658087628963327
0.6733781562511005
0.6711841796352394
0.6658087628767828
0.6733781562381081
0.6711841796376088
0.6658087628809178
0.6733781562452431
0.6711841796028815
0.665808762903203
0.6733781562629043
0.6711841795565534
0.6658087629336584
0.6733781562826398
0.6711841795350013
0.6658087629639966
0.6733781563110333
0.671184179552551
0.6658087629723908
0.6733781563327241
0.6711841795897888
0.6658087629407001
0.6733781563076042
0.6711841796175402
0.6658087628800979
0.6733781562306247
0.6711841796246772
0.6658087628434135
0.6733781561786464