0.657301131390132
0.6595702394335703
0.7051707198763731
0.6573011313964423
0.6595702394314655
0.7051707198552408
0.6573011314053887
0.6595702394305103
0.7051707198270798
0.6573011313988982
0.6595702394330112
0.7051707198497335
0.6573011313915917
0.6595702394335148
0.7051707198721329
0.6573011313984335
0.6595702394307836
0.7051707198474575
0.6573011314019901
0.6595702394305327
0.7051707198365682
0.6573011313912509
0.6595702394328923
0.7051707198719482
0.6573011313865026
0.6595702394321965
0.7051707198843058
0.6573011313952133
0.6595702394295311
0.7051707198546322
0.6573011313958675
0.6595702394304923
0.7051707198544246
0.6573011313859517
0.6595702394328309
0.7051707198867315
0.6573011313877829
0.6595702394313949
0.7051707198793775
0.6573011313990539
0.6595702394296071
0.7051707198439894
0.6573011313976562
0.6595702394317852
0.7051707198511241
0.6573011313970941
0.6595702394315703
0.7051707198529011
0.6573011313907049
0.659570239432824
0.7051707198787099
0.6573011313981314
0.65957023943202
0.705170719849407
0.6573011313998947
0.6595702394305346
0.7051707198378276
0.6573011313887076
0.6595702394312012
0.7051707198785109
0.6573011313860968
0.659570239432203
0.7051707198896183
0.6573011313955397
0.6595702394310017
0.7051707198525419
0.6573011313951411
0.6595702394301389
0.7051707198517596
0.6573011313861379
0.6595702394316134
0.7051707198875247
0.6573011313902235
0.6595702394323746
0.705170719876052
0.6573011314012388
0.6595702394310781
0.7051707198356059
0.6573011313981708
0.6595702394310108
0.7051707198468028
0.6573011313911896
0.6595702394326945
0.7051707198763779
0.6573011313984789
0.6595702394327296
0.705170719852048
0.6573011314055486
0.6595702394312909
0.7051707198231294
0.6573011313952941
0.6595702394292461
0.7051707198529795
0.6573011313913634
0.6595702394311429
0.7051707198664064
0.6573011313877705
0.6595702394331376
0.7051707198833055
0.6573011313914352
0.6595702394306935
0.7051707198689205
0.6573011313947431
0.6595702394292183
0.7051707198542869
0.6573011313921193
0.6595702394321894
0.7051707198673931
0.6573011313921568
0.6595702394334154
0.7051707198720013
0.65730113139821
0.659570239430578
0.7051707198491382
0.6573011314002236
0.659570239430447
0.7051707198402976
0.6573011313964756
0.659570239433688
0.705170719857598
0.6573011313969706
0.6595702394333387
0.7051707198584933
0.6573011314009047
0.6595702394302507
0.7051707198399988
0.6573011313984785
0.6595702394311117
0.7051707198455643
0.6573011313927906
0.6595702394336942
0.7051707198690504
0.6573011313931854
0.6595702394318852
0.7051707198668911
0.6573011313876812
0.6595702394315368
0.7051707198790552
0.6573011313987528
0.6595702394304133
0.7051707198406466
0.657301131397824
0.6595702394314795
0.70517071985227
0.6573011313902437
0.6595702394328702
0.7051707198794432
0.6573011313961294
0.6595702394318897
0.7051707198536623
0.6573011314052565
0.65957023943105
0.7051707198248417
0.6573011313991215
0.6595702394324419
0.7051707198521409
0.6573011313916813
0.6595702394330072
0.7051707198745172
0.6573011313983155
0.6595702394313125
0.705170719845629
0.6573011314019669
0.6595702394308336
0.7051707198355519
0.6573011313914525
0.6595702394321754
0.7051707198750613
0.6573011313865735
0.6595702394319476
0.7051707198856885
0.657301131394931
0.6595702394303249
0.7051707198515907
0.6573011313958277
0.6595702394306018
0.7051707198538182
0.6573011313862511
0.659570239432035
0.7051707198899932
0.6573011313909728
0.6595702394333505
0.7051707198739636
0.6573011313984929
0.6595702394324747
0.7051707198532624
0.657301131405811
0.6595702394307201
0.7051707198255003
0.6573011313970195
0.6595702394320144
0.705170719851117
0.6573011313904071
0.6595702394334004
0.705170719876333
0.6573011313983068
0.6595702394314669
0.7051707198514177
0.6573011314000917
0.6595702394301287
0.7051707198392778
0.657301131388369
0.6595702394318811
0.7051707198756008
0.6573011313859604
0.6595702394324077
0.7051707198885379
0.6573011313958603
0.6595702394302347
0.7051707198555324
0.6573011313951779
0.6595702394300325
0.7051707198524366
0.6573011313859021
0.6595702394322465
0.7051707198852846
0.6573011313902679
0.6595702394322256
0.7051707198769066
0.6573011314014323
0.6595702394303967
0.705170719838627
0.6573011313981472
0.659570239431216
0.7051707198462629
0.6573011313986697
0.659570239430785
0.7051707198471908
0.6573011313929827
0.6595702394329889
0.7051707198719392
0.657301131393014
0.6595702394323464
0.7051707198650045
0.6573011313952374
0.6595702394298371
0.7051707198506447
0.6573011313915569
0.6595702394306219
0.7051707198684997
0.657301131387868
0.6595702394326842
0.7051707198849515
0.6573011313913054
0.6595702394313143
0.7051707198661203
0.6573011313946452
0.659570239429627
0.70517071985236
0.6573011313922971
0.6595702394315472
0.7051707198695816
0.6573011313922713
0.6595702394332044
0.7051707198721812
0.6573011313979435
0.6595702394314019
0.7051707198452548
0.6573011314001784
0.6595702394305575
0.7051707198397261
0.6573011313967858
0.6595702394328563
0.7051707198608321
0.6573011313968999
0.6595702394334501
0.7051707198579343
0.6573011314006385
0.6595702394310382
0.7051707198370557
0.6573011313951831
0.6595702394297124
0.7051707198541697
0.6573011313957244
0.659570239430998
0.705170719852098
0.6573011313859994
0.6595702394325521
0.7051707198878694
0.6573011313879317
0.6595702394309604
0.7051707198817273
0.65730113139899
0.6595702394299856
0.7051707198426127
0.6573011313975513
0.6595702394321261
0.7051707198496717
0.6573011313901922
0.6595702394330958
0.7051707198786781
0.657301131396486
0.6595702394311678
0.7051707198567088
0.6573011314053165
0.6595702394309759
0.7051707198252444
0.657301131398898
0.6595702394331389
0.705170719849332
0.6573011313916999
0.6595702394329591
0.705170719874422
0.6573011313984857
0.659570239430705
0.705170719847795
0.6573011314018999
0.6595702394310717
0.7051707198343857
0.6573011313911532
0.6595702394328495
0.7051707198719532
0.6573011313865449
0.6595702394316714
0.705170719886624
0.6573011313900273
0.659570239432713
0.7051707198748944
0.6573011314012852
0.6595702394309992
0.7051707198360262
0.6573011313982431
0.6595702394306646
0.7051707198483183
0.6573011313910517
0.6595702394328751
0.7051707198760903
0.6573011313983843
0.6595702394330873
0.7051707198508329
0.6573011314057533
0.6595702394310503
0.7051707198239543
0.6573011313972295
0.6595702394312734
0.7051707198543566
0.6573011313904955
0.6595702394331361
0.7051707198778787
0.6573011313980391
0.6595702394321976
0.7051707198486479
0.657301131400065
0.6595702394301268
0.7051707198397392
0.6573011313886437
0.6595702394310313
0.7051707198797412
0.6573011313858861
0.6595702394325255
0.705170719888363
0.6573011313956423
0.6595702394309911
0.7051707198525727
0.6573011313953224
0.6595702394297174
0.7051707198538446
0.6573011313859928
0.6595702394315853
0.7051707198879809
0.6573011313965145
0.6595702394333866
0.7051707198588816
0.6573011313971431
0.6595702394328953
0.7051707198601581
0.6573011314007886
0.6595702394306353
0.7051707198383161
0.6573011313983078
0.65957023943144
0.7051707198441701
0.6573011313928769
0.659570239433262
0.7051707198706594
0.6573011313933046
0.6595702394316751
0.7051707198672026
0.6573011313952717
0.6595702394297278
0.7051707198506174
0.657301131391305
0.6595702394313154
0.7051707198658623
0.6573011313878572
0.6595702394326821
0.7051707198849717
0.657301131391545
0.6595702394306535
0.705170719868487
0.657301131394621
0.6595702394297752
0.705170719852042
0.6573011313920136
0.6595702394321992
0.705170719867563
0.6573011313923569
0.6595702394329038
0.7051707198737173
0.6573011313983184
0.65957023943075
0.7051707198481791
0.6573011314000698
0.6595702394309603
0.7051707198384094
0.6573011314020692
0.6595702394304839
0.705170719836925
0.657301131391369
0.6595702394323381
0.7051707198741799
0.6573011313864798
0.6595702394323092
0.7051707198839865
0.6573011313950701
0.6595702394300433
0.7051707198526002
0.6573011313959145
0.6595702394302396
0.705170719855181
0.6573011313860502
0.6595702394323821
0.7051707198884654
0.6573011313876582
0.6595702394317882
0.7051707198777153
0.6573011313990251
0.659570239430005
0.7051707198421158
0.6573011313978306
0.6595702394313754
0.7051707198526874
0.6573011313901086
0.6595702394333445
0.7051707198771497
0.6573011313962849
0.6595702394319511
0.7051707198529844
0.6573011314053825
0.6595702394306839
0.7051707198265282
0.6573011313989718
0.6595702394325289
0.7051707198518897
0.6573011313915792
0.659570239433438
0.7051707198722467
0.6573011313984184
0.65957023943128
0.7051707198454635
0.6573011313957702
0.6595702394306241
0.7051707198540453
0.6573011313950476
0.659570239430351
0.7051707198512088
0.6573011313860112
0.6595702394318499
0.7051707198870396
0.6573011313903648
0.6595702394320455
0.7051707198778534
0.6573011314013503
0.6595702394307985
0.705170719837058
0.6573011313980501
0.6595702394312706
0.7051707198462395
0.6573011313910233
0.6595702394328894
0.7051707198762551
0.6573011313986006
0.6595702394323927
0.7051707198535766
0.6573011314057038
0.6595702394311194
0.7051707198238024
0.6573011313968817
0.6595702394319451
0.7051707198517898
0.6573011313905488
0.6595702394328856
0.7051707198787136
0.6573011313983403
0.6595702394315623
0.7051707198510946
0.6573011313998429
0.6595702394305609
0.705170719837865
0.6573011313883487
0.6595702394316056
0.7051707198771342
0.6573011313861205
0.6595702394320142
0.7051707198902673
0.6573011313921611
0.6595702394335974
0.7051707198709077
0.6573011313981005
0.6595702394311076
0.7051707198465454
0.657301131400294
0.6595702394301814
0.7051707198412813
0.6573011313966028
0.6595702394332539
0.7051707198593558
0.6573011313968637
0.6595702394337505
0.7051707198567702
0.6573011314008483
0.6595702394305678
0.7051707198387589
0.6573011313985881
0.6595702394306111
0.7051707198479774
0.6573011313927375
0.6595702394334761
0.7051707198702508
0.6573011313930935
0.6595702394323595
0.7051707198648222
0.6573011313953556
0.6595702394293238
0.7051707198527141
0.6573011313914143
0.6595702394306613
0.7051707198688588
0.6573011313877755
0.6595702394331138
0.7051707198833443
0.6573011313914182
0.6595702394311626
0.7051707198665192
0.657301131394705
0.6595702394291688
0.7051707198545775
0.657301131392164
0.6595702394317073
0.7051707198695728
0.6573011313989718
0.6595702394327396
0.7051707198508814
0.6573011313918191
0.6595702394327652
0.7051707198749417
0.6573011313984255
0.659570239431083
0.7051707198460833
0.6573011314018555
0.6595702394311368
0.7051707198339361
0.6573011313913133
0.6595702394324643
0.7051707198733972
0.6573011313867023
0.6595702394317048
0.7051707198862627
0.6573011313950616
0.6595702394301628
0.705170719851952
0.6573011313956195
0.6595702394309879
0.7051707198521235
0.6573011313861791
0.6595702394321987
0.7051707198893182
0.6573011313880056
0.6595702394311479
0.7051707198804266
0.6573011313988149
0.6595702394304233
0.705170719840509
0.6573011313976024
0.6595702394319349
0.7051707198505185
0.6573011313903963
0.6595702394327756
0.7051707198795215
0.6573011313963945
0.6595702394315157
0.7051707198547885
0.6573011314051345
0.6595702394312435
0.7051707198241399
0.6573011314001462
0.6595702394297566
0.705170719840944
0.6573011313884738
0.6595702394314378
0.7051707198776296
0.6573011313858343
0.6595702394328279
0.705170719887134
0.6573011313958056
0.6595702394305207
0.7051707198546566
0.6573011313953232
0.659570239429515
0.7051707198544206
0.6573011313859023
0.6595702394320826
0.7051707198858685
0.6573011313901573
0.659570239432777
0.705170719874813
0.6573011314014175
0.6595702394304785
0.7051707198381295
0.6573011313981765
0.6595702394307092
0.7051707198482056
0.6573011313909443
0.6595702394333969
0.7051707198739813
0.6573011313984125
0.6595702394329764
0.705170719851079
0.6573011314058095
0.6595702394305885
0.7051707198258472
0.6573011313971368
0.6595702394315229
0.7051707198533641
0.6573011313904294
0.659570239433608
0.705170719875589
0.6573011313981835
0.6595702394319158
0.7051707198495301
0.6573011313914565
0.6595702394310201
0.705170719867261
0.657301131394517
0.6595702394298679
0.7051707198516363
0.6573011313921251
0.6595702394317928
0.7051707198691093
0.6573011313923687
0.6595702394328855
0.7051707198741378
0.657301131398037
0.6595702394311419
0.705170719846676
0.6573011313999768
0.6595702394308319
0.7051707198386794
0.6573011313967186
0.6595702394329551
0.7051707198609691
0.6573011313971242
0.6595702394330337
0.7051707198600414
0.6573011314005959
0.6595702394309293
0.7051707198372301
0.6573011313983785
0.6595702394311445
0.705170719845835
0.6573011313929847
0.6595702394329362
0.7051707198725642
0.6573011313931512
0.6595702394319537
0.7051707198664549
0.6573011313951238
0.6595702394299447
0.7051707198501569
0.6573011313914223
0.6595702394309599
0.7051707198675503
0.6573011313880148
0.6595702394325028
0.7051707198858675