0.6645119433786579
0.6593632752683549
0.6987092388547035
0.6645119433755267
0.6593632752755502
0.6987092388660756
0.6645119433728952
0.6593632752792011
0.698709238870911
0.6645119433775313
0.6593632752727372
0.6987092388592935
0.6645119433780786
0.6593632752676395
0.698709238852232
0.6645119433710082
0.6593632752708087
0.698709238861156
0.6645119433698805
0.659363275273574
0.698709238869532
0.6645119433761181
0.6593632752693492
0.6987092388625468
0.6645119433760074
0.6593632752690719
0.6987092388629041
0.6645119433703677
0.6593632752769172
0.6987092388811706
0.6645119433715581
0.6593632752759788
0.6987092388804226
0.6645119433757909
0.6593632752659252
0.698709238860322
0.6645119433722235
0.6593632752667362
0.6987092388635805
0.6645119433678388
0.6593632752737566
0.6987092388760063
0.6645119433729049
0.6593632752709159
0.6987092388642595
0.6645119433725368
0.659363275270844
0.6987092388602462
0.6645119433700069
0.6593632752739709
0.6987092388684841
0.6645119433758582
0.6593632752692855
0.6987092388581322
0.6645119433774735
0.6593632752698927
0.6987092388616052
0.6645119433717193
0.65936327527721
0.6987092388796667
0.6645119433707327
0.659363275275024
0.6987092388762967
0.6645119433750033
0.6593632752670314
0.6987092388631962
0.6645119433729039
0.6593632752675247
0.698709238867269
0.6645119433674898
0.6593632752714911
0.6987092388735513
0.66451194337108
0.6593632752704279
0.6987092388672738
0.6645119433781048
0.6593632752695295
0.6987092388603006
0.6645119433762179
0.6593632752741521
0.6987092388644642
0.664511943372381
0.6593632752782397
0.6987092388709546
0.6645119433762946
0.659363275273896
0.6987092388620613
0.6645119433785798
0.6593632752679008
0.6987092388506748
0.6645119433702154
0.6593632752764713
0.6987092388785257
0.6645119433743012
0.6593632752686818
0.6987092388666557
0.664511943373959
0.6593632752656842
0.6987092388611743
0.6645119433678961
0.6593632752706049
0.6987092388730459
0.6645119433694342
0.6593632752721412
0.6987092388756323
0.6645119433769313
0.6593632752683813
0.6987092388607873
0.6645119433767166
0.6593632752720335
0.6987092388630396
0.6645119433720337
0.6593632752794157
0.698709238877099
0.6645119433745119
0.6593632752746406
0.698709238864836
0.664511943378443
0.6593632752667056
0.6987092388478753
0.6645119433742043
0.6593632752706144
0.698709238858274
0.6645119433702726
0.6593632752746653
0.698709238867538
0.6645119433752267
0.6593632752700737
0.6987092388585057
0.6645119433787748
0.6593632752698908
0.6987092388587788
0.6645119433734263
0.6593632752765068
0.6987092388737937
0.6645119433753657
0.6593632752677989
0.6987092388625633
0.6645119433776898
0.6593632752705931
0.6987092388646756
0.6645119433719404
0.6593632752792509
0.6987092388772473
0.6645119433720688
0.65936327527559
0.6987092388685681
0.664511943377941
0.6593632752666446
0.6987092388524188
0.6645119433760724
0.6593632752686449
0.69870923885474
0.6645119433702468
0.6593632752747329
0.6987092388656153
0.6645119433739438
0.659363275272634
0.6987092388624949
0.6645119433801011
0.6593632752694435
0.6987092388545801
0.6645119433756673
0.6593632752751162
0.6987092388666535
0.6645119433698062
0.6593632752789487
0.6987092388804952
0.6645119433733147
0.6593632752700401
0.6987092388674498
0.6645119433753653
0.6593632752634229
0.698709238857361
0.6645119433690762
0.6593632752701953
0.6987092388733467
0.6645119433676601
0.659363275273512
0.6987092388778835
0.6645119433774596
0.6593632752641543
0.6987092388466898
0.6645119433713385
0.659363275273692
0.6987092388656297
0.6645119433722537
0.6593632752768808
0.698709238869115
0.6645119433796499
0.6593632752696538
0.6987092388520368
0.6645119433782629
0.6593632752720208
0.6987092388595588
0.6645119433710027
0.6593632752801017
0.6987092388789446
0.6645119433718558
0.6593632752734448
0.6987092388695939
0.6645119433759472
0.6593632752625569
0.6987092388545384
0.6645119433716323
0.6593632752670949
0.6987092388659397
0.6645119433670441
0.6593632752749296
0.6987092388801441
0.6645119433728226
0.6593632752711098
0.6987092388719395
0.6645119433780575
0.6593632752681822
0.6987092388623901
0.6645119433730423
0.6593632752758096
0.6987092388731674
0.6645119433700458
0.6593632752784853
0.6987092388782608
0.6645119433759885
0.6593632752683314
0.6987092388569294
0.6645119433733702
0.6593632752764929
0.6987092388685233
0.6645119433710251
0.659363275275428
0.6987092388720374
0.664511943375363
0.6593632752664247
0.6987092388594596
0.6645119433738793
0.6593632752646856
0.6987092388582435
0.664511943368008
0.6593632752724219
0.6987092388754239
0.6645119433707871
0.6593632752745171
0.6987092388777048
0.6645119433772699
0.6593632752698458
0.6987092388649492
0.6645119433745146
0.659363275271941
0.6987092388699864
0.6645119433695144
0.65936327527676
0.6987092388789629
0.6645119433732822
0.6593632752710128
0.6987092388641533
0.6645119433771813
0.659363275264335
0.6987092388510323
0.6645119433730589
0.6593632752702001
0.6987092388606537
0.664511943371437
0.6593632752769557
0.6987092388675394
0.6645119433778874
0.6593632752737308
0.6987092388591962
0.6645119433799599
0.6593632752717371
0.6987092388569731
0.6645119433701068
0.659363275274353
0.6987092388764365
0.6645119433765507
0.6593632752704129
0.6987092388668654
0.6645119433752393
0.6593632752719051
0.6987092388715084
0.6645119433694875
0.6593632752755062
0.6987092388782628
0.664511943371438
0.6593632752706453
0.6987092388677191
0.6645119433762038
0.659363275264924
0.6987092388546082
0.6645119433735942
0.6593632752696365
0.698709238859853
0.664511943370869
0.6593632752762082
0.6987092388700351
0.6645119433766252
0.659363275274337
0.6987092388626763
0.6645119433805791
0.6593632752720904
0.6987092388544047
0.664511943374863
0.6593632752758416
0.6987092388655464
0.6645119433712037
0.6593632752754192
0.6987092388705941
0.6645119433752795
0.6593632752674408
0.698709238856146
0.6645119433751021
0.6593632752654708
0.698709238856404
0.6645119433690996
0.6593632752723156
0.6987092388746764
0.6645119433749118
0.6593632752646154
0.6987092388562988
0.6645119433745912
0.6593632752676768
0.6987092388574869
0.6645119433704455
0.6593632752760757
0.6987092388726162
0.6645119433746741
0.6593632752754612
0.6987092388660929
0.6645119433807979
0.6593632752715105
0.6987092388541414
0.6645119433767739
0.6593632752745233
0.6987092388625862
0.6645119433711231
0.6593632752763007
0.6987092388691569
0.6645119433741531
0.6593632752692844
0.6987092388581988
0.6645119433765505
0.6593632752652534
0.698709238853847
0.6645119433713133
0.6593632752717773
0.6987092388677665
0.6645119433694364
0.6593632752758899
0.6987092388771972
0.6645119433755085
0.6593632752711615
0.6987092388695988
0.664511943376733
0.659363275270133
0.6987092388667864
0.664511943370089
0.6593632752748299
0.6987092388782401
0.6645119433691
0.6593632752720007
0.6987092388755128
0.6645119433781947
0.6593632752729794
0.6987092388586557
0.6645119433714596
0.6593632752774623
0.6987092388677876
0.6645119433730455
0.6593632752709608
0.6987092388604801
0.6645119433773994
0.659363275264305
0.6987092388495019
0.6645119433735183
0.6593632752712842
0.698709238863156
0.6645119433696451
0.6593632752775485
0.6987092388787786
0.6645119433748229
0.6593632752716834
0.6987092388684965
0.6645119433777655
0.659363275268804
0.6987092388629671
0.6645119433709878
0.6593632752745304
0.6987092388780375
0.6645119433677653
0.6593632752732803
0.6987092388773468
0.6645119433735266
0.65936327526479
0.6987092388591127
0.6645119433749338
0.6593632752658826
0.698709238859587
0.664511943370401
0.6593632752753863
0.6987092388733227
0.664511943372964
0.6593632752765992
0.6987092388702887
0.6645119433801225
0.65936327527099
0.6987092388572287
0.6645119433705666
0.6593632752780791
0.6987092388767153
0.6645119433733634
0.6593632752761349
0.6987092388725529
0.6645119433784239
0.6593632752682326
0.6987092388612575
0.6645119433731561
0.6593632752706948
0.6987092388704799
0.6645119433669209
0.6593632752754499
0.6987092388807924
0.6645119433711648
0.6593632752682461
0.6987092388681815
0.664511943375625
0.6593632752623335
0.6987092388552019
0.6645119433716893
0.6593632752721742
0.698709238869122
0.6645119433707143
0.6593632752796699
0.6987092388800511
0.66451194337801
0.6593632752720835
0.6987092388613566
0.6645119433796818
0.6593632752691709
0.6987092388524221
0.6645119433722715
0.6593632752767997
0.6987092388690459
0.6645119433710731
0.6593632752746668
0.698709238866206
0.6645119433773656
0.6593632752648287
0.6987092388465037
0.6645119433764162
0.6593632752678966
0.6987092388552283
0.6645119433690418
0.6593632752704943
0.6987092388739472
0.6645119433750659
0.659363275263756
0.6987092388588105
0.6645119433732019
0.6593632752691818
0.6987092388674401
0.6645119433697961
0.65936327527759
0.6987092388799332
0.664511943375292
0.6593632752750214
0.6987092388681319
0.6645119433795508
0.6593632752702757
0.6987092388571727
0.6645119433737096
0.6593632752727551
0.6987092388632445
0.664511943370214
0.6593632752745033
0.6987092388650886
0.664511943375998
0.6593632752691457
0.6987092388549665
0.6645119433781066
0.6593632752667905
0.6987092388520952
0.6645119433726471
0.6593632752746165
0.6987092388665109
0.6645119433724704
0.6593632752789015
0.6987092388756352
0.664511943377821
0.6593632752715858
0.69870923886444
0.6645119433754229
0.6593632752684901
0.6987092388618388
0.6645119433678531
0.6593632752734553
0.6987092388768237
0.6645119433782329
0.659363275270574
0.6987092388610846
0.6645119433746944
0.6593632752709996
0.6987092388611804
0.6645119433702098
0.6593632752742047
0.6987092388676492
0.664511943374416
0.6593632752697062
0.6987092388571412
0.664511943378525
0.6593632752666639
0.698709238847788
0.6645119433746587
0.6593632752747993
0.6987092388647006
0.6645119433724274
0.6593632752791047
0.698709238875426
0.6645119433769681
0.6593632752723013
0.6987092388614822
0.6645119433769346
0.6593632752696856
0.6987092388607272
0.6645119433696375
0.6593632752728114
0.6987092388752745
0.6645119433683319
0.6593632752699123
0.6987092388717031
0.664511943374128
0.6593632752652236
0.698709238861069
0.664511943374094
0.6593632752688154
0.6987092388677871
0.6645119433699656
0.6593632752758829
0.6987092388785844
0.6645119433731447
0.6593632752758164
0.698709238873791
0.664511943376095
0.6593632752744165
0.6987092388624578
0.6645119433723067
0.659363275279178
0.698709238871458
0.6645119433765392
0.6593632752741861
0.6987092388630671
0.6645119433784739
0.6593632752697361
0.6987092388587388
0.6645119433713311
0.6593632752712072
0.6987092388668629
0.6645119433679512
0.659363275271432
0.6987092388727537
0.6645119433734445
0.6593632752666103
0.6987092388658374
0.6645119433749633
0.6593632752668159
0.6987092388630729
0.664511943370161
0.6593632752755929
0.6987092388775217
0.6645119433712984
0.6593632752772569
0.6987092388803631
0.6645119433772626
0.659363275269491
0.6987092388620749
0.6645119433755259
0.6593632752695624
0.698709238860105
0.6645119433697697
0.6593632752742754
0.6987092388706055
0.6645119433726525
0.6593632752698457
0.6987092388599173
0.6645119433786699
0.6593632752668175
0.6987092388493881
0.6645119433681302
0.6593632752741538
0.6987092388751697
0.6645119433724709
0.6593632752669658
0.6987092388629224
0.6645119433759696
0.6593632752655159
0.6987092388592877
0.6645119433712818
0.6593632752762479
0.6987092388806502
0.6645119433698202
0.6593632752777208
0.6987092388824842
0.6645119433758073
0.6593632752687985
0.6987092388633753
0.664511943376251
0.6593632752684562
0.6987092388629285
0.6645119433697744
0.6593632752735047
0.6987092388714649
0.6645119433706315
0.6593632752709147
0.6987092388629591
0.6645119433778276
0.6593632752669597
0.6987092388519415
0.664511943377327
0.65936327527234
0.6987092388584991
0.6645119433726041
0.6593632752800453
0.6987092388715116
0.6645119433755946
0.6593632752764131
0.698709238866587
0.6645119433792888
0.6593632752680394
0.6987092388532308
0.664511943373528
0.6593632752704481
0.6987092388622128
0.6645119433736026
0.6593632752725771
0.6987092388728275
0.6645119433772029
0.6593632752646958
0.6987092388579976
0.6645119433706097
0.6593632752699072
0.6987092388672358
0.6645119433680263
0.659363275275287
0.6987092388759513
0.6645119433759232
0.6593632752682872
0.6987092388571874
0.6645119433790982
0.6593632752673924
0.6987092388497375
0.6645119433735265
0.6593632752798346
0.698709238872131
0.6645119433736253
0.6593632752803776
0.6987092388729037
0.6645119433795226
0.659363275267802
0.6987092388500384
0.6645119433766126
0.6593632752676897
0.6987092388552979
0.6645119433684563
0.6593632752751124
0.6987092388739362
0.664511943370566
0.6593632752707621
0.6987092388666802
0.6645119433771498
0.6593632752652532
0.6987092388576671
0.6645119433737534
0.659363275272391
0.698709238872103
0.6645119433686567
0.6593632752791853
0.6987092388846692