0.6719052196130674
0.666288113612225
0.6781022344076965
0.6719052196152955
0.6662881136351556
0.6781022344432452
0.6719052196267313
0.6662881136948096
0.6781022345369417
0.6719052196509279
0.6662881137465707
0.6781022346238814
0.6719052196748038
0.6662881137573838
0.6781022346513714
0.6719052196728761
0.6662881137283568
0.6781022346086916
0.6719052196383414
0.6662881136841403
0.6781022345252508
0.6719052196002606
0.6662881136492476
0.6781022344532877
0.6719052195959648
0.6662881136411143
0.6781022344403984
0.6719052196248563
0.6662881136606277
0.6781022344842129
0.6719052196581434
0.6662881137044689
0.6781022345633783
0.6719052196715125
0.6662881137523131
0.6781022346404064
0.6719052196618251
0.6662881137667501
0.6781022346586179
0.6719052196417263
0.6662881137274426
0.678102234590874
0.6719052196222218
0.6662881136546852
0.6781022344741336
0.6719052196410099
0.6662881136832277
0.6781022345272418
0.6719052196226318
0.6662881136347845
0.6781022344484364
0.671905219605162
0.6662881136325475
0.6781022344360661
0.6719052196102857
0.666288113672982
0.6781022344971677
0.6719052196442092
0.6662881137236998
0.6781022345897161
0.6719052196788176
0.666288113751105
0.6781022346485055
0.6719052196802371
0.6662881137459622
0.6781022346405556
0.6719052196472617
0.6662881137160761
0.6781022345790648
0.6719052196126815
0.6662881136763851
0.6781022345047609
0.6719052196018368
0.6662881136398106
0.6781022344457757
0.671905219617106
0.6662881136350254
0.6781022344438375
0.6719052196438154
0.6662881136805117
0.6781022345240264
0.6719052196621971
0.6662881137468543
0.6781022346325201
0.6719052196652519
0.6662881137817916
0.6781022346840879
0.6719052196558362
0.6662881137513355
0.6781022346332819
0.671905219667712
0.6662881137610124
0.6781022346537658
0.6719052196605508
0.6662881137116502
0.6781022345795984
0.6719052196291704
0.6662881136576196
0.6781022344824169
0.6719052195983339
0.6662881136364048
0.6781022344341912
0.6719052196007762
0.666288113656212
0.678102234466812
0.6719052196355257
0.6662881136944494
0.6781022345419229
0.6719052196709068
0.6662881137306227
0.6781022346113914
0.6719052196781814
0.6662881137522458
0.6781022346467085
0.6719052196579084
0.6662881137476242
0.6781022346322123
0.6719052196274733
0.6662881137022518
0.6781022345506829
0.6719052196085558
0.6662881136399433
0.6781022344473456
0.6719052196130257
0.6662881136171082
0.6781022344165775
0.6719052196298165
0.6662881136545438
0.6781022344821677
0.6719052196461612
0.6662881137245042
0.6781022345909444
0.6719052196591673
0.6662881137707979
0.6781022346624205
0.6719052196508584
0.6662881137455554
0.6781022346216694
0.6719052196769265
0.6662881137592428
0.6781022346577131
0.6719052196718941
0.6662881137276029
0.6781022346059986
0.6719052196356403
0.6662881136806522
0.6781022345158396
0.6719052196016214
0.6662881136501696
0.6781022344563667
0.6719052195974673
0.6662881136424108
0.6781022344440848
0.6719052196232458
0.6662881136590046
0.6781022344784751
0.6719052196559838
0.6662881137009531
0.6781022345557373
0.6719052196730047
0.6662881137532682
0.6781022346437189
0.6719052196634514
0.6662881137688605
0.6781022346623939
0.671905219638393
0.6662881137223303
0.6781022345794955
0.6719052196213013
0.6662881136536636
0.678102234471059
0.6719052196153847
0.6662881136147789
0.6781022344143248
0.6719052196146886
0.6662881136329442
0.6781022344398848
0.6719052196246815
0.6662881136922157
0.6781022345287498
0.6719052196096018
0.6662881136705059
0.6781022344909287
0.6719052196453476
0.6662881137227754
0.6781022345897854
0.6719052196775772
0.6662881137481915
0.6781022346415155
0.671905219677385
0.6662881137410245
0.6781022346276346
0.6719052196478927
0.6662881137147274
0.6781022345770438
0.6719052196130679
0.6662881136745442
0.6781022345025336
0.6719052195994522
0.666288113636356
0.6781022344358746
0.6719052196146479
0.6662881136304923
0.6781022344330225
0.6719052196441709
0.6662881136780143
0.6781022345200622
0.6719052196630697
0.6662881137468231
0.6781022346307789
0.6719052196615138
0.6662881137755599
0.6781022346692575
0.6719052196537447
0.6662881137474401
0.6781022346239178
0.6719052196426234
0.6662881136844112
0.6781022345291761
0.6719052196213517
0.6662881136312033
0.6781022344410095
0.6719052196024498
0.6662881136281524
0.6781022344240779
0.6719052195991346
0.6662881136387205
0.6781022344390804
0.6719052196028592
0.6662881136590486
0.6781022344749149
0.6719052196352988
0.6662881136947245
0.6781022345423295
0.6719052196694942
0.6662881137299473
0.6781022346080656
0.671905219680445
0.6662881137559926
0.6781022346552789
0.6719052196595101
0.6662881137494143
0.6781022346385015
0.6719052196261992
0.6662881137022161
0.6781022345491496
0.6719052196083342
0.6662881136415153
0.6781022344494367
0.6719052196149856
0.6662881136190167
0.6781022344234391
0.6719052196318652
0.6662881136580929
0.6781022344898404
0.6719052196444518
0.6662881137234548
0.678102234588089
0.6719052196588222
0.6662881137705179
0.6781022346630294
0.6719052196710401
0.6662881137660392
0.6781022346652306
0.6719052196606203
0.6662881137120938
0.6781022345811805
0.6719052196275928
0.666288113656932
0.6781022344799674
0.6719052196369661
0.6662881136842443
0.6781022345241898
0.6719052196042465
0.6662881136547592
0.6781022344678596
0.6719052195973245
0.6662881136433725
0.6781022344460839
0.6719052196216713
0.6662881136584438
0.6781022344766656
0.6719052196587789
0.6662881137065908
0.6781022345684964
0.6719052196754496
0.6662881137569217
0.6781022346541234
0.6719052196621934
0.6662881137683285
0.6781022346610026
0.671905219638931
0.6662881137255409
0.6781022345847617
0.6719052196240304
0.6662881136576401
0.6781022344824154
0.6719052196173455
0.6662881136189913
0.6781022344242312
0.6719052196134406
0.6662881136339562
0.6781022344404908
0.6719052196247882
0.6662881136930912
0.6781022345318757
0.6719052196547803
0.6662881137515569
0.67810223463593
0.6719052196773877
0.6662881137608856
0.6781022346613641
0.6719052196702153
0.6662881137270613
0.6781022346041702
0.6719052196775088
0.6662881137400121
0.6781022346259237
0.6719052196496544
0.6662881137157715
0.678102234579927
0.6719052196119183
0.666288113672354
0.6781022344961454
0.6719052195959648
0.6662881136307788
0.6781022344231202
0.6719052196154629
0.6662881136313313
0.6781022344346768
0.6719052196454864
0.6662881136786771
0.6781022345221099
0.6719052196598094
0.6662881137408065
0.678102234617388
0.671905219660016
0.6662881137731905
0.678102234661693
0.6719052196548602
0.6662881137467811
0.6781022346241719
0.6719052196425108
0.6662881136827979
0.6781022345268074
0.6719052196185369
0.6662881136279328
0.678102234430951
0.6719052196008434
0.6662881136246966
0.6781022344163445
0.6719052196118575
0.6662881136719111
0.6781022344954026
0.6719052196446352
0.6662881137209629
0.6781022345852121
0.6719052196744102
0.6662881137432617
0.6781022346292672
0.6719052196695202
0.6662881137282807
0.6781022346053586
0.6719052196820003
0.6662881137559004
0.6781022346565089
0.6719052196585589
0.6662881137475543
0.6781022346324628
0.6719052196227846
0.6662881136963827
0.6781022345361312
0.6719052196086358
0.6662881136406997
0.678102234448078
0.6719052196165298
0.6662881136203921
0.6781022344257324
0.6719052196284864
0.6662881136523512
0.6781022344767738
0.6719052196425385
0.6662881137208587
0.678102234580062
0.6719052196600466
0.6662881137706577
0.6781022346639223
0.6719052196707149
0.6662881137634573
0.6781022346613733
0.6719052196581436
0.6662881137086194
0.6781022345709062
0.6719052196262283
0.6662881136539007
0.678102234472457
0.6719052196010309
0.6662881136395161
0.678102234442902
0.6719052196021362
0.6662881136574127
0.6781022344711807
0.6719052196321197
0.6662881136900796
0.6781022345302448
0.6719052196232516
0.6662881136618707
0.6781022344845717
0.6719052196614836
0.6662881137103396
0.6781022345791984
0.6719052196758137
0.6662881137594833
0.678102234658293
0.6719052196608686
0.6662881137678802
0.6781022346600848
0.6719052196409951
0.6662881137282259
0.6781022345929505
0.6719052196277246
0.666288113663586
0.6781022344956067
0.6719052196159231
0.6662881136179148
0.6781022344224379
0.6719052196130233
0.6662881136353741
0.6781022344430834
0.6719052196280928
0.6662881136992447
0.6781022345458485
0.6719052196559906
0.6662881137535845
0.6781022346424261
0.6719052196763597
0.6662881137611281
0.6781022346602641
0.6719052196705617
0.6662881137288001
0.6781022346070148
0.6719052196401796
0.6662881136892017
0.678102234537218
0.6719052196048596
0.6662881136570072
0.6781022344730875
0.6719052195954829
0.6662881136432314
0.678102234443312
0.6719052195974666
0.6662881136338451
0.6781022344297141
0.6719052196179597
0.66628811363451
0.6781022344445258
0.6719052196452445
0.6662881136803275
0.6781022345245739
0.671905219658441
0.6662881137410153
0.6781022346163745
0.6719052196616642
0.6662881137751946
0.678102234668214
0.6719052196583954
0.6662881137525265
0.678102234636685
0.6719052196410702
0.6662881136816982
0.6781022345241894
0.6719052196173724
0.6662881136270603
0.6781022344293993
0.6719052196041224
0.666288113630417
0.678102234429209
0.6719052196130302
0.6662881136741501
0.678102234501495
0.6719052196429228
0.6662881137198332
0.6781022345816716
0.671905219674129
0.6662881137438462
0.6781022346300605
0.6719052196804021
0.6662881137442458
0.678102234637278
0.671905219650253
0.6662881137168851
0.6781022345834055
0.6719052196097294
0.6662881136704761
0.6781022344902965
0.6719052196226347
0.6662881136949932
0.6781022345320691
0.671905219609607
0.6662881136393806
0.6781022344473893
0.6719052196144022
0.6662881136164038
0.678102234416317
0.6719052196256594
0.6662881136483865
0.6781022344652081
0.6719052196420386
0.6662881137176309
0.6781022345743086
0.6719052196613388
0.6662881137712944
0.678102234665217
0.6719052196679991
0.6662881137593788
0.6781022346505412
0.6719052196550954
0.6662881137024256
0.678102234557282
0.6719052196278509
0.6662881136540904
0.6781022344733096
0.6719052196012468
0.6662881136382776
0.6781022344401836
0.6719052195992621
0.666288113652689
0.6781022344593469
0.6719052196302782
0.6662881136864478
0.6781022345218454
0.6719052196708363
0.6662881137287247
0.678102234607136
0.6719052196815927
0.6662881137539154
0.6781022346521439
0.6719052196548828
0.666288113741148
0.6781022346170171
0.6719052196611544
0.6662881137685532
0.6781022346604402
0.6719052196426485
0.6662881137293359
0.6781022345965474
0.6719052196259601
0.6662881136603678
0.6781022344886458
0.6719052196142393
0.6662881136161891
0.6781022344157501
0.6719052196132707
0.6662881136338972
0.6781022344412286
0.6719052196292501
0.6662881136998358
0.6781022345486862
0.671905219654175
0.666288113752135
0.6781022346372846
0.6719052196740984
0.6662881137574063
0.6781022346518131
0.6719052196723396
0.6662881137295353
0.6781022346101805
0.6719052196407627
0.6662881136889713
0.6781022345370866
0.671905219602793
0.6662881136541952
0.6781022344656064
0.6719052195945154
0.6662881136411561
0.6781022344393132
0.6719052196248987
0.6662881136632083
0.6781022344882874
0.6719052196617217
0.6662881137105925
0.6781022345787527
0.6719052196727111
0.6662881137551179
0.6781022346478411
0.671905219660237
0.666288113745223
0.6781022346264882
0.6719052196653166
0.6662881137814312
0.6781022346832142
0.6719052196578691
0.6662881137526291
0.6781022346382894
0.6719052196410394
0.6662881136841685
0.6781022345277326
0.6719052196197929
0.6662881136312702
0.6781022344398181
0.6719052196064064
0.6662881136340015
0.678102234439786
0.6719052196126699
0.6662881136763574
0.6781022345046466
0.6719052196424374
0.6662881137214469
0.6781022345839309
0.6719052196771693
0.6662881137491588
0.6781022346432906
0.6719052196817472
0.666288113747618
0.6781022346451728
0.6719052196491042
0.6662881137179879
0.6781022345839862
0.6719052196104756
0.6662881136728005
0.6781022344963974
0.6719052196005342
0.6662881136382924
0.6781022344415522
0.6719052196195614
0.6662881136382176
0.6781022344520888
0.6719052196435535
0.6662881136793374
0.6781022345231759
0.671905219626287
0.6662881136490792
0.6781022344676797
0.6719052196453359
0.6662881137224421
0.678102234584876
0.6719052196598437
0.6662881137689844
0.6781022346607465
0.6719052196664865
0.6662881137583531
0.6781022346468027
0.6719052196569782
0.6662881137055139
0.6781022345642334
0.6719052196293622
0.6662881136553584
0.6781022344784549
0.6719052195999732
0.6662881136368078
0.678102234435824
0.6719052195980844
0.6662881136514821
0.6781022344552066
0.671905219632827
0.6662881136896748
0.6781022345305747
0.6719052196714804
0.6662881137294947
0.6781022346099894
0.6719052196792128
0.6662881137520902
0.678102234645785
0.671905219654882
0.6662881137417518
0.6781022346180863
0.6719052196248634
0.6662881136971628
0.6781022345388761
0.6719052196102944
0.6662881136411041
0.678102234449679
0.6719052196117976
0.666288113613188
0.6781022344088102