0.6574096818993252
0.659525488198287
0.7054671836819595
0.6574096819021942
0.6595254881975999
0.705467183659138
0.6574096819088853
0.6595254881970762
0.7054671836331676
0.6574096819084672
0.6595254881986365
0.7054671836522344
0.657409681905315
0.6595254881995543
0.7054671836661905
0.6574096819088783
0.6595254881982917
0.7054671836383068
0.6574096819124393
0.6595254881978693
0.7054671836276973
0.6574096819077386
0.6595254881991135
0.7054671836589848
0.6574096819032151
0.6595254881988655
0.7054671836676183
0.6574096819057579
0.6595254881970223
0.7054671836422288
0.6574096819059989
0.6595254881968978
0.7054671836481525
0.657409681899602
0.6595254881980639
0.7054671836809983
0.6574096818976358
0.6595254881973496
0.7054671836754172
0.6574096819025412
0.6595254881959963
0.705467183648181
0.6574096819030976
0.6595254881968875
0.7054671836601147
0.6574096819094012
0.6595254881990654
0.7054671836413042
0.657409681903077
0.659525488198875
0.7054671836740485
0.6574096819096382
0.6595254881982565
0.7054671836446136
0.6574096819141491
0.6595254881984505
0.7054671836190055
0.6574096819046782
0.6595254881985837
0.7054671836586299
0.657409681898973
0.6595254881977679
0.7054671836832209
0.6574096819058475
0.6595254881970474
0.7054671836470918
0.6574096819064141
0.6595254881972868
0.7054671836389095
0.6574096818963462
0.6595254881973608
0.7054671836840261
0.6574096818960449
0.6595254881967031
0.705467183687396
0.6574096819058934
0.6595254881966904
0.7054671836427813
0.6574096819053764
0.6595254881976198
0.7054671836458795
0.6574096818982127
0.6595254881979853
0.705467183683671
0.6574096819037609
0.6595254881976962
0.7054671836646149
0.6574096819135188
0.6595254881982092
0.7054671836216989
0.6574096819099864
0.6595254881973456
0.7054671836307631
0.6574096819031405
0.6595254881969741
0.7054671836596706
0.657409681899732
0.6595254881985231
0.7054671836807653
0.6574096819034946
0.6595254881977839
0.7054671836563475
0.6574096819031103
0.6595254881957218
0.7054671836476893
0.6574096818975591
0.6595254881965008
0.7054671836781927
0.6574096818987595
0.6595254881983587
0.7054671836810071
0.6574096819053037
0.6595254881974181
0.7054671836469624
0.657409681905323
0.6595254881963284
0.705467183645168
0.6574096819022192
0.659525488198243
0.7054671836710529
0.657409681906727
0.6595254881996968
0.7054671836581718
0.6574096819123716
0.6595254881981939
0.705467183626591
0.6574096819091934
0.6595254881975482
0.7054671836400148
0.6574096819054025
0.6595254881993808
0.705467183666407
0.6574096819089368
0.6595254881995574
0.7054671836488203
0.6574096818979467
0.6595254881965158
0.7054671836786268
0.6574096819024823
0.6595254881961861
0.7054671836472662
0.6574096819029227
0.6595254881976331
0.7054671836571145
0.657409681899481
0.659525488197963
0.7054671836835336
0.6574096819023421
0.6595254881969442
0.7054671836619085
0.6574096819087438
0.6595254881975168
0.7054671836316425
0.6574096819083202
0.6595254881992028
0.705467183650444
0.6574096819055173
0.6595254881989581
0.7054671836687447
0.657409681909068
0.6595254881978008
0.705467183640432
0.6574096819122217
0.6595254881985648
0.705467183625301
0.6574096819075359
0.6595254881994725
0.7054671836575934
0.657409681903409
0.6595254881981216
0.7054671836704229
0.6574096819057572
0.6595254881968922
0.705467183642634
0.6574096819056454
0.6595254881977219
0.7054671836444887
0.6574096818996535
0.6595254881980032
0.7054671836808478
0.6574096818982048
0.6595254881980386
0.7054671836834301
0.6574096819034727
0.6595254881984112
0.705467183662082
0.6574096819136088
0.6595254881978947
0.7054671836221564
0.6574096819097011
0.6595254881983204
0.7054671836435681
0.6574096819028974
0.6595254881993129
0.7054671836729617
0.6574096819093844
0.6595254881988701
0.7054671836427688
0.6574096819143773
0.6595254881978931
0.7054671836207962
0.6574096819048134
0.659525488198158
0.7054671836603157
0.6574096818987367
0.6595254881984329
0.7054671836816999
0.6574096819058053
0.6595254881973601
0.7054671836466623
0.657409681906641
0.6595254881965971
0.7054671836415756
0.6574096818963775
0.6595254881971819
0.7054671836852549
0.6574096818958002
0.6595254881974548
0.7054671836856614
0.657409681905801
0.6595254881967612
0.7054671836425903
0.6574096819055468
0.6595254881968498
0.7054671836480377
0.6574096819089743
0.6595254881982416
0.7054671836375579
0.6574096819054942
0.6595254881990056
0.7054671836677131
0.6574096819090294
0.659525488198888
0.7054671836508449
0.6574096819098464
0.6595254881977537
0.705467183628784
0.6574096819029983
0.6595254881975164
0.7054671836575317
0.65740968189991
0.6595254881979818
0.7054671836826198
0.657409681903725
0.6595254881973445
0.7054671836576163
0.6574096819029174
0.6595254881964335
0.7054671836449282
0.6574096818973841
0.6595254881968888
0.7054671836769106
0.6574096818990196
0.6595254881976437
0.7054671836835663
0.657409681905383
0.6595254881972956
0.7054671836471736
0.6574096819050328
0.6595254881971492
0.7054671836423255
0.6574096819023215
0.6595254881981869
0.705467183671681
0.657409681907044
0.6595254881988861
0.7054671836613153
0.657409681912273
0.6595254881983845
0.7054671836259123
0.6574096819059265
0.6595254881965722
0.7054671836435629
0.6574096819059653
0.6595254881969983
0.7054671836469586
0.6574096818994553
0.6595254881984487
0.7054671836794306
0.6574096818977204
0.6595254881970969
0.7054671836765798
0.6574096819026973
0.6595254881955825
0.7054671836490368
0.657409681903012
0.6595254881972212
0.7054671836585392
0.6574096818992293
0.6595254881986772
0.7054671836814261
0.6574096819023122
0.6595254881972403
0.7054671836608474
0.6574096819089721
0.6595254881968131
0.7054671836336863
0.6574096819083787
0.6595254881990689
0.7054671836507806
0.6574096819052999
0.6595254881997139
0.7054671836658466
0.6574096819090293
0.6595254881978312
0.7054671836395621
0.6574096819124777
0.6595254881978159
0.7054671836273865
0.657409681907564
0.659525488199606
0.7054671836571252
0.657409681903171
0.6595254881988651
0.7054671836678099
0.65740968189599
0.6595254881967741
0.7054671836877486
0.6574096819057111
0.6595254881972061
0.7054671836408675
0.6574096819053799
0.6595254881974397
0.7054671836460978
0.6574096818983672
0.6595254881974678
0.705467183685815
0.6574096819036819
0.6595254881979133
0.7054671836640689
0.6574096819133572
0.6595254881985668
0.7054671836198108
0.6574096819094829
0.6595254881986976
0.7054671836427443
0.657409681903105
0.6595254881985746
0.7054671836762139
0.6574096819094284
0.6595254881986845
0.7054671836434561
0.6574096819140605
0.6595254881987057
0.7054671836181661
0.6574096819048487
0.6595254881981409
0.70546718366103
0.6574096818990219
0.6595254881975987
0.7054671836846037
0.6574096819057338
0.6595254881975166
0.7054671836456079
0.6574096819064217
0.6595254881973456
0.7054671836387717
0.6574096818964594
0.6595254881968635
0.7054671836862377
0.6574096819020754
0.659525488198616
0.7054671836704423
0.6574096819068329
0.6595254881994677
0.7054671836592901
0.6574096819124764
0.6595254881978497
0.7054671836274407
0.65740968190908
0.6595254881978476
0.705467183639055
0.6574096819053075
0.6595254881996948
0.7054671836659165
0.657409681909024
0.6595254881991899
0.7054671836496903
0.6574096819100721
0.6595254881970429
0.7054671836308364
0.6574096819030201
0.6595254881973769
0.7054671836585705
0.6574096818996327
0.6595254881987502
0.7054671836804971
0.6574096819036434
0.6595254881973693
0.7054671836572823
0.6574096819031249
0.6595254881956794
0.7054671836478309
0.6574096818973489
0.659525488197002
0.7054671836773518
0.6574096818987748
0.6595254881983115
0.7054671836813449
0.6574096819055244
0.659525488196927
0.7054671836481162
0.6574096819052782
0.6595254881964286
0.705467183644851
0.6574096819122831
0.6595254881983625
0.7054671836257883
0.6574096819077639
0.659525488199
0.7054671836595094
0.6574096819034088
0.659525488198422
0.7054671836692119
0.6574096819056665
0.6595254881973129
0.7054671836408022
0.6574096819058168
0.6595254881973781
0.7054671836460495
0.6574096818997466
0.6595254881977637
0.7054671836821346
0.6574096818977764
0.6595254881969772
0.7054671836763314
0.6574096819024641
0.6595254881963533
0.705467183645874
0.6574096819031008
0.6595254881971881
0.7054671836588629
0.6574096818995123
0.659525488197892
0.7054671836836203
0.6574096819022478
0.6595254881974026
0.7054671836593187
0.6574096819087307
0.6595254881975385
0.7054671836311626
0.657409681908413
0.6595254881987438
0.7054671836521194
0.6574096819054954
0.6595254881990162
0.7054671836678584
0.6574096819089262
0.6595254881982496
0.7054671836378505
0.6574096819059129
0.6595254881969481
0.705467183647207
0.6574096819065482
0.659525488196887
0.7054671836404871
0.6574096818962916
0.6595254881975182
0.7054671836842992
0.657409681895896
0.659525488197091
0.7054671836866242
0.6574096819058965
0.6595254881964685
0.7054671836434447
0.6574096819054467
0.6595254881972835
0.7054671836473521
0.6574096818980855
0.6595254881983079
0.7054671836832854
0.6574096819036321
0.6595254881979533
0.7054671836633605
0.657409681913703
0.6595254881977445
0.7054671836225022
0.6574096819094891
0.6595254881988373
0.7054671836425075
0.6574096819028971
0.6595254881993109
0.7054671836730277
0.6574096819096191
0.6595254881983346
0.7054671836438509
0.6574096819142987
0.6595254881980264
0.7054671836204195
0.657409681904619
0.6595254881986315
0.7054671836592148
0.6574096818988304
0.6595254881981938
0.705467183682036
0.6574096818989315
0.6595254881978869
0.7054671836826396
0.65740968190521
0.6595254881976638
0.7054671836455195
0.6574096819051102
0.6595254881967556
0.7054671836439432
0.6574096819023127
0.6595254881978734
0.7054671836730406
0.6574096819068156
0.6595254881993207
0.7054671836595002
0.6574096819122318
0.6595254881985715
0.7054671836251438
0.6574096819091273
0.6595254881978079
0.7054671836399431
0.6574096819055015
0.6595254881989687
0.705467183668707
0.6574096819089377
0.6595254881993526
0.7054671836491877
0.6574096819098576
0.6595254881977313
0.7054671836290796
0.6574096819030651
0.659525488197069
0.7054671836600559
0.6574096818998801
0.659525488198048
0.7054671836826655
0.6574096819035817
0.6595254881977618
0.7054671836558688
0.6574096819029442
0.6595254881962567
0.7054671836462237
0.6574096818975432
0.6595254881964319
0.7054671836794578
0.6574096819082922
0.6595254881994183
0.7054671836503028
0.6574096819054109
0.6595254881993884
0.7054671836667102
0.6574096819091375
0.6595254881975625
0.7054671836403716
0.6574096819123585
0.6595254881981973
0.7054671836264903
0.6574096819074535
0.6595254881998257
0.7054671836563089
0.6574096819033171
0.6595254881984571
0.7054671836684705
0.6574096819059811
0.6595254881964565
0.7054671836435745
0.6574096819057497
0.6595254881974938
0.7054671836457354
0.6574096818994516
0.659525488198504
0.7054671836793422
0.6574096818979429
0.6595254881966013
0.7054671836774242
0.6574096819026627
0.6595254881956419
0.7054671836486115
0.6574096819028322
0.65952548819765
0.7054671836575854
0.6574096818993341
0.6595254881984368
0.7054671836817743
0.6574096819024544
0.6595254881968271
0.7054671836615617
0.6574096819088857
0.6595254881971169
0.7054671836333078
0.6574096819142017
0.659525488198353
0.7054671836197786
0.6574096819049404
0.6595254881978921
0.7054671836619172
0.6574096818988764
0.6595254881981024
0.7054671836825095
0.6574096819057345
0.6595254881977246
0.7054671836450923
0.6574096819066211
0.6595254881968535
0.7054671836408066
0.6574096818965133
0.659525488196784
0.70546718368628
0.65740968189586
0.6595254881972586
0.7054671836854722
0.6574096819056878
0.659525488197141
0.7054671836407314
0.6574096819054873
0.6595254881969588
0.7054671836477826
0.6574096818983451
0.6595254881976296
0.7054671836847694
0.6574096819035379
0.6595254881983679
0.7054671836615223
0.6574096819134365
0.6595254881983287
0.7054671836205119
0.6574096819096815
0.6595254881982623
0.7054671836442554
0.6574096819030796
0.6595254881988677
0.7054671836741011
0.657409681909327
0.6595254881990731
0.7054671836413962
0.6574096819037204
0.6595254881970509
0.7054671836583288
0.657409681902976
0.6595254881960797
0.7054671836469348
0.6574096818972517
0.6595254881972348
0.7054671836763847
0.6574096818988941
0.6595254881979297
0.7054671836826558
0.6574096819055638
0.6595254881968438
0.7054671836490609
0.6574096819051265
0.659525488196887
0.7054671836437907
0.657409681902128
0.6595254881986212
0.7054671836704458
0.6574096819070077
0.6595254881989758
0.70546718366083
0.6574096819124208
0.6595254881978809
0.7054671836275646
0.6574096819089252
0.6595254881982833
0.7054671836381027
0.6574096819053341
0.6595254881995434
0.7054671836663853
0.657409681909106
0.659525488198787
0.7054671836509023
0.657409681909987
0.6595254881973094
0.7054671836305353
0.6574096819029207
0.659525488197717
0.7054671836574973
0.6574096818997262
0.6595254881983654
0.7054671836810151