0.6738902796813884
0.6702018627201043
0.6808888131938264
0.6738902797802568
0.6702018626779529
0.68088881316322
0.6738902798700055
0.6702018624732903
0.6808888128917043
0.6738902798297983
0.6702018624748922
0.6808888128714332
0.673890279702682
0.6702018626553978
0.680888813078762
0.6738902796462138
0.670201862653593
0.6808888130575974
0.673890279757408
0.6702018625946069
0.6808888130239815
0.6738902798929475
0.6702018625826126
0.680888813066352
0.6738902798613831
0.6702018625480223
0.6808888130059849
0.6738902797234829
0.6702018626545141
0.6808888131006365
0.6738902796636174
0.670201862744872
0.6808888132003066
0.6738902797385722
0.6702018625613466
0.6808888129580987
0.6738902798490182
0.670201862442213
0.680888812823506
0.6738902798428599
0.6702018625516768
0.6808888129857826
0.6738902797243049
0.6702018626482364
0.6808888130978293
0.673890279681858
0.6702018626761024
0.6808888131159443
0.6738902797026689
0.6702018627641808
0.6808888132576743
0.6738902798204305
0.6702018625794133
0.6808888130373398
0.6738902798890857
0.6702018624868509
0.6808888129252144
0.6738902798058065
0.6702018625927807
0.6808888130357711
0.6738902796609463
0.6702018626194486
0.6808888130120945
0.6738902796606709
0.6702018626230133
0.680888813018181
0.6738902798041243
0.6702018625966506
0.6808888130428101
0.6738902798869805
0.6702018624858741
0.6808888129234891
0.6738902798210227
0.6702018625779818
0.6808888130340629
0.6738902797047194
0.6702018627647467
0.6808888132588651
0.6738902796823241
0.6702018626780165
0.6808888131202424
0.6738902797881734
0.6702018625245407
0.6808888129240604
0.6738902798650372
0.6702018624970844
0.6808888129041581
0.6738902797886039
0.6702018625213759
0.6808888129191888
0.6738902797391114
0.670201862556949
0.6808888129501569
0.6738902796619396
0.67020186274182
0.6808888131940625
0.6738902797213818
0.6702018626557796
0.6808888131036543
0.6738902798611145
0.6702018625515633
0.6808888130134839
0.6738902798937961
0.6702018625819632
0.6808888130656809
0.673890279758697
0.6702018625903008
0.6808888130169137
0.6738902796478412
0.6702018626537593
0.6808888130574424
0.6738902797024868
0.6702018626582377
0.6808888130830137
0.6738902798274039
0.6702018624750239
0.6808888128716448
0.6738902798693112
0.6702018624729822
0.6808888128904063
0.6738902797814911
0.6702018626782378
0.680888813162287
0.6738902796810686
0.6702018627193087
0.6808888131918686
0.6738902797233985
0.6702018626505999
0.6808888131006856
0.6738902798436325
0.6702018625553381
0.680888812991933
0.6738902798506282
0.6702018624409471
0.6808888128227693
0.6738902798298861
0.670201862474505
0.6808888128697165
0.6738902797019404
0.6702018626539099
0.6808888130734525
0.6738902796461628
0.6702018626540187
0.6808888130580742
0.6738902797582277
0.6702018625973682
0.6808888130311243
0.6738902798929116
0.6702018625845836
0.6808888130715616
0.6738902798603245
0.6702018625464837
0.6808888130044914
0.6738902797234312
0.6702018626528179
0.6808888130976098
0.6738902796643182
0.6702018627429296
0.6808888131964356
0.6738902797383645
0.6702018625574839
0.6808888129529178
0.6738902798493709
0.6702018624410835
0.6808888128238442
0.6738902798439703
0.6702018625546993
0.6808888129912566
0.6738902797232147
0.6702018626484862
0.6808888130976896
0.67389027967961
0.6702018627200923
0.6808888131925528
0.6738902797810555
0.6702018626825083
0.6808888131701774
0.6738902798715594
0.6702018624769897
0.6808888128986982
0.6738902798890556
0.670201862487123
0.6808888129273349
0.6738902798052537
0.6702018625910888
0.6808888130313622
0.6738902796610244
0.6702018626180237
0.6808888130070394
0.6738902796611497
0.6702018626218927
0.6808888130151372
0.6738902798042898
0.6702018625967612
0.6808888130424093
0.6738902798868995
0.6702018624868051
0.6808888129256689
0.6738902798212589
0.6702018625799478
0.6808888130376891
0.6738902797046953
0.6702018627656692
0.6808888132584323
0.6738902796812578
0.670201862675379
0.6808888131140093
0.673890279788227
0.6702018625220938
0.6808888129208168
0.6738902798672488
0.6702018624986386
0.6808888129079732
0.6738902797890567
0.6702018625199615
0.6808888129174979
0.673890279679931
0.6702018626715032
0.6808888131080602
0.6738902797023579
0.6702018627646379
0.6808888132584163
0.6738902798214548
0.6702018625828148
0.6808888130450748
0.6738902798608553
0.6702018625513849
0.6808888130156487
0.6738902798932765
0.670201862581255
0.6808888130668149
0.6738902797590662
0.6702018625906537
0.6808888130180432
0.6738902796479589
0.6702018626518403
0.680888813053927
0.6738902797019161
0.6702018626548466
0.6808888130763252
0.6738902798275779
0.6702018624738658
0.6808888128704546
0.6738902798704323
0.6702018624753213
0.6808888128970982
0.6738902797818245
0.6702018626813524
0.6808888131684355
0.6738902796795609
0.6702018627203383
0.6808888131917517
0.6738902797221544
0.670201862651053
0.6808888131003147
0.6738902798450465
0.6702018625597559
0.6808888129989005
0.6738902798520428
0.6702018624439041
0.6808888128271992
0.673890279738252
0.6702018625540599
0.6808888129440773
0.673890279661564
0.6702018627398925
0.6808888131891475
0.6738902797220774
0.6702018626570112
0.6808888131058066
0.6738902797578324
0.6702018625966635
0.6808888130281316
0.6738902798923246
0.6702018625847006
0.6808888130721988
0.6738902798612489
0.6702018625509594
0.6808888130130842
0.6738902797239786
0.6702018626563724
0.6808888131038987
0.6738902796630067
0.6702018627420454
0.6808888131929528
0.6738902797375972
0.6702018625559791
0.6808888129482258
0.6738902798505423
0.6702018624416747
0.6808888128254216
0.6738902798451252
0.6702018625549216
0.6808888129934907
0.673890279722709
0.6702018626467765
0.6808888130949684
0.6738902796782136
0.6702018627170121
0.6808888131876301
0.6738902797809001
0.6702018626824578
0.6808888131713815
0.6738902798721077
0.6702018624788232
0.680888812903525
0.6738902798293843
0.6702018624734495
0.6808888128691533
0.6738902797018356
0.6702018626523105
0.6808888130702349
0.6738902796468528
0.6702018626543322
0.6808888130561768
0.6738902796606446
0.6702018626199262
0.6808888130096421
0.6738902798030921
0.6702018625929256
0.6808888130348856
0.6738902798876379
0.6702018624874858
0.6808888129279463
0.6738902798225731
0.6702018625829278
0.6808888130450161
0.6738902797037614
0.6702018627654178
0.6808888132586446
0.6738902796797743
0.6702018626739565
0.6808888131099751
0.6738902797885098
0.6702018625228903
0.6808888129204897
0.6738902798681125
0.6702018624990234
0.6808888129083444
0.6738902797894488
0.670201862519366
0.6808888129154993
0.673890279679963
0.6702018626699864
0.6808888131040554
0.673890279702323
0.670201862763441
0.6808888132554654
0.6738902798212573
0.6702018625829003
0.6808888130451598
0.6738902798884827
0.6702018624874233
0.6808888129291126
0.6738902798055015
0.6702018625917459
0.6808888130348761
0.6738902796619621
0.6702018626191117
0.6808888130092241
0.6738902796478776
0.6702018626534185
0.6808888130562292
0.6738902797005362
0.670201862652255
0.6808888130700945
0.6738902798276053
0.6702018624722929
0.6808888128666786
0.6738902798719484
0.6702018624761419
0.6808888128991042
0.6738902797820336
0.6702018626804889
0.6808888131685013
0.6738902796786914
0.6702018627183786
0.6808888131897177
0.6738902797220315
0.6702018626515267
0.6808888131016881
0.6738902798447054
0.6702018625597785
0.6808888130004075
0.6738902798515345
0.6702018624437416
0.6808888128285571
0.6738902797389106
0.6702018625554957
0.6808888129474371
0.6738902796624917
0.670201862741029
0.6808888131906379
0.6738902797217965
0.670201862656448
0.680888813102749
0.6738902798599438
0.6702018625514568
0.6808888130134452
0.6738902798935817
0.6702018625838431
0.6808888130721377
0.6738902797603473
0.6702018625948409
0.6808888130274713
0.6738902797241119
0.6702018626569567
0.6808888131069746
0.6738902796620464
0.6702018627411139
0.680888813191703
0.6738902797370264
0.6702018625548882
0.6808888129453509
0.6738902798510491
0.6702018624418531
0.6808888128240702
0.6738902798454488
0.6702018625548528
0.6808888129918919
0.6738902797228263
0.6702018626464225
0.6808888130938703
0.6738902796790774
0.6702018627191375
0.680888813189999
0.6738902797806743
0.6702018626832729
0.6808888131711874
0.6738902798705403
0.6702018624777127
0.6808888129010908
0.6738902798294191
0.6702018624749495
0.6808888128728873
0.6738902797032558
0.6702018626547938
0.6808888130763209
0.6738902796468376
0.670201862652343
0.6808888130532301
0.6738902797565098
0.670201862592328
0.6808888130184307
0.6738902798920617
0.6702018625824298
0.680888813067335
0.6738902798621332
0.6702018625511746
0.6808888130157495
0.6738902798227391
0.6702018625827018
0.6808888130448522
0.6738902797037776
0.670201862766561
0.6808888132615342
0.6738902796798285
0.6702018626757358
0.6808888131143618
0.6738902797881297
0.6702018625235886
0.6808888129226341
0.6738902798672382
0.6702018624985336
0.6808888129077786
0.6738902797891948
0.6702018625185011
0.6808888129157339
0.6738902796814955
0.6702018626714946
0.680888813108205
0.6738902797032951
0.6702018627637996
0.6808888132552684
0.6738902798198609
0.670201862579786
0.6808888130375713
0.6738902798877193
0.6702018624867851
0.6808888129269483
0.6738902798067656
0.6702018625957784
0.680888813042719
0.673890279662462
0.6702018626208626
0.6808888130143447
0.6738902796597162
0.6702018626184365
0.680888813006751
0.6738902798029403
0.6702018625921453
0.680888813031187
0.6738902798883049
0.6702018624872261
0.6808888129263896
0.6738902798714368
0.6702018624742059
0.6808888128941606
0.6738902797821996
0.670201862680208
0.6808888131668076
0.6738902796801504
0.6702018627213285
0.680888813194485
0.6738902797225248
0.6702018626531496
0.6808888131043508
0.6738902798434989
0.6702018625593489
0.680888812997888
0.673890279850355
0.6702018624428989
0.6808888128265989
0.6738902797397042
0.6702018625568479
0.6808888129518906
0.6738902796638797
0.670201862741947
0.6808888131940796
0.6738902797212052
0.6702018626527559
0.6808888130962267
0.6738902798589532
0.6702018625469537
0.6808888130048505
0.6738902798942186
0.6702018625841543
0.6808888130721622
0.6738902797607593
0.6702018625959255
0.6808888130310085
0.6738902796471514
0.6702018626532001
0.6808888130581687
0.6738902797006332
0.6702018626539128
0.6808888130733367
0.6738902798281672
0.6702018624734809
0.6808888128674913
0.6738902798496282
0.6702018624390844
0.6808888128198107
0.673890279844004
0.6702018625503968
0.6808888129847575
0.6738902797240631
0.6702018626459725
0.6808888130942051
0.6738902796805486
0.6702018627182336
0.6808888131903158
0.6738902797802896
0.6702018626803152
0.6808888131652675
0.6738902798693953
0.6702018624754882
0.680888812894501
0.6738902798291994
0.6702018624761453
0.6808888128741017
0.6738902797038595
0.6702018626583902
0.6808888130832834
0.6738902796467131
0.6702018626542582
0.6808888130567364
0.6738902797560815
0.6702018625916608
0.6808888130168242
0.67389027989261
0.6702018625830402
0.6808888130660589
0.6738902798624211
0.6702018625514292
0.6808888130137923
0.6738902797233728
0.6702018626557151
0.6808888131049349
0.6738902796623232
0.670201862742976
0.6808888131966117
0.6738902797378303
0.6702018625578956
0.6808888129516284
0.6738902797877062
0.6702018625251149
0.6808888129244637
0.6738902798650095
0.6702018624970587
0.6808888129041157
0.673890279789112
0.6702018625209736
0.6808888129190609
0.6738902796825358
0.6702018626742012
0.6808888131145542
0.673890279703329
0.6702018627630408
0.6808888132559509
0.6738902798196666
0.6702018625779985
0.6808888130341657
0.6738902798877352
0.6702018624858288
0.6808888129247643
0.6738902798065616
0.6702018625958492
0.6808888130434959
0.6738902796619961
0.6702018626222781
0.6808888130178984
0.6738902796596069
0.6702018626197803
0.6808888130116189
0.6738902798034861
0.6702018625936306
0.6808888130351181
0.6738902798883615
0.6702018624868471
0.6808888129240112
0.6738902798217554
0.6702018625792016
0.6808888130370123
0.6738902797040869
0.6702018627658628
0.6808888132605289
0.6738902796817352
0.6702018626801545
0.6808888131220363
0.6738902797236728
0.6702018626529502
0.680888813104525
0.6738902798424328
0.6702018625563987
0.6808888129926209
0.6738902798500204
0.6702018624439464
0.680888812826192
0.6738902797399222
0.6702018625604992
0.6808888129566772
0.6738902796632286
0.6702018627437409
0.6808888131976489
0.6738902797213824
0.6702018626544183
0.680888813099073
0.6738902798600044
0.6702018625481238
0.6808888130057311
0.6738902798942105
0.6702018625818631
0.6808888130665317
0.673890279760018
0.6702018625932917
0.680888813024156
0.673890279647262
0.6702018626528687
0.6808888130579291
0.6738902797013617
0.6702018626553581
0.6808888130786042
0.6738902798280479
0.6702018624739234
0.6808888128692582
0.6738902798699244
0.6702018624707538
0.6808888128875381
0.6738902797814635
0.6702018626757946
0.6808888131600698
0.6738902796819438
0.6702018627212493
0.6808888131955947