0.6810638837275564
0.6732564170194184
0.6723264831503388
0.6810638837247918
0.6732564170316386
0.6723264831657414
0.681063883720741
0.673256417043796
0.6723264831790484
0.6810638837209944
0.6732564170393329
0.6723264831707892
0.681063883724973
0.6732564170252009
0.6723264831560223
0.6810638837268905
0.673256417021368
0.6723264831550273
0.6810638837246943
0.6732564170314912
0.6723264831656095
0.6810638837213856
0.6732564170421211
0.6723264831749365
0.6810638837219712
0.6732564170406206
0.6723264831743421
0.6810638837258216
0.6732564170274287
0.6723264831617144
0.6810638837268617
0.6732564170191999
0.6723264831502631
0.6810638837237459
0.6732564170281312
0.672326483157935
0.6810638837201679
0.6732564170426059
0.6723264831766917
0.6810638837212313
0.67325641704212
0.6723264831777793
0.6810638837257252
0.6732564170262274
0.672326483158547
0.681063883726656
0.6732564170220152
0.6723264831529114
0.6810638837269102
0.6732564170232099
0.6723264831565885
0.6810638837235828
0.6732564170373547
0.6723264831733446
0.6810638837206807
0.6732564170442195
0.6723264831772998
0.6810638837223266
0.6732564170345485
0.672326483165357
0.6810638837261788
0.673256417022759
0.6723264831549256
0.6810638837262084
0.6732564170230069
0.6723264831560459
0.6810638837230485
0.6732564170349465
0.6723264831670962
0.6810638837206788
0.6732564170444313
0.6723264831781944
0.6810638837231258
0.6732564170381401
0.6723264831741229
0.6810638837270291
0.6732564170235159
0.6723264831566166
0.6810638837263547
0.6732564170204793
0.6723264831500473
0.681063883722411
0.6732564170342739
0.6723264831662636
0.6810638837196817
0.6732564170453429
0.6723264831805148
0.6810638837221138
0.6732564170364511
0.6723264831699968
0.6810638837235365
0.6732564170296343
0.672326483160095
0.6810638837269662
0.6732564170199452
0.6723264831515936
0.681063883725842
0.67325641702728
0.6723264831626481
0.6810638837224346
0.6732564170410404
0.6723264831756417
0.681063883721003
0.6732564170421791
0.6723264831746932
0.6810638837240729
0.6732564170309407
0.6723264831634093
0.6810638837268876
0.6732564170207407
0.6723264831532276
0.6810638837251435
0.6732564170246358
0.6723264831554914
0.6810638837213507
0.6732564170391322
0.6723264831711876
0.681063883720592
0.6732564170448796
0.6723264831809309
0.6810638837245331
0.6732564170337016
0.6723264831692447
0.6810638837276393
0.6732564170204979
0.672326483151857
0.6810638837256128
0.6732564170247892
0.6723264831559966
0.6810638837214177
0.6732564170405286
0.6723264831747208
0.6810638837199859
0.6732564170430323
0.6723264831768156
0.6810638837212238
0.6732564170389497
0.6723264831700381
0.6810638837247984
0.673256417024588
0.6723264831547118
0.6810638837270011
0.6732564170205846
0.6723264831537378
0.6810638837245557
0.67325641703185
0.6723264831662629
0.6810638837214431
0.6732564170429137
0.672326483176704
0.6810638837219867
0.673256417040984
0.6723264831751723
0.6810638837255631
0.6732564170273523
0.6723264831615547
0.6810638837271807
0.6732564170191875
0.6723264831500806
0.6810638837236114
0.6732564170280828
0.6723264831576754
0.6810638837202062
0.6732564170422182
0.6723264831756413
0.6810638837212755
0.6732564170418596
0.6723264831775158
0.6810638837255395
0.6732564170267938
0.6723264831597313
0.681063883727693
0.6732564170197572
0.6723264831512337
0.6810638837244318
0.67325641703142
0.6723264831656173
0.6810638837207967
0.6732564170434403
0.672326483178325
0.6810638837210333
0.6732564170446593
0.6723264831781808
0.6810638837224503
0.6732564170348232
0.6723264831656306
0.681063883726029
0.673256417021951
0.6723264831535263
0.6810638837265517
0.6732564170225525
0.6723264831548464
0.6810638837228545
0.673256417034934
0.6723264831672316
0.6810638837209514
0.6732564170447106
0.6723264831788146
0.6810638837229755
0.6732564170382189
0.6723264831745104
0.6810638837268459
0.6732564170234203
0.6723264831568427
0.6810638837267313
0.6732564170206383
0.6723264831503433
0.681063883722252
0.6732564170338262
0.6723264831651324
0.6810638837199415
0.6732564170443598
0.6723264831786611
0.6810638837222366
0.6732564170360535
0.672326483169069
0.6810638837265832
0.6732564170218607
0.6723264831528551
0.6810638837270712
0.673256417023335
0.6723264831570518
0.6810638837232325
0.6732564170375506
0.6723264831738587
0.681063883722192
0.6732564170414113
0.6723264831766238
0.6810638837211429
0.673256417043204
0.6723264831765634
0.6810638837240106
0.6732564170309758
0.6723264831637692
0.681063883726758
0.6732564170203234
0.6723264831523041
0.6810638837253703
0.6732564170242044
0.6723264831544868
0.6810638837213743
0.6732564170388391
0.6723264831704263
0.6810638837206813
0.673256417044662
0.6723264831804031
0.6810638837243259
0.6732564170334214
0.6723264831691692
0.6810638837275159
0.6732564170210372
0.6723264831532657
0.6810638837257891
0.6732564170254796
0.6723264831572899
0.681063883721163
0.6732564170405171
0.6723264831748531
0.6810638837201717
0.6732564170431545
0.6723264831765638
0.6810638837236881
0.6732564170295718
0.672326483159706
0.6810638837269157
0.6732564170198975
0.6723264831513835
0.6810638837259486
0.6732564170272803
0.672326483162497
0.681063883724722
0.6732564170311333
0.6723264831649098
0.6810638837212037
0.6732564170433757
0.6723264831774158
0.6810638837220928
0.6732564170414761
0.6723264831763018
0.6810638837254717
0.6732564170276757
0.672326483162283
0.6810638837268586
0.6732564170194107
0.6723264831506384
0.6810638837240062
0.6732564170284926
0.6723264831581537
0.6810638837200942
0.6732564170424212
0.6723264831755663
0.6810638837213477
0.6732564170414526
0.6723264831764737
0.68106388372562
0.6732564170269781
0.6723264831599177
0.6810638837275902
0.6732564170204206
0.6723264831524702
0.6810638837245498
0.6732564170317523
0.6723264831665465
0.681063883720445
0.6732564170438218
0.6723264831789505
0.6810638837213343
0.6732564170391495
0.6723264831703155
0.6810638837249383
0.6732564170245765
0.6723264831544362
0.6810638837268911
0.6732564170199008
0.6723264831521489
0.681063883726389
0.6732564170217041
0.6723264831534154
0.6810638837231273
0.6732564170347821
0.6723264831664671
0.6810638837208629
0.6732564170447148
0.6723264831787288
0.6810638837231215
0.6732564170382547
0.6723264831745703
0.6810638837265937
0.6732564170233408
0.6723264831570643
0.6810638837265403
0.6732564170208806
0.672326483151289
0.6810638837225127
0.6732564170343391
0.6723264831662124
0.6810638837196601
0.6732564170437463
0.6723264831775985
0.6810638837224257
0.6732564170353577
0.6723264831674712
0.6810638837266665
0.6732564170215498
0.6723264831520974
0.6810638837269372
0.6732564170228414
0.6723264831564768
0.6810638837233315
0.6732564170373682
0.6723264831736184
0.6810638837206242
0.6732564170446922
0.6723264831787215
0.6810638837226084
0.6732564170355657
0.6723264831671676
0.6810638837261211
0.6732564170221562
0.6723264831537933
0.6810638837266316
0.6732564170201518
0.6723264831524915
0.6810638837251499
0.6732564170239045
0.6723264831539217
0.681063883721718
0.673256417038574
0.672326483169785
0.6810638837206092
0.6732564170443293
0.6723264831795526
0.6810638837244412
0.6732564170327313
0.6723264831676612
0.6810638837274766
0.6732564170205011
0.6723264831524477
0.6810638837256581
0.6732564170259487
0.6723264831585535
0.6810638837212879
0.673256417040642
0.672326483175493
0.6810638837198119
0.6732564170428722
0.6723264831762309
0.6810638837238143
0.6732564170295519
0.6723264831595157
0.681063883727056
0.6732564170197067
0.6723264831510192
0.6810638837259535
0.6732564170269197
0.6723264831615146
0.6810638837223528
0.67325641704076
0.6723264831755378
0.6810638837209216
0.6732564170435834
0.6723264831774196
0.6810638837241825
0.6732564170318823
0.6723264831655018
0.6810638837255456
0.6732564170279092
0.672326483162916
0.6810638837267307
0.6732564170196195
0.6723264831510671
0.6810638837238139
0.6732564170286615
0.6723264831587971
0.6810638837203749
0.6732564170430042
0.6723264831766217
0.6810638837212121
0.6732564170415374
0.6723264831762996
0.6810638837257983
0.6732564170264423
0.672326483158462
0.681063883727707
0.6732564170206781
0.6723264831525988
0.6810638837245011
0.6732564170322157
0.6723264831674525
0.681063883720524
0.6732564170441453
0.6723264831796908
0.6810638837209677
0.67325641703955
0.672326483171274
0.6810638837251263
0.673256417025156
0.6723264831556413
0.6810638837270241
0.6732564170203768
0.6723264831526362
0.6810638837245651
0.6732564170302612
0.6723264831632922
0.6810638837214108
0.6732564170427444
0.6723264831759601
0.6810638837219687
0.6732564170418079
0.6723264831766463
0.6810638837230946
0.6732564170383353
0.6723264831744683
0.6810638837268093
0.6732564170236023
0.6723264831570352
0.6810638837264666
0.6732564170209125
0.672326483151467
0.6810638837222671
0.6732564170349856
0.6723264831677824
0.6810638837198839
0.6732564170445915
0.6723264831792837
0.6810638837221165
0.673256417035142
0.6723264831671486
0.6810638837268278
0.6732564170213764
0.6723264831514087
0.6810638837271716
0.6732564170227302
0.6723264831559179
0.6810638837231825
0.6732564170370523
0.6723264831729401
0.6810638837207468
0.6732564170443927
0.6723264831781713
0.6810638837223404
0.6732564170355946
0.6723264831676605
0.6810638837262648
0.6732564170231856
0.6723264831556277
0.6810638837262635
0.673256417021802
0.6723264831539433
0.6810638837228808
0.6732564170342483
0.67232648316547
0.6810638837212286
0.6732564170446786
0.6723264831782017
0.681063883720954
0.6732564170442087
0.6723264831794986
0.6810638837243675
0.673256417032529
0.6723264831669415
0.6810638837276268
0.6732564170196582
0.6723264831507332
0.6810638837256084
0.6732564170254295
0.6723264831575412
0.6810638837212641
0.6732564170408706
0.6723264831760679
0.6810638837199721
0.6732564170428198
0.6723264831765379
0.6810638837234306
0.673256417029446
0.6723264831596567
0.6810638837273268
0.6732564170197328
0.6723264831510556
0.6810638837259939
0.673256417026756
0.6723264831611324
0.6810638837222951
0.6732564170402139
0.6723264831742589
0.6810638837212409
0.67325641704287
0.6723264831760569
0.6810638837240814
0.6732564170323474
0.6723264831661653
0.6810638837267802
0.6732564170207562
0.6723264831539004
0.6810638837249618
0.6732564170240419
0.6723264831545437
0.6810638837215294
0.6732564170385678
0.6723264831700548
0.6810638837201615
0.6732564170429696
0.6723264831771443
0.6810638837214247
0.6732564170418577
0.6723264831769437
0.6810638837255625
0.6732564170260033
0.6723264831578187
0.6810638837277599
0.6732564170200983
0.6723264831511782
0.6810638837247024
0.6732564170322084
0.6723264831669564
0.6810638837205014
0.6732564170441064
0.672326483179597
0.6810638837209999
0.6732564170397075
0.672326483171666
0.6810638837248557
0.6732564170255586
0.6723264831566556
0.6810638837270384
0.6732564170209785
0.6723264831540592
0.6810638837245699
0.6732564170305257
0.6723264831636867
0.6810638837212737
0.6732564170418953
0.6723264831745167
0.6810638837222334
0.6732564170413322
0.6723264831753888
0.6810638837254779
0.6732564170276387
0.6723264831624256
0.6810638837267987
0.6732564170194375
0.6723264831507191
0.6810638837236513
0.6732564170285653
0.6723264831588905
0.6810638837222189
0.6732564170351134
0.6723264831679977
0.6810638837196743
0.6732564170455073
0.6723264831809214
0.681063883722276
0.673256417035802
0.6723264831687319
0.6810638837263766
0.6732564170215215
0.6723264831518125
0.681063883727304
0.6732564170229908
0.6723264831561395
0.6810638837233678
0.6732564170370156
0.6723264831726129
0.6810638837205567
0.6732564170439982
0.6723264831771691
0.6810638837225846
0.6732564170352839
0.6723264831667788
0.6810638837259038
0.6732564170233668
0.6723264831562172
0.6810638837263969
0.6732564170226374
0.6723264831554047
0.6810638837227563
0.6732564170342612
0.672326483165868
0.6810638837208434
0.6732564170444961
0.6723264831779663
0.6810638837233982
0.6732564170382429
0.6723264831742444
0.6810638837266493
0.6732564170234654
0.672326483156465
0.6810638837266025
0.673256417020845
0.6723264831509226
0.6810638837258203
0.6732564170247648
0.67232648315611
0.6810638837212751
0.6732564170408173
0.6723264831755936
0.6810638837199848
0.6732564170429465
0.6723264831769634
0.6810638837235512
0.673256417029444
0.6723264831597708
0.6810638837269699
0.6732564170198476
0.6723264831515372
0.6810638837262294
0.6732564170271109
0.6723264831619609
0.6810638837222701
0.6732564170401718
0.6723264831741019
0.681063883721192
0.6732564170421325
0.6723264831744074
0.6810638837242311
0.6732564170317497
0.6723264831649571
0.6810638837267216
0.6732564170212577
0.6723264831544593
0.6810638837252294
0.6732564170245651
0.6723264831555207
0.6810638837213325
0.6732564170389993
0.6723264831709064
0.6810638837208303
0.6732564170447061
0.6723264831806666
0.6810638837246461
0.6732564170330264
0.67232648316776
0.6810638837274733
0.6732564170194953
0.672326483150264