0.6654290767800738
0.6647382034137619
0.6942976483681174
0.665429076789311
0.6647382034038195
0.6942976483418377
0.6654290767857569
0.6647382034106379
0.6942976483328186
0.6654290767595563
0.6647382034465698
0.694297648374937
0.665429076737986
0.6647382034814486
0.6942976484191795
0.665429076738151
0.6647382034882308
0.694297648422916
0.6654290767593747
0.6647382034524025
0.6942976483825518
0.6654290767857544
0.6647382034029335
0.6942976483334151
0.6654290767915065
0.6647382033983558
0.6942976483280907
0.6654290767814366
0.6647382034226273
0.6942976483558868
0.6654290767579302
0.6647382034560154
0.6942976483956618
0.6654290767508158
0.664738203457986
0.6942976483903838
0.6654290767481125
0.6647382034661544
0.6942976483781624
0.6654290767576492
0.6647382034573117
0.6942976483699195
0.6654290767624387
0.6647382034465323
0.6942976483859795
0.6654290767726962
0.6647382034330418
0.6942976483784498
0.665429076745014
0.6647382034689802
0.6942976484087968
0.6654290767443034
0.664738203470066
0.6942976483902188
0.6654290767552029
0.6647382034542441
0.6942976483701664
0.6654290767591473
0.6647382034478917
0.6942976483811952
0.6654290767694806
0.6647382034359899
0.694297648384229
0.6654290767873593
0.6647382034137268
0.6942976483552097
0.6654290767971338
0.6647382033932917
0.6942976483194441
0.6654290767707801
0.6647382034265635
0.6942976483487123
0.6654290767448411
0.6647382034679785
0.69429764840257
0.6654290767326178
0.6647382034936993
0.6942976484392767
0.6654290767491207
0.6647382034653568
0.6942976484052318
0.6654290767684548
0.6647382034326592
0.6942976483533876
0.6654290767946769
0.664738203397651
0.6942976483109781
0.6654290767949815
0.6647382034038085
0.6942976483319404
0.6654290767442793
0.6647382034785594
0.694297648410455
0.6654290767322174
0.6647382034923867
0.6942976484356617
0.6654290767537698
0.664738203456849
0.6942976483857008
0.6654290767902693
0.6647382034032001
0.6942976483170296
0.665429076795555
0.6647382033944994
0.6942976483226796
0.665429076778432
0.6647382034185334
0.6942976483684169
0.6654290767567705
0.6647382034577802
0.6942976483983543
0.6654290767531957
0.6647382034656382
0.694297648383054
0.6654290767457539
0.6647382034693314
0.6942976483844757
0.6654290767537894
0.6647382034503277
0.6942976483824816
0.6654290767660257
0.6647382034401892
0.6942976483839544
0.6654290767835861
0.6647382034186939
0.6942976483654193
0.6654290767834992
0.6647382034118915
0.6942976483524386
0.6654290767816484
0.6647382034089329
0.6942976483349973
0.6654290767672397
0.6647382034384048
0.6942976483569339
0.6654290767612203
0.6647382034457807
0.6942976483761836
0.6654290767766756
0.6647382034287471
0.6942976483742176
0.6654290767849772
0.6647382034165776
0.694297648357272
0.6654290767876063
0.6647382034066021
0.6942976483335207
0.6654290767713931
0.6647382034278648
0.6942976483519873
0.665429076754054
0.6647382034534326
0.6942976483853861
0.6654290767337383
0.6647382034885144
0.6942976484235687
0.6654290767431603
0.6647382034773941
0.6942976484095447
0.6654290767690251
0.6647382034388741
0.6942976483637229
0.6654290767995923
0.6647382033881747
0.6942976483083714
0.6654290767944827
0.6647382033962974
0.6942976483220911
0.6654290767704832
0.6647382034360758
0.6942976483779613
0.6654290767464898
0.6647382034725575
0.6942976484189519
0.6654290767428931
0.6647382034712852
0.6942976484024368
0.6654290767502675
0.664738203456813
0.694297648376349
0.6654290767916372
0.6647382033947877
0.6942976483172643
0.6654290767899584
0.6647382034047883
0.6942976483355254
0.6654290767634474
0.6647382034503401
0.6942976483955553
0.6654290767420685
0.6647382034768643
0.6942976484208139
0.6654290767383854
0.6647382034790833
0.6942976484011266
0.6654290767628365
0.6647382034428327
0.6942976483561735
0.6654290767710717
0.664738203431384
0.6942976483665639
0.6654290767751407
0.6647382034242955
0.6942976483824199
0.665429076779853
0.6647382034213793
0.6942976483675126
0.6654290767876124
0.6647382034104808
0.6942976483277757
0.6654290767674784
0.6647382034365474
0.694297648345688
0.6654290767400328
0.6647382034765887
0.6942976484019858
0.6654290767362614
0.6647382034881928
0.6942976484276929
0.6654290767575415
0.6647382034568885
0.694297648395053
0.6654290767825328
0.6647382034106849
0.694297648338964
0.6654290767686084
0.6647382034335916
0.694297648343896
0.6654290767568904
0.6647382034489213
0.6942976483609183
0.6654290767375988
0.6647382034821303
0.69429764842273
0.6654290767426392
0.6647382034772189
0.6942976484288377
0.6654290767657232
0.6647382034437936
0.6942976483717183
0.6654290767988462
0.6647382033911875
0.6942976483009113
0.6654290767971209
0.6647382033917943
0.6942976483162191
0.6654290767728743
0.6647382034269225
0.6942976483779039
0.6654290767458944
0.6647382034692529
0.6942976484240575
0.6654290767402804
0.6647382034780822
0.6942976484133571
0.6654290767491917
0.6647382034635022
0.6942976483781389
0.6654290767637249
0.6647382034418989
0.6942976483569943
0.6654290767799251
0.6647382034208902
0.6942976483577282
0.665429076783856
0.6647382034183951
0.6942976483710649
0.6654290767825828
0.6647382034171763
0.6942976483552092
0.6654290767409932
0.6647382034794461
0.694297648400242
0.6654290767604992
0.664738203443832
0.6942976483585477
0.6654290767680819
0.6647382034330708
0.6942976483644786
0.6654290767801594
0.6647382034200123
0.6942976483680836
0.6654290767837893
0.664738203418308
0.6942976483617884
0.6654290767809807
0.6647382034195943
0.6942976483429979
0.6654290767621936
0.6647382034455842
0.6942976483547679
0.6654290767465281
0.6647382034694553
0.6942976483882168
0.6654290767410314
0.6647382034776561
0.6942976484202705
0.6654290767504134
0.664738203462107
0.6942976484131227
0.6654290767772373
0.6647382034208931
0.6942976483545593
0.6654290767974832
0.6647382033909712
0.6942976483092786
0.6654290767948525
0.6647382033945437
0.6942976483246411
0.6654290767606221
0.6647382034492193
0.6942976483976864
0.6654290767412112
0.6647382034805316
0.6942976484235945
0.6654290767659538
0.6647382034428653
0.6942976483891975
0.6654290767946329
0.6647382033956268
0.694297648326375
0.6654290767945618
0.6647382033945778
0.694297648314679
0.6654290767776758
0.664738203420327
0.6942976483523555
0.6654290767502868
0.664738203463066
0.6942976484113281
0.6654290767368636
0.6647382034831785
0.6942976484264962
0.6654290767454102
0.6647382034699307
0.6942976483907228
0.6654290767678727
0.6647382034375521
0.6942976483463188
0.665429076785084
0.6647382034142433
0.694297648336495
0.6654290767817461
0.6647382034208209
0.6942976483645278
0.665429076778201
0.6647382034228482
0.6942976483705121
0.6654290767682837
0.6647382034339948
0.6942976483641354
0.6654290767578411
0.6647382034477829
0.6942976483637002
0.6654290767376589
0.6647382034825888
0.6942976484062153
0.6654290767440312
0.6647382034758169
0.6942976484187062
0.6654290767837717
0.6647382034179444
0.6942976483704167
0.6654290767746234
0.6647382034288561
0.6942976483680169
0.6654290767610203
0.6647382034460928
0.6942976483624663
0.6654290767511559
0.6647382034607571
0.6942976483736873
0.6654290767414314
0.6647382034768611
0.6942976484101107
0.665429076745887
0.6647382034696041
0.6942976484246837
0.6654290767753748
0.664738203422888
0.6942976483758085
0.6654290767991307
0.6647382033883886
0.6942976483145156
0.6654290767956732
0.6647382033959679
0.6942976483055362
0.6654290767615616
0.6647382034501544
0.6942976483756286
0.6654290767429429
0.664738203476863
0.6942976484260295
0.6654290767391976
0.664738203480162
0.6942976484211688
0.665429076756621
0.66473820344979
0.6942976483639736
0.6654290767704261
0.6647382034306089
0.6942976483411971
0.665429076786929
0.6647382034097864
0.6942976483460392
0.6654290767527173
0.6647382034627105
0.6942976484022154
0.6654290767325263
0.664738203493036
0.6942976484354385
0.6654290767432334
0.664738203472596
0.6942976483981474
0.6654290767716565
0.6647382034304524
0.694297648338756
0.6654290767876849
0.6647382034097209
0.6942976483270681
0.6654290767802828
0.6647382034211486
0.6942976483666197
0.665429076776924
0.6647382034223819
0.6942976483798573
0.6654290767682927
0.6647382034347122
0.6942976483718653
0.6654290767572826
0.6647382034499469
0.6942976483652509
0.6654290767388317
0.6647382034787291
0.6942976483988454
0.6654290767473487
0.6647382034694933
0.69429764841127
0.6654290767649502
0.6647382034475465
0.6942976483949742
0.6654290767883664
0.6647382034073199
0.6942976483403646
0.6654290767927373
0.6647382033947925
0.6942976483145854
0.6654290767830071
0.6647382034105683
0.6942976483355074
0.6654290767412471
0.6647382034729719
0.6942976484058533
0.6654290767486829
0.66473820346853
0.6942976484162358
0.6654290767755244
0.6647382034292834
0.6942976483698162
0.6654290767940194
0.6647382033972393
0.6942976483228678
0.665429076794558
0.6647382033947136
0.6942976483165646
0.6654290767677045
0.6647382034409515
0.6942976483651325
0.6654290767445247
0.6647382034768395
0.6942976484064853
0.6654290767319997
0.6647382034914813
0.6942976484267601
0.665429076753075
0.6647382034540597
0.6942976483882011
0.665429076776151
0.6647382034207636
0.694297648345062
0.6654290767914879
0.6647382034011192
0.694297648327737
0.6654290767818248
0.6647382034202531
0.6942976483630402
0.6654290767727181
0.6647382034337459
0.6942976483802004
0.6654290767618694
0.6647382034458633
0.6942976483733106
0.6654290767507216
0.6647382034572356
0.6942976483745973
0.6654290767824804
0.6647382034080618
0.6942976483354308
0.6654290767865879
0.664738203407408
0.6942976483463479
0.6654290767836908
0.6647382034185019
0.6942976483630028
0.6654290767607435
0.6647382034478884
0.6942976483920895
0.665429076750353
0.6647382034548481
0.6942976483889552
0.6654290767483537
0.664738203464724
0.6942976483802906
0.6654290767562581
0.6647382034610849
0.6942976483770746
0.6654290767572133
0.6647382034579186
0.6942976483967929
0.66542907677999
0.6647382034168384
0.6942976483658821
0.6654290767974281
0.6647382033916678
0.6942976483203505
0.6654290767873312
0.6647382034072928
0.6942976483224623
0.6654290767485966
0.664738203464361
0.6942976483937274
0.665429076731769
0.6647382034928624
0.6942976484352272
0.665429076747077
0.6647382034743288
0.6942976484059529
0.665429076768119
0.664738203437369
0.6942976483576682
0.6654290767935325
0.6647382033999055
0.6942976483133277
0.6654290767696164
0.664738203432082
0.6942976483494159
0.6654290767464889
0.6647382034689995
0.6942976484076702
0.6654290767293951
0.6647382034982312
0.6942976484454334
0.6654290767478598
0.6647382034643936
0.6942976484002813
0.6654290767755557
0.6647382034194633
0.6942976483426866
0.6654290767964111
0.6647382033929077
0.6942976483203961
0.6654290767848132
0.6647382034172848
0.6942976483578089
0.6654290767699236
0.6647382034367801
0.6942976483822854
0.665429076758199
0.6647382034496725
0.6942976483828674
0.6654290767513666
0.6647382034589369
0.6942976483766243
0.6654290767449649
0.6647382034691032
0.6942976483879055
0.6654290767510624
0.6647382034607237
0.6942976483976284
0.6654290767749016
0.6647382034289847
0.6942976483757494
0.6654290767916735
0.6647382034074361
0.6942976483395638
0.6654290767572684
0.6647382034578692
0.6942976483695611
0.6654290767506256
0.6647382034634053
0.6942976483728802
0.6654290767509018
0.664738203457439
0.6942976483902833
0.6654290767594225
0.66473820345301
0.6942976483941289
0.6654290767861037
0.6647382034166889
0.694297648349107
0.6654290767918989
0.6647382033987397
0.6942976483276793
0.6654290767801891
0.6647382034099494
0.6942976483419004
0.665429076756482
0.6647382034552908
0.6942976483863816
0.6654290767402471
0.6647382034856861
0.6942976484198012
0.6654290767384123
0.6647382034816525
0.6942976484203155
0.6654290767586313
0.6647382034476534
0.6942976483775182
0.6654290767892841
0.6647382034056613
0.6942976483259984
0.6654290767933481
0.6647382033990359
0.6942976483343049
0.6654290767767954
0.664738203418545
0.6942976483742923
0.6654290767563296
0.6647382034542603
0.6942976483966001
0.6654290767493753
0.6647382034636102
0.6942976483999994
0.6654290767784679
0.664738203424035
0.6942976483490385
0.6654290767927284
0.6647382033982809
0.6942976483271802
0.6654290767838109
0.6647382034127245
0.694297648349483
0.6654290767756719
0.6647382034314486
0.6942976483664249
0.6654290767573061
0.6647382034574065
0.6942976483851762
0.6654290767428124
0.6647382034679438
0.6942976483924658
0.6654290767459045
0.6647382034626808
0.6942976483877537
0.6654290767614902
0.6647382034501232
0.6942976483796073
0.6654290767756665
0.6647382034312445
0.6942976483680591
0.6654290767831261
0.6647382034140585
0.6942976483507063
0.6654290767937073
0.6647382033968529
0.6942976483240374
0.6654290767769919
0.6647382034262146
0.6942976483507642
0.6654290767455417
0.6647382034695534
0.6942976484070522
0.6654290767235168
0.6647382034992659
0.6942976484448903