0.6810638836952781
0.673256416935232
0.6723264832929323
0.681063883692508
0.6732564169474426
0.6723264833083344
0.681063883688468
0.6732564169596151
0.6723264833216382
0.6810638836887098
0.6732564169551398
0.6723264833133828
0.6810638836926947
0.6732564169410132
0.6723264832986142
0.6810638836946132
0.6732564169371805
0.672326483297619
0.6810638836924147
0.6732564169473036
0.6723264833082012
0.6810638836891041
0.6732564169579309
0.6723264833175278
0.6810638836896943
0.6732564169564362
0.6723264833169338
0.6810638836935414
0.673256416943242
0.6723264833043079
0.6810638836945803
0.6732564169350094
0.6723264832928565
0.6810638836914724
0.6732564169439494
0.6723264833005255
0.6810638836878845
0.6732564169584121
0.6723264833192846
0.6810638836889531
0.6732564169579329
0.6723264833203719
0.6810638836934454
0.6732564169420403
0.6723264833011406
0.6810638836943731
0.673256416937821
0.6723264832955043
0.6810638836946371
0.6732564169390305
0.6723264832991804
0.6810638836912986
0.6732564169531615
0.6723264833159386
0.6810638836884031
0.6732564169600317
0.672326483319891
0.6810638836900469
0.6732564169503601
0.6723264833079488
0.6810638836938994
0.6732564169385717
0.6723264832975175
0.681063883693927
0.6732564169388157
0.6723264832986378
0.6810638836907726
0.6732564169507629
0.6723264833096886
0.6810638836883971
0.6732564169602424
0.6723264833207866
0.6810638836908457
0.6732564169539494
0.6723264833167146
0.6810638836947545
0.6732564169393342
0.6723264832992087
0.6810638836940718
0.6732564169362872
0.672326483292641
0.681063883690133
0.6732564169500868
0.6723264833088554
0.6810638836874017
0.6732564169611563
0.6723264833231066
0.6810638836898343
0.6732564169522648
0.6723264833125882
0.6810638836912619
0.6732564169454548
0.672326483302687
0.6810638836946812
0.6732564169357518
0.6723264832941871
0.6810638836935661
0.6732564169430917
0.6723264833052405
0.6810638836901545
0.6732564169568507
0.6723264833182353
0.6810638836887253
0.6732564169579924
0.6723264833172847
0.6810638836917897
0.6732564169467459
0.6723264833060005
0.6810638836946126
0.6732564169365589
0.6723264832958196
0.6810638836928611
0.6732564169404436
0.6723264832980858
0.6810638836890723
0.6732564169549438
0.6723264833137792
0.6810638836883144
0.6732564169606956
0.6723264833235232
0.6810638836922509
0.6732564169495123
0.6723264833118364
0.6810638836953614
0.67325641693631
0.6723264832944483
0.6810638836933338
0.6732564169406053
0.6723264832985911
0.6810638836891392
0.6732564169563413
0.6723264833173122
0.6810638836877034
0.6732564169588384
0.6723264833194069
0.68106388368894
0.6732564169547566
0.6723264833126308
0.6810638836925218
0.6732564169404003
0.672326483297302
0.6810638836947203
0.6732564169363975
0.6723264832963323
0.6810638836922793
0.6732564169476638
0.6723264833088554
0.6810638836891603
0.6732564169587198
0.6723264833192971
0.681063883689712
0.6732564169568032
0.6723264833177646
0.6810638836932801
0.6732564169431572
0.6723264833041479
0.6810638836949039
0.6732564169349997
0.672326483292671
0.6810638836913334
0.6732564169438988
0.6723264833002691
0.6810638836879274
0.6732564169580286
0.6723264833182342
0.6810638836889948
0.6732564169576696
0.6723264833201068
0.6810638836932615
0.6732564169426101
0.6723264833023241
0.6810638836954135
0.6732564169355675
0.6723264832938254
0.68106388369215
0.6732564169472288
0.6723264833082099
0.6810638836885219
0.6732564169592612
0.6723264833209177
0.6810638836887548
0.6732564169604718
0.6723264833207732
0.6810638836901687
0.6732564169506372
0.6723264833082241
0.6810638836937506
0.6732564169377644
0.6723264832961169
0.6810638836942677
0.6732564169383579
0.6723264832974405
0.6810638836905801
0.6732564169507547
0.672326483309823
0.6810638836886689
0.6732564169605144
0.6723264833214075
0.6810638836906973
0.6732564169540333
0.6723264833171024
0.6810638836945645
0.6732564169392348
0.6723264832994351
0.6810638836944538
0.6732564169364501
0.6723264832929354
0.6810638836899703
0.6732564169496337
0.6723264833077255
0.6810638836876663
0.6732564169601778
0.6723264833212539
0.6810638836899571
0.6732564169518613
0.6723264833116612
0.6810638836943025
0.6732564169376698
0.6723264832954474
0.6810638836947946
0.6732564169391553
0.6723264832996432
0.681063883690951
0.6732564169533571
0.6723264833164516
0.6810638836899137
0.6732564169572259
0.6723264833192173
0.6810638836888648
0.6732564169590163
0.6723264833191547
0.6810638836917254
0.6732564169467831
0.6723264833063622
0.6810638836944842
0.6732564169361421
0.672326483294896
0.6810638836930878
0.6732564169400104
0.6723264832970796
0.6810638836890958
0.673256416954656
0.6723264833130183
0.6810638836884004
0.6732564169604753
0.6723264833229956
0.6810638836920484
0.6732564169492338
0.6723264833117601
0.6810638836952312
0.6732564169368427
0.6723264832958602
0.6810638836935144
0.6732564169412989
0.6723264832998815
0.6810638836888825
0.6732564169563229
0.6723264833174449
0.6810638836878915
0.6732564169589661
0.6723264833191567
0.6810638836914118
0.6732564169453876
0.6723264833022959
0.6810638836946361
0.6732564169357056
0.6723264832939753
0.6810638836936684
0.6732564169430917
0.6723264833050904
0.6810638836924425
0.6732564169469439
0.6723264833075011
0.681063883688921
0.6732564169591848
0.6723264833200101
0.6810638836898197
0.6732564169572937
0.6723264833188936
0.681063883693188
0.6732564169434828
0.6723264833048752
0.6810638836945799
0.6732564169352254
0.6723264832932304
0.6810638836917275
0.6732564169443058
0.6723264833007463
0.6810638836878172
0.6732564169582357
0.6723264833181574
0.6810638836890617
0.6732564169572584
0.6723264833190684
0.6810638836933451
0.6732564169427977
0.67232648330251
0.6810638836953058
0.6732564169362267
0.6723264832950633
0.6810638836922719
0.6732564169475656
0.672326483309139
0.6810638836881684
0.6732564169596356
0.6723264833215421
0.6810638836890561
0.6732564169549599
0.6723264833129063
0.6810638836926566
0.6732564169403858
0.672326483297029
0.6810638836946142
0.6732564169357158
0.6723264832947402
0.6810638836941068
0.6732564169375128
0.6723264832960073
0.6810638836908522
0.6732564169505986
0.6723264833090581
0.6810638836885808
0.6732564169605235
0.6723264833213234
0.6810638836908433
0.6732564169540682
0.6723264833171614
0.6810638836943149
0.673256416939153
0.6723264832996563
0.6810638836942624
0.6732564169366937
0.6723264832938805
0.6810638836902276
0.6732564169501454
0.6723264833088058
0.6810638836873866
0.6732564169595677
0.6723264833201917
0.681063883690141
0.6732564169511646
0.6723264833100653
0.6810638836943885
0.673256416937363
0.6723264832946892
0.6810638836946588
0.6732564169386528
0.6723264832990689
0.6810638836910533
0.6732564169531813
0.6723264833162096
0.681063883688342
0.6732564169605011
0.6723264833213163
0.681063883690334
0.6732564169513816
0.6723264833097587
0.6810638836938395
0.6732564169379648
0.6723264832963854
0.6810638836943551
0.6732564169359669
0.6723264832950828
0.6810638836928686
0.6732564169397139
0.6723264832965148
0.6810638836894402
0.673256416954384
0.6723264833123759
0.6810638836883327
0.6732564169601436
0.6723264833221445
0.6810638836921632
0.6732564169485444
0.6723264833102542
0.6810638836951921
0.6732564169363078
0.6723264832950405
0.6810638836933836
0.6732564169417685
0.6723264833011457
0.6810638836890021
0.6732564169564474
0.672326483318088
0.6810638836875347
0.6732564169586865
0.672326483318822
0.6810638836915355
0.673256416945365
0.6723264833021085
0.6810638836947775
0.6732564169355221
0.6723264832936112
0.6810638836936702
0.6732564169427266
0.6723264833041072
0.6810638836900795
0.6732564169565778
0.6723264833181295
0.6810638836886396
0.6732564169593922
0.6723264833200137
0.6810638836919033
0.6732564169476929
0.6723264833080931
0.6810638836932655
0.6732564169437203
0.6723264833055094
0.6810638836944505
0.6732564169354281
0.6723264832936587
0.6810638836915379
0.6732564169444767
0.6723264833013871
0.6810638836880942
0.6732564169588158
0.6723264833192141
0.6810638836889314
0.6732564169573433
0.6723264833188918
0.6810638836935228
0.6732564169422616
0.6723264833010538
0.6810638836954224
0.6732564169364841
0.6723264832951932
0.6810638836922243
0.673256416948028
0.6723264833100431
0.6810638836882432
0.673256416959959
0.6723264833222833
0.6810638836886893
0.6732564169553669
0.6723264833138664
0.6810638836928433
0.6732564169409617
0.6723264832982342
0.6810638836947507
0.6732564169361961
0.6723264832952279
0.6810638836922801
0.673256416946068
0.6723264833058855
0.6810638836891325
0.6732564169585566
0.6723264833185509
0.6810638836896907
0.6732564169576225
0.6723264833192396
0.6810638836908132
0.6732564169541415
0.6723264833170616
0.6810638836945331
0.6732564169394223
0.6723264832996265
0.6810638836941855
0.6732564169367214
0.672326483294059
0.6810638836899869
0.6732564169507925
0.6723264833103744
0.6810638836876087
0.6732564169604094
0.6723264833218767
0.6810638836898351
0.6732564169509488
0.6723264833097415
0.6810638836945508
0.673256416937188
0.6723264832940002
0.6810638836948912
0.6732564169385441
0.6723264832985103
0.6810638836909041
0.6732564169528666
0.6723264833155328
0.6810638836884639
0.6732564169601964
0.6723264833207642
0.6810638836900663
0.6732564169514148
0.672326483310252
0.6810638836939809
0.6732564169389907
0.672326483298222
0.6810638836939855
0.6732564169376154
0.6723264832965339
0.6810638836905996
0.6732564169500619
0.6723264833080634
0.6810638836889507
0.6732564169604911
0.6723264833207944
0.6810638836886796
0.673256416960029
0.6723264833220916
0.6810638836920853
0.6732564169483375
0.6723264833095344
0.6810638836953474
0.6732564169354684
0.6723264832933251
0.68106388369333
0.6732564169412462
0.6723264833001339
0.6810638836889833
0.6732564169566796
0.6723264833186593
0.6810638836876932
0.6732564169586301
0.6723264833191313
0.6810638836911524
0.6732564169452614
0.6723264833022504
0.6810638836950508
0.6732564169355457
0.6723264832936464
0.6810638836937106
0.6732564169425606
0.6723264833037251
0.6810638836900204
0.6732564169560333
0.6723264833168505
0.681063883688958
0.6732564169586758
0.6723264833186503
0.6810638836918046
0.673256416948161
0.6723264833087579
0.6810638836944996
0.6732564169365693
0.6723264832964949
0.6810638836926843
0.6732564169398545
0.6723264832971336
0.6810638836892455
0.6732564169543749
0.6723264833126474
0.6810638836878786
0.6732564169587758
0.6723264833197351
0.6810638836891456
0.6732564169576704
0.6723264833195359
0.6810638836932836
0.6732564169418194
0.6723264833004128
0.6810638836954825
0.6732564169359108
0.6723264832937694
0.6810638836924205
0.6732564169480193
0.6723264833095481
0.6810638836882237
0.6732564169599227
0.67232648332219
0.6810638836887217
0.6732564169555191
0.6723264833142575
0.6810638836925738
0.6732564169413664
0.6723264832992499
0.6810638836947631
0.6732564169367969
0.6723264832966509
0.6810638836922867
0.6732564169463313
0.6723264833062785
0.6810638836889958
0.6732564169577091
0.6723264833171079
0.6810638836899533
0.6732564169571426
0.6723264833179823
0.6810638836932021
0.6732564169434505
0.672326483305018
0.6810638836945138
0.6732564169352434
0.6723264832933129
0.6810638836913767
0.6732564169443858
0.6723264833014816
0.681063883689939
0.6732564169509268
0.6723264833105889
0.6810638836873943
0.67325641696132
0.6723264833235136
0.6810638836899985
0.6732564169516148
0.6723264833113232
0.6810638836940943
0.6732564169373303
0.672326483294406
0.6810638836950292
0.6732564169388087
0.6723264832987319
0.6810638836910878
0.6732564169528241
0.6723264833152052
0.6810638836882748
0.6732564169598086
0.6723264833197607
0.6810638836903085
0.6732564169511009
0.672326483309371
0.6810638836936217
0.673256416939175
0.6723264832988094
0.681063883694118
0.6732564169384503
0.6723264832979963
0.6810638836904768
0.673256416950073
0.6723264833084596
0.6810638836885665
0.6732564169603081
0.6723264833205571
0.6810638836911138
0.6732564169540498
0.6723264833168384
0.6810638836943761
0.6732564169392857
0.6723264832990565
0.6810638836943192
0.6732564169366501
0.6723264832935153
0.6810638836935404
0.6732564169405779
0.6723264832987039
0.6810638836889977
0.6732564169566302
0.6723264833181857
0.6810638836877018
0.6732564169587525
0.6723264833195564
0.6810638836912779
0.6732564169452624
0.6723264833023614
0.6810638836946887
0.6732564169356579
0.6723264832941309
0.6810638836939494
0.673256416942924
0.6723264833045546
0.6810638836899937
0.6732564169559865
0.6723264833166931
0.6810638836889105
0.6732564169579424
0.6723264833169987
0.6810638836919515
0.6732564169475618
0.6723264833075491
0.6810638836944443
0.6732564169370701
0.672326483297051
0.6810638836929513
0.673256416940378
0.6723264832981131
0.681063883689048
0.673256416954806
0.6723264833135003
0.6810638836885575
0.673256416960525
0.6723264833232565
0.6810638836923628
0.6732564169488306
0.6723264833103529
0.6810638836951943
0.6732564169353092
0.6723264832928577