0.6574096818985173
0.6595254881977499
0.7054671836843385
0.6574096819013852
0.659525488197064
0.7054671836615173
0.6574096819080817
0.6595254881965404
0.7054671836355471
0.6574096819076598
0.6595254881980981
0.7054671836546107
0.6574096819045063
0.6595254881990176
0.7054671836685666
0.6574096819080748
0.6595254881977572
0.7054671836406861
0.6574096819116315
0.659525488197334
0.7054671836300757
0.6574096819069288
0.6595254881985771
0.7054671836613613
0.6574096819024093
0.6595254881983323
0.7054671836699963
0.6574096819049515
0.6595254881964869
0.7054671836446093
0.6574096819051904
0.6595254881963633
0.7054671836505322
0.6574096818987982
0.6595254881975287
0.7054671836833768
0.6574096818968267
0.6595254881968129
0.7054671836777953
0.6574096819017335
0.6595254881954604
0.7054671836505615
0.6574096819022922
0.6595254881963535
0.7054671836624947
0.657409681908592
0.6595254881985281
0.7054671836436832
0.6574096819022718
0.6595254881983413
0.7054671836764255
0.657409681908829
0.6595254881977188
0.7054671836469919
0.6574096819133433
0.6595254881979152
0.7054671836213842
0.6574096819038715
0.659525488198047
0.705467183661007
0.6574096818981641
0.6595254881972312
0.7054671836855977
0.6574096819050416
0.6595254881965107
0.7054671836494698
0.6574096819056037
0.65952548819675
0.7054671836412844
0.6574096818955371
0.6595254881968229
0.7054671836863989
0.6574096818952337
0.6595254881961659
0.7054671836897721
0.6574096819050856
0.6595254881961546
0.7054671836451575
0.6574096819045674
0.6595254881970835
0.7054671836482557
0.6574096818974011
0.659525488197447
0.705467183686045
0.6574096819029537
0.6595254881971595
0.7054671836669895
0.6574096819127104
0.6595254881976734
0.7054671836240761
0.6574096819091784
0.6595254881968098
0.7054671836331414
0.6574096819023352
0.6595254881964396
0.7054671836620492
0.6574096818989253
0.6595254881979875
0.7054671836831423
0.6574096819026892
0.6595254881972472
0.7054671836587267
0.6574096819023065
0.6595254881951864
0.7054671836500688
0.6574096818967514
0.6595254881959633
0.7054671836805724
0.6574096818979529
0.6595254881978243
0.7054671836833886
0.6574096819045003
0.6595254881968841
0.7054671836493449
0.6574096819045143
0.6595254881957926
0.7054671836475477
0.657409681901414
0.6595254881977073
0.7054671836734279
0.6574096819059223
0.659525488199161
0.7054671836605493
0.6574096819115676
0.6595254881976595
0.7054671836289723
0.657409681908387
0.6595254881970123
0.7054671836423924
0.6574096819045931
0.6595254881988436
0.7054671836687829
0.6574096819081301
0.6595254881990219
0.7054671836511976
0.6574096818971426
0.6595254881959824
0.7054671836810067
0.6574096819016724
0.6595254881956516
0.7054671836496458
0.6574096819021136
0.6595254881970971
0.7054671836594917
0.6574096818986761
0.659525488197428
0.7054671836859114
0.6574096819015343
0.6595254881964083
0.7054671836642876
0.657409681907938
0.659525488196981
0.7054671836340185
0.6574096819075164
0.6595254881986672
0.7054671836528216
0.6574096819047094
0.6595254881984229
0.7054671836711239
0.6574096819082639
0.6595254881972664
0.70546718364281
0.6574096819114162
0.6595254881980288
0.7054671836276782
0.6574096819067252
0.659525488198935
0.7054671836599689
0.6574096819026052
0.6595254881975863
0.7054671836728055
0.6574096819049551
0.6595254881963564
0.705467183645017
0.6574096819048365
0.6595254881971848
0.7054671836468648
0.6574096818988443
0.6595254881974664
0.7054671836832254
0.6574096818973929
0.6595254881975006
0.7054671836858059
0.6574096819026658
0.6595254881978758
0.7054671836644597
0.6574096819128008
0.6595254881973596
0.7054671836245323
0.657409681908891
0.6595254881977843
0.705467183645945
0.6574096819020896
0.659525488198777
0.7054671836753394
0.657409681908579
0.6595254881983339
0.7054671836451454
0.6574096819135691
0.6595254881973562
0.7054671836231702
0.6574096819040055
0.659525488197622
0.7054671836626943
0.6574096818979323
0.6595254881978985
0.705467183684078
0.6574096819049956
0.6595254881968236
0.7054671836490372
0.657409681905831
0.6595254881960597
0.705467183643947
0.6574096818955714
0.6595254881966455
0.7054671836876301
0.6574096818949915
0.6595254881969161
0.7054671836880402
0.6574096819049936
0.6595254881962241
0.7054671836449657
0.6574096819047381
0.6595254881963124
0.7054671836504146
0.6574096819081658
0.6595254881977045
0.7054671836399362
0.6574096819046873
0.6595254881984685
0.7054671836700896
0.6574096819082238
0.6595254881983531
0.7054671836532216
0.6574096819090359
0.6595254881972192
0.705467183631163
0.6574096819021922
0.6595254881969812
0.7054671836599067
0.6574096818991014
0.6595254881974453
0.7054671836849964
0.6574096819029187
0.6595254881968089
0.7054671836599944
0.6574096819021117
0.659525488195899
0.7054671836473061
0.6574096818965762
0.6595254881963534
0.7054671836792928
0.6574096818982176
0.6595254881971127
0.7054671836859461
0.6574096819045772
0.65952548819676
0.7054671836495512
0.6574096819042271
0.6595254881966144
0.705467183644704
0.6574096819015162
0.6595254881976514
0.7054671836740591
0.657409681906239
0.6595254881983506
0.7054671836636955
0.657409681911469
0.6595254881978495
0.7054671836282924
0.6574096819051227
0.659525488196038
0.7054671836459431
0.6574096819051577
0.6595254881964612
0.7054671836493357
0.6574096818986492
0.6595254881979158
0.7054671836818089
0.6574096818969155
0.6595254881965621
0.7054671836789594
0.6574096819018891
0.6595254881950463
0.7054671836514165
0.6574096819022033
0.6595254881966854
0.7054671836609164
0.6574096818984212
0.6595254881981403
0.7054671836838059
0.657409681901506
0.6595254881967043
0.7054671836632269
0.6574096819081637
0.6595254881962767
0.7054671836360626
0.6574096819075717
0.6595254881985328
0.705467183653157
0.6574096819044984
0.6595254881991807
0.7054671836682248
0.6574096819082219
0.6595254881972973
0.7054671836419408
0.6574096819116727
0.659525488197281
0.7054671836297617
0.6574096819067592
0.6595254881990709
0.7054671836595023
0.6574096819023663
0.6595254881983317
0.7054671836701939
0.6574096818951849
0.659525488196238
0.7054671836901265
0.657409681904901
0.6595254881966691
0.70546718364324
0.6574096819045716
0.6595254881969038
0.7054671836484732
0.6574096818975623
0.6595254881969337
0.7054671836881934
0.657409681902872
0.6595254881973789
0.7054671836664468
0.6574096819125501
0.6595254881980295
0.705467183622186
0.6574096819086758
0.6595254881981623
0.7054671836451202
0.6574096819022968
0.659525488198037
0.7054671836785922
0.6574096819086215
0.659525488198149
0.7054671836458323
0.6574096819132531
0.6595254881981681
0.7054671836205413
0.6574096819040391
0.6595254881976065
0.7054671836634069
0.6574096818982171
0.6595254881970645
0.7054671836869818
0.657409681904926
0.6595254881969805
0.7054671836479829
0.657409681905611
0.6595254881968087
0.7054671836411444
0.6574096818956543
0.6595254881963275
0.7054671836886148
0.6574096819012715
0.6595254881980825
0.7054671836728255
0.6574096819060278
0.6595254881989329
0.705467183661667
0.6574096819116717
0.6595254881973149
0.7054671836298154
0.6574096819082726
0.6595254881973138
0.7054671836414339
0.6574096819045057
0.6595254881991619
0.7054671836682944
0.6574096819082169
0.6595254881986541
0.7054671836520667
0.657409681909263
0.6595254881965064
0.705467183633212
0.6574096819022129
0.6595254881968404
0.7054671836609505
0.6574096818988249
0.6595254881982137
0.7054671836828773
0.6574096819028346
0.6595254881968338
0.7054671836596591
0.6574096819023166
0.6595254881951433
0.7054671836502099
0.6574096818965443
0.6595254881964676
0.7054671836797316
0.6574096818979687
0.659525488197778
0.7054671836837229
0.6574096819047168
0.6595254881963901
0.7054671836504937
0.6574096819044744
0.6595254881958947
0.7054671836472315
0.657409681911479
0.6595254881978272
0.7054671836281683
0.6574096819069584
0.6595254881984645
0.7054671836618893
0.657409681902603
0.6595254881978869
0.7054671836715909
0.657409681904861
0.6595254881967784
0.7054671836431798
0.6574096819050108
0.6595254881968425
0.705467183648427
0.6574096818989444
0.6595254881972328
0.705467183684515
0.6574096818969679
0.6595254881964412
0.705467183678713
0.6574096819016582
0.6595254881958185
0.7054671836482518
0.6574096819022941
0.6595254881966521
0.7054671836612408
0.6574096818987039
0.6595254881973552
0.7054671836859974
0.6574096819014422
0.6595254881968675
0.7054671836616946
0.65740968190792
0.6595254881970036
0.7054671836335416
0.6574096819076072
0.6595254881982096
0.7054671836544961
0.6574096819046884
0.6595254881984793
0.7054671836702341
0.6574096819081181
0.6595254881977124
0.7054671836402286
0.657409681905105
0.6595254881964097
0.705467183649584
0.6574096819057409
0.6595254881963499
0.705467183642863
0.6574096818954829
0.6595254881969801
0.7054671836866786
0.6574096818950894
0.6595254881965544
0.7054671836889997
0.6574096819050871
0.659525488195931
0.7054671836458162
0.6574096819046371
0.6595254881967473
0.7054671836497272
0.6574096818972804
0.6595254881977735
0.7054671836856643
0.6574096819028237
0.6595254881974169
0.7054671836657391
0.6574096819128945
0.6595254881972077
0.7054671836248767
0.657409681908684
0.6595254881983013
0.7054671836448845
0.6574096819020898
0.6595254881987757
0.7054671836754058
0.6574096819088078
0.6595254881977984
0.7054671836462283
0.6574096819134906
0.6595254881974908
0.7054671836227959
0.6574096819038124
0.659525488198097
0.7054671836615927
0.6574096818980185
0.6595254881976558
0.7054671836844122
0.6574096818981228
0.6595254881973497
0.7054671836850169
0.657409681904401
0.6595254881971268
0.705467183647896
0.6574096819043079
0.6595254881962203
0.705467183646327
0.6574096819015082
0.6595254881973382
0.7054671836754236
0.657409681906005
0.659525488198783
0.7054671836618754
0.6574096819114263
0.6595254881980348
0.7054671836275213
0.6574096819083224
0.6595254881972735
0.7054671836423216
0.6574096819046933
0.6595254881984337
0.7054671836710866
0.6574096819081331
0.6595254881988171
0.7054671836515659
0.6574096819090516
0.6595254881971949
0.7054671836314548
0.6574096819022572
0.6595254881965328
0.7054671836624351
0.6574096818990749
0.6595254881975129
0.7054671836850436
0.6574096819027724
0.6595254881972259
0.705467183658246
0.657409681902134
0.659525488195722
0.7054671836486024
0.657409681896739
0.6595254881958983
0.7054671836818375
0.6574096819074862
0.6595254881988832
0.7054671836526805
0.6574096819046011
0.6595254881988515
0.705467183669086
0.6574096819083312
0.6595254881970265
0.7054671836427489
0.6574096819115551
0.6595254881976628
0.7054671836288713
0.6574096819066482
0.6595254881992892
0.7054671836586864
0.6574096819025114
0.6595254881979209
0.7054671836708458
0.6574096819051722
0.6595254881959205
0.7054671836459538
0.6574096819049465
0.6595254881969598
0.7054671836481179
0.6574096818986448
0.6595254881979694
0.7054671836817245
0.6574096818971351
0.6595254881960639
0.7054671836798037
0.6574096819018591
0.6595254881951069
0.7054671836509909
0.6574096819020266
0.6595254881971133
0.7054671836599637
0.6574096818985268
0.6595254881979009
0.7054671836841515
0.6574096819016493
0.6595254881962921
0.7054671836639399
0.6574096819080778
0.6595254881965817
0.7054671836356865
0.6574096819133937
0.6595254881978171
0.7054671836221558
0.6574096819041336
0.6595254881973552
0.7054671836642916
0.6574096818980649
0.6595254881975638
0.7054671836848836
0.6574096819049258
0.6595254881971886
0.7054671836474687
0.6574096819058131
0.6595254881963175
0.7054671836431831
0.6574096818957025
0.6595254881962465
0.7054671836886564
0.6574096818950502
0.6595254881967204
0.7054671836878457
0.6574096819048769
0.6595254881966042
0.7054671836431057
0.6574096819046811
0.6595254881964223
0.7054671836501605
0.6574096818975361
0.6595254881970929
0.7054671836871459
0.6574096819027304
0.6595254881978313
0.7054671836638995
0.6574096819126306
0.6595254881977942
0.7054671836228903
0.6574096819088722
0.6595254881977253
0.7054671836466335
0.6574096819022741
0.6595254881983341
0.705467183676478
0.6574096819085176
0.659525488198536
0.7054671836437757
0.6574096819029154
0.6595254881965169
0.705467183660708
0.6574096819021686
0.6595254881955444
0.7054671836493158
0.6574096818964421
0.6595254881966983
0.7054671836787632
0.6574096818980906
0.6595254881973948
0.7054671836850337
0.657409681904755
0.659525488196309
0.7054671836514408
0.6574096819043198
0.6595254881963515
0.7054671836461712
0.6574096819013218
0.6595254881980878
0.7054671836728235
0.6574096819061983
0.6595254881984396
0.7054671836632057
0.6574096819116128
0.6595254881973459
0.7054671836299427
0.6574096819081212
0.6595254881977484
0.7054671836404821
0.6574096819045256
0.6595254881990062
0.7054671836687609
0.6574096819082984
0.6595254881982489
0.7054671836532791
0.6574096819091827
0.6595254881967736
0.7054671836329143
0.6574096819021117
0.6595254881971809
0.7054671836598768
0.6574096818989188
0.6595254881978284
0.7054671836833941