0.6811186688582843
0.673242275461544
0.6723256050411612
0.6811186688652446
0.673242275475026
0.6723256050690712
0.681118668871209
0.6732422754822736
0.6723256050880373
0.6811186688685229
0.6732422754741665
0.6723256050732057
0.6811186688611554
0.6732422754639031
0.672325605048211
0.681118668859316
0.6732422754641174
0.6723256050456403
0.6811186688654497
0.6732422754721465
0.6723256050662417
0.6811186688708819
0.6732422754802951
0.6723256050855138
0.6811186688681872
0.6732422754789269
0.6723256050789159
0.6811186688604487
0.6732422754665617
0.6723256050512123
0.6811186688583638
0.6732422754593013
0.6723256050388682
0.6811186688653645
0.6732422754693117
0.672325605062275
0.6811186688716837
0.6732422754833802
0.6723256050901256
0.6811186688686465
0.6732422754789633
0.6723256050798528
0.6811186688602946
0.6732422754629381
0.672325605046637
0.6811186688591296
0.6732422754607669
0.6723256050411134
0.6811186688601525
0.6732422754666658
0.6723256050508256
0.6811186688678884
0.6732422754789065
0.6723256050786027
0.6811186688710082
0.6732422754801761
0.6723256050855215
0.6811186688656559
0.6732422754710932
0.672325605065295
0.6811186688596464
0.6732422754634837
0.6723256050448319
0.6811186688605164
0.6732422754640308
0.6723256050481967
0.6811186688681902
0.6732422754745007
0.6723256050734967
0.6811186688716082
0.6732422754832712
0.6723256050896274
0.6811186688657251
0.6732422754765878
0.6723256050723118
0.6811186688587134
0.6732422754621052
0.6723256050425442
0.6811186688597192
0.6732422754612621
0.6723256050434305
0.6811186688682841
0.6732422754768551
0.6723256050756667
0.6811186688719222
0.6732422754835825
0.6723256050902402
0.6811186688658251
0.6732422754712319
0.6723256050659673
0.6811186688631111
0.6732422754655123
0.6723256050539876
0.6811186688585822
0.6732422754614595
0.6723256050411317
0.681118668862651
0.6732422754708768
0.6723256050600039
0.6811186688699703
0.6732422754798454
0.6723256050831464
0.681118668869946
0.6732422754789544
0.6723256050821391
0.6811186688633161
0.6732422754700634
0.672325605058731
0.6811186688585358
0.6732422754609078
0.6723256050401061
0.6811186688624631
0.6732422754645752
0.6723256050519256
0.68111866887042
0.673242275478708
0.6723256050815736
0.6811186688704751
0.6732422754832954
0.6723256050883052
0.6811186688628453
0.6732422754703862
0.6723256050602839
0.6811186688575994
0.6732422754591447
0.6723256050380895
0.6811186688620949
0.6732422754680244
0.6723256050558606
0.6811186688702766
0.6732422754816986
0.6723256050852802
0.6811186688701465
0.673242275478573
0.672325605082519
0.6811186688683067
0.673242275473934
0.6723256050728768
0.6811186688608077
0.6732422754630221
0.6723256050464929
0.6811186688593329
0.6732422754633974
0.6723256050440747
0.681118668865385
0.6732422754724368
0.6723256050663879
0.6811186688710746
0.6732422754808187
0.6723256050864463
0.6811186688684903
0.6732422754794998
0.6723256050795184
0.6811186688604826
0.6732422754666401
0.6723256050512453
0.6811186688583953
0.6732422754591469
0.6723256050388222
0.6811186688650377
0.6732422754690393
0.672325605061598
0.6811186688714836
0.6732422754825511
0.672325605088535
0.6811186688684854
0.6732422754786052
0.6723256050791636
0.6811186688600807
0.673242275463169
0.6723256050474105
0.6811186688584243
0.6732422754618049
0.6723256050420466
0.6811186688652311
0.6732422754752899
0.672325605069401
0.6811186688711286
0.6732422754821694
0.6723256050882632
0.6811186688713831
0.6732422754810032
0.6723256050868169
0.6811186688657882
0.6732422754712519
0.6723256050654427
0.6811186688593497
0.6732422754627312
0.6723256050434916
0.6811186688606714
0.6732422754634642
0.6723256050469343
0.6811186688675364
0.6732422754739433
0.6723256050730504
0.6811186688715732
0.6732422754833748
0.6723256050898168
0.6811186688656798
0.67324227547668
0.6723256050726056
0.6811186688584469
0.6732422754622749
0.6723256050435249
0.6811186688600634
0.6732422754617912
0.6723256050445471
0.6811186688679104
0.6732422754763705
0.6723256050750994
0.6811186688720003
0.6732422754830292
0.6723256050888707
0.6811186688656872
0.6732422754708329
0.6723256050650683
0.6811186688587532
0.6732422754604646
0.6723256050407015
0.6811186688606511
0.6732422754670352
0.6723256050507644
0.6811186688677614
0.6732422754793213
0.6723256050793404
0.6811186688698072
0.6732422754802767
0.6723256050840316
0.6811186688702418
0.6732422754798515
0.6723256050839428
0.6811186688633262
0.6732422754703558
0.6723256050596547
0.6811186688586206
0.6732422754609974
0.6723256050402269
0.6811186688624677
0.6732422754641793
0.6723256050517953
0.6811186688701201
0.6732422754784896
0.6723256050812048
0.6811186688706761
0.6732422754829326
0.6723256050872468
0.6811186688628631
0.6732422754703271
0.6723256050600572
0.6811186688578327
0.673242275460086
0.6723256050394446
0.6811186688624786
0.6732422754685404
0.6723256050568962
0.6811186688703619
0.6732422754820384
0.6723256050856139
0.6811186688704176
0.6732422754787302
0.6723256050825728
0.6811186688628429
0.6732422754650532
0.6723256050536003
0.68111866885849
0.6732422754610741
0.6723256050401628
0.6811186688626807
0.6732422754703987
0.6723256050592761
0.6811186688655297
0.6732422754718583
0.6723256050651206
0.6811186688708595
0.6732422754810603
0.6723256050867652
0.6811186688685893
0.6732422754798264
0.6723256050800935
0.681118668860913
0.6732422754672497
0.6723256050516168
0.6811186688583482
0.6732422754594501
0.6723256050394808
0.6811186688654031
0.6732422754695285
0.6723256050623656
0.6811186688714012
0.6732422754822243
0.6723256050877933
0.6811186688684767
0.6732422754777956
0.6723256050777329
0.6811186688600952
0.6732422754632192
0.6723256050472304
0.6811186688580015
0.6732422754616973
0.6723256050424071
0.6811186688654873
0.6732422754756111
0.6723256050699696
0.6811186688710955
0.6732422754827119
0.6723256050891822
0.6811186688683409
0.6732422754742796
0.6723256050740596
0.6811186688609602
0.67324227546321
0.6723256050467377
0.6811186688589951
0.6732422754624425
0.6723256050426019
0.6811186688605818
0.6732422754628629
0.6723256050455946
0.6811186688677038
0.673242275473603
0.6723256050723078
0.681118668871008
0.6732422754828088
0.6723256050892579
0.6811186688659222
0.6732422754764753
0.6723256050717447
0.681118668858297
0.6732422754620342
0.6723256050432226
0.6811186688598685
0.6732422754623855
0.672325605045804
0.6811186688681621
0.67324227547688
0.6723256050761407
0.6811186688716033
0.673242275482519
0.672325605088432
0.6811186688658541
0.6732422754705696
0.6723256050643693
0.6811186688583467
0.673242275459768
0.6723256050399892
0.6811186688603332
0.6732422754665128
0.6723256050498969
0.6811186688681266
0.6732422754791545
0.6723256050784641
0.6811186688711642
0.6732422754812486
0.6723256050872981
0.6811186688662605
0.6732422754724596
0.6723256050670484
0.681118668859358
0.6732422754627857
0.672325605043575
0.6811186688586874
0.6732422754612251
0.6723256050405593
0.6811186688624233
0.6732422754644092
0.6723256050521569
0.6811186688700508
0.67324227547836
0.6723256050815927
0.6811186688704918
0.6732422754827421
0.6723256050867967
0.6811186688628235
0.6732422754694622
0.672325605058588
0.6811186688577819
0.673242275459869
0.6723256050390182
0.6811186688624299
0.6732422754691505
0.6723256050578887
0.6811186688705877
0.6732422754823848
0.6723256050863078
0.6811186688706218
0.6732422754792375
0.6723256050828128
0.6811186688629642
0.6732422754651425
0.6723256050538358
0.6811186688584256
0.6732422754610392
0.6723256050401822
0.6811186688626012
0.6732422754697132
0.6723256050577869
0.6811186688698403
0.6732422754793848
0.6723256050825963
0.6811186688701295
0.6732422754803652
0.6723256050846784
0.6811186688633231
0.6732422754709296
0.672325605060962
0.681118668861097
0.6732422754674263
0.6723256050518635
0.6811186688586914
0.6732422754599348
0.6723256050398511
0.6811186688653278
0.6732422754699519
0.6723256050633191
0.6811186688719167
0.673242275483157
0.672325605088997
0.6811186688682656
0.673242275477597
0.6723256050773063
0.681118668860275
0.6732422754625946
0.672325605045915
0.6811186688580511
0.6732422754615868
0.672325605042108
0.6811186688651601
0.6732422754754507
0.6723256050701902
0.6811186688716276
0.6732422754830709
0.6723256050893582
0.6811186688681743
0.6732422754746155
0.6723256050748064
0.6811186688611315
0.6732422754641106
0.6723256050486119
0.6811186688590798
0.6732422754628042
0.6723256050432957
0.68111866886516
0.673242275470889
0.6723256050639173
0.6811186688711082
0.6732422754806809
0.672325605086008
0.6811186688681155
0.6732422754796294
0.6723256050803214
0.6811186688656159
0.6732422754760883
0.6723256050710554
0.681118668858609
0.6732422754617792
0.6723256050422434
0.681118668859811
0.6732422754619747
0.672325605045272
0.6811186688681797
0.6732422754775915
0.6723256050773572
0.6811186688717086
0.673242275483072
0.6723256050896196
0.6811186688655628
0.6732422754704838
0.672325605064317
0.6811186688584565
0.6732422754597311
0.6723256050398136
0.6811186688599433
0.6732422754659366
0.6723256050495912
0.681118668867974
0.6732422754786067
0.6723256050774944
0.6811186688712381
0.6732422754805799
0.672325605086196
0.6811186688660221
0.6732422754727164
0.6723256050676977
0.6811186688596687
0.6732422754637644
0.6723256050451204
0.6811186688605311
0.6732422754630469
0.6723256050460009
0.681118668867815
0.6732422754736422
0.6723256050717806
0.6811186688710831
0.673242275482447
0.6723256050886665
0.6811186688704799
0.6732422754827825
0.6723256050871541
0.681118668862458
0.6732422754691568
0.6723256050579909
0.6811186688575446
0.6732422754588296
0.6723256050374418
0.681118668862362
0.6732422754688288
0.6723256050573794
0.6811186688702706
0.6732422754823723
0.6723256050867155
0.681118668870861
0.6732422754793925
0.6723256050830433
0.6811186688630089
0.6732422754657528
0.6723256050543129
0.681118668858512
0.6732422754613496
0.6723256050407401
0.6811186688627227
0.6732422754698011
0.6723256050575601
0.6811186688695402
0.6732422754785605
0.6723256050809217
0.681118668870211
0.6732422754796505
0.6723256050832301
0.6811186688631565
0.6732422754709728
0.6723256050609423
0.6811186688587231
0.6732422754613978
0.6723256050411547
0.6811186688627181
0.6732422754649191
0.6723256050526183
0.6811186688698252
0.6732422754784522
0.6723256050819975
0.6811186688718538
0.6732422754837089
0.6723256050903323
0.6811186688687014
0.6732422754784118
0.6723256050785198
0.6811186688600555
0.673242275462516
0.6723256050455981
0.6811186688584121
0.6732422754615869
0.6723256050414104
0.6811186688651516
0.6732422754751427
0.6723256050695771
0.681118668871524
0.6732422754825977
0.6723256050885531
0.6811186688687002
0.6732422754747956
0.6723256050746029
0.6811186688609858
0.6732422754645245
0.6723256050495687
0.6811186688594568
0.6732422754637445
0.6723256050450171
0.6811186688651005
0.6732422754711194
0.6723256050645343
0.6811186688707962
0.673242275480161
0.6723256050852398
0.6811186688682405
0.6732422754791942
0.6723256050795683
0.6811186688605835
0.6732422754668466
0.6723256050515438
0.6811186688590187
0.6732422754599071
0.6723256050396598
0.6811186688653919
0.6732422754700367
0.6723256050636527
0.68111866886822
0.6732422754774958
0.6723256050771954
0.6811186688718054
0.6732422754836218
0.6723256050907362
0.681118668865913
0.6732422754708985
0.67232560506523
0.6811186688585451
0.6732422754602585
0.672325605040475
0.6811186688599973
0.6732422754662049
0.6723256050501794
0.6811186688676998
0.673242275478247
0.6723256050772825
0.681118668870988
0.6732422754799623
0.6723256050851338
0.6811186688660287
0.6732422754720921
0.6723256050668771
0.6811186688595885
0.6732422754641293
0.672325605046016
0.6811186688608093
0.6732422754638174
0.6723256050475586
0.6811186688680383
0.6732422754740832
0.6723256050724608
0.6811186688712276
0.6732422754828662
0.672325605088997
0.6811186688657421
0.6732422754761722
0.6723256050713061
0.6811186688585009
0.673242275461648
0.6723256050415853
0.6811186688599228
0.6732422754614635
0.6723256050440236
0.6811186688622015
0.6732422754680298
0.6723256050559163
0.6811186688700266
0.67324227548193
0.6723256050861556
0.681118668870468
0.6732422754790066
0.6723256050829309
0.6811186688634037
0.6732422754658198
0.6723256050543464
0.6811186688583312
0.6732422754617315
0.6723256050415325
0.6811186688628196
0.6732422754704748
0.6723256050588668
0.6811186688695665
0.6732422754787526
0.6723256050810078
0.6811186688698954
0.6732422754787746
0.6723256050814658
0.6811186688633449
0.6732422754704458
0.6723256050595352
0.6811186688583657
0.6732422754613033
0.6723256050409282
0.6811186688628955
0.6732422754648838
0.67232560505239
0.6811186688701025
0.6732422754786951
0.672325605082104
0.6811186688703248
0.6732422754831997
0.6723256050883264
0.6811186688626943
0.6732422754696059
0.6723256050588535
0.6811186688570714
0.6732422754583003
0.6723256050365986