0.666331211034162
0.6632528798962241
0.6913864069548581
0.6663312111147032
0.6632528799167027
0.6913864069253184
0.6663312112014018
0.6632528799118289
0.6913864068771459
0.6663312112780035
0.6632528799816532
0.6913864068816318
0.666331211378371
0.6632528800864206
0.6913864068837435
0.6663312115405453
0.6632528801315063
0.6913864068277699
0.6663312116812488
0.6632528801544024
0.6913864067837804
0.6663312116822302
0.6632528802104144
0.6913864068149342
0.6663312116002952
0.6632528801945154
0.691386406834587
0.6663312115297625
0.6632528801063472
0.691386406814142
0.6663312114788689
0.6632528800521006
0.6913864068216664
0.6663312113729631
0.6632528800547495
0.691386406885182
0.666331211210582
0.6632528799794201
0.6913864069087554
0.6663312110796424
0.6632528798525732
0.6913864068977933
0.6663312110185569
0.6632528798253908
0.6913864069184584
0.6663312114432569
0.6632528801155938
0.6913864068810284
0.6663312115944338
0.6632528801357875
0.6913864068189443
0.6663312116326254
0.6632528801435251
0.6913864067899983
0.6663312116111808
0.6632528801893709
0.6913864068223609
0.6663312116088659
0.663252880197566
0.6913864068378566
0.6663312116060383
0.6632528801221749
0.6913864068027388
0.6663312114988604
0.6632528800779904
0.69138640682244
0.6663312113226174
0.6632528800434718
0.6913864068904882
0.6663312111713364
0.6632528799452271
0.6913864069140832
0.6663312110862805
0.6632528798461687
0.6913864068925888
0.6663312110618163
0.663252879861042
0.6913864069157016
0.6663312110658823
0.663252879915297
0.6913864069531
0.6663312110941373
0.6632528798888253
0.6913864069246543
0.6663312111460735
0.6632528798803435
0.6913864068804961
0.6663312112579017
0.6632528799918873
0.691386406883452
0.6663312116734301
0.6632528802206517
0.6913864068281224
0.6663312115944291
0.6632528801414546
0.6913864068070006
0.6663312114514077
0.6632528800516203
0.6913864068285694
0.6663312112935174
0.6632528800159234
0.6913864068931768
0.6663312111897222
0.6632528799587547
0.6913864069101519
0.66633121113441
0.6632528798821675
0.6913864068895565
0.6663312110806591
0.6632528798653472
0.691386406915409
0.6663312110288092
0.663252879877402
0.6913864069527962
0.6663312110335445
0.6632528798736101
0.6913864069300457
0.6663312111619261
0.6632528798966612
0.6913864068782276
0.6663312113375843
0.6632528800154304
0.6913864068785975
0.6663312114596828
0.6632528801127253
0.6913864068741603
0.6663312115241993
0.6632528801193522
0.6913864068280398
0.6663312115832454
0.6632528801250637
0.6913864067947526
0.6663312116547881
0.6632528801980901
0.6913864068211305
0.6663312112366732
0.6632528799883901
0.6913864069071063
0.666331211138429
0.6632528798705172
0.6913864068916686
0.6663312110209114
0.6632528798300539
0.6913864069166631
0.6663312109829519
0.6632528798774437
0.6913864069586713
0.6663312110890749
0.6632528798910531
0.6913864069240278
0.6663312112292612
0.6632528799167162
0.6913864068731836
0.6663312113172521
0.663252880004067
0.6913864068746903
0.6663312113826692
0.6632528800928592
0.6913864068839725
0.6663312115093176
0.6632528801045368
0.6913864068289318
0.6663312116469615
0.6632528801403693
0.6913864067894795
0.6663312116917033
0.6632528802262014
0.6913864068145297
0.6663312116482673
0.6632528802223837
0.6913864068337943
0.6663312115499251
0.6632528801077415
0.6913864068130715
0.6663312114318878
0.663252880037358
0.6913864068288981
0.6663312113260831
0.6632528800445299
0.6913864068908716
0.6663312111287818
0.6632528799057764
0.6913864069205496
0.6663312111782586
0.6632528798985144
0.6913864068732355
0.666331211251544
0.663252879983135
0.6913864068836959
0.6663312114052613
0.6632528800839812
0.6913864068814319
0.6663312115685914
0.6632528801298125
0.6913864068215008
0.6663312116620563
0.6632528801631512
0.6913864067862963
0.6663312116611801
0.6632528802080958
0.6913864068198122
0.6663312116034965
0.6632528801912315
0.6913864068391843
0.6663312115461835
0.6632528801070476
0.6913864068104616
0.6663312114749201
0.6632528800751261
0.69138640682739
0.6663312113705218
0.6632528800592605
0.6913864068878413
0.6663312112147095
0.6632528799670218
0.6913864069120197
0.6663312110636346
0.6632528798451456
0.6913864068940991
0.6663312110128672
0.6632528798391351
0.6913864069213518
0.666331211059322
0.6632528798978237
0.6913864069510031
0.6663312115723926
0.6632528801378924
0.6913864068215019
0.6663312116223843
0.6632528801323123
0.6913864067904574
0.6663312116220811
0.663252880184962
0.6913864068238262
0.6663312116163737
0.6632528802040103
0.691386406833677
0.6663312115998744
0.6632528801438334
0.6913864068091646
0.6663312115077837
0.663252880072146
0.6913864068247457
0.6663312113133636
0.6632528800370785
0.6913864068949526
0.6663312111516362
0.6632528799496393
0.691386406914419
0.6663312110958088
0.6632528798615059
0.6913864068965634
0.6663312110885925
0.6632528798622688
0.6913864069137383
0.6663312110654086
0.6632528799043862
0.6913864069501211
0.6663312110579462
0.6632528798841854
0.6913864069247522
0.6663312111430819
0.6632528798769608
0.6913864068795679
0.6663312112944432
0.6632528799878219
0.6913864068790372
0.666331211450166
0.6632528801152869
0.6913864068734772
0.666331211600534
0.6632528801298277
0.6913864068083558
0.6663312114285643
0.6632528800508437
0.6913864068323116
0.6663312112835478
0.6632528800255053
0.6913864068952689
0.6663312112109872
0.6632528799732215
0.6913864069139992
0.6663312111563553
0.6632528798831543
0.6913864068906381
0.6663312110580901
0.6632528798605973
0.691386406915257
0.6663312109973181
0.6632528798787445
0.6913864069566005
0.6663312110552433
0.6632528798676613
0.6913864069280855
0.666331211187099
0.663252879900248
0.6913864068751697
0.6663312113310622
0.6632528800141816
0.6913864068713578
0.6663312114408793
0.6632528801085821
0.6913864068766773
0.6663312115250901
0.6632528801023059
0.6913864068251641
0.6663312115939064
0.6632528801222117
0.6913864067930089
0.666331211652746
0.6632528802078369
0.6913864068154998
0.6663312116799414
0.6632528802293104
0.6913864068322477
0.6663312111003605
0.6632528798709338
0.6913864068936513
0.6663312110122485
0.6632528798315132
0.6913864069226656
0.6663312110116342
0.6632528798769571
0.6913864069573057
0.6663312110982134
0.6632528799030672
0.6913864069244319
0.6663312112166231
0.6632528799144398
0.6913864068686963
0.6663312113050402
0.6632528799967384
0.6913864068779545
0.6663312113916147
0.6632528800755738
0.6913864068798883
0.6663312115090321
0.6632528801091434
0.6913864068259479
0.6663312116497364
0.6632528801462096
0.6913864067830028
0.6663312117082318
0.6632528802205186
0.6913864068149013
0.6663312116388529
0.6632528802106108
0.6913864068337263
0.6663312115260782
0.663252880107084
0.6913864068140794
0.6663312114353606
0.663252880048001
0.6913864068303526
0.666331211357057
0.6632528800524722
0.6913864068922733
0.6663312112412776
0.6632528799909698
0.6913864069107474
0.6663312111768048
0.6632528798896203
0.6913864068781477
0.666331211254833
0.6632528799756985
0.6913864068808948
0.6663312113993815
0.663252880095194
0.6913864068784014
0.6663312115860127
0.6632528801282642
0.6913864068163198
0.6663312116715814
0.6632528801516541
0.6913864067850011
0.6663312116394101
0.6632528801975454
0.6913864068185835
0.6663312115870677
0.6632528801889079
0.691386406836253
0.6663312115659183
0.6632528801144597
0.691386406810418
0.6663312115059323
0.6632528800749021
0.6913864068256801
0.666331211349322
0.6632528800643096
0.6913864068917175
0.666331211183973
0.663252879963339
0.6913864069131516
0.6663312110750809
0.6632528798468825
0.6913864069006819
0.6663312110345302
0.6632528798469047
0.6913864069207671
0.6663312110575087
0.6632528799130639
0.6913864069539818
0.6663312111139743
0.6632528799035444
0.6913864069199823
0.6663312115954242
0.663252880125445
0.6913864067899689
0.6663312116188136
0.6632528801817189
0.6913864068174778
0.6663312116518348
0.6632528802055679
0.6913864068319057
0.6663312116120075
0.6632528801411339
0.691386406805574
0.6663312114730096
0.6632528800740509
0.6913864068274161
0.6663312113036413
0.6632528800243938
0.6913864068927132
0.6663312111693929
0.6632528799541736
0.6913864069190819
0.6663312111090832
0.6632528798728161
0.6913864068960358
0.6663312110784616
0.6632528798760441
0.6913864069175804
0.6663312110572752
0.6632528798988192
0.6913864069519338
0.6663312110604369
0.6632528798779903
0.6913864069309825
0.6663312111331885
0.6632528798848634
0.6913864068801838
0.6663312112996238
0.6632528799983808
0.6913864068765418
0.6663312114724516
0.6632528801115662
0.6913864068714106
0.6663312115666851
0.6632528801272957
0.6913864068210658
0.6663312114342148
0.663252880034618
0.691386406827804
0.6663312113010054
0.6632528800320301
0.6913864068971888
0.6663312112149269
0.6632528799835681
0.6913864069115376
0.6663312111455506
0.6632528798886883
0.6913864068925437
0.6663312110604882
0.6632528798494366
0.6913864069185957
0.6663312109891221
0.663252879880961
0.6913864069627655
0.6663312110448545
0.6632528798836145
0.691386406929968
0.6663312112074927
0.663252879906342
0.691386406873328
0.6663312113441959
0.6632528800141946
0.6913864068745934
0.6663312114217649
0.6632528801013898
0.6913864068779687
0.6663312114983144
0.6632528801024111
0.6913864068261228
0.6663312116123448
0.6632528801173849
0.6913864067860926
0.6663312116873662
0.6632528802096633
0.6913864068147875
0.6663312116664792
0.6632528802278135
0.6913864068278442
0.6663312115732496
0.6632528801221074
0.6913864068084481
0.6663312109934096
0.6632528798402572
0.6913864069267351
0.6663312110163192
0.6632528798903927
0.6913864069581352
0.6663312111237178
0.6632528799050449
0.6913864069223649
0.6663312112160441
0.663252879917662
0.6913864068763773
0.6663312112739272
0.6632528799952806
0.6913864068811786
0.6663312113780014
0.6632528800801051
0.691386406882075
0.6663312115459459
0.6632528801048088
0.6913864068205372
0.6663312116626385
0.6632528801566273
0.6913864067860391
0.6663312116832535
0.663252880217509
0.6913864068117597
0.6663312116259829
0.6632528801957442
0.6913864068317914
0.6663312115387874
0.6632528800942818
0.691386406809132
0.6663312114484037
0.6632528800560802
0.6913864068301081
0.6663312113523938
0.6632528800596152
0.6913864068878182
0.6663312112420751
0.6632528799813664
0.691386406908535
0.6663312111004587
0.6632528798594804
0.6913864068971506
0.6663312112670452
0.6632528799782849
0.6913864068829823
0.6663312114335777
0.6632528800985009
0.6913864068764157
0.6663312115762291
0.6632528801455626
0.6913864068228011
0.666331211649756
0.6632528801449107
0.6913864067838436
0.666331211636949
0.6632528801831359
0.6913864068170459
0.6663312116021871
0.6632528801843721
0.691386406833707
0.6663312115683023
0.6632528801264677
0.6913864068090098
0.6663312115044284
0.6632528800743703
0.6913864068204079
0.6663312113588631
0.6632528800428794
0.691386406886954
0.6663312111689697
0.6632528799586819
0.6913864069164822
0.6663312110618924
0.663252879853613
0.6913864069000114
0.666331211054229
0.6632528798538022
0.6913864069190631
0.6663312110797188
0.6632528799098538
0.6913864069511317
0.6663312110968757
0.6632528799083254
0.6913864069292065
0.666331211142281
0.6632528798915085
0.6913864068808484
0.6663312116269829
0.6632528801907412
0.6913864068197731
0.6663312116478133
0.6632528802197489
0.6913864068304834
0.6663312116229916
0.6632528801308932
0.6913864068008163
0.6663312114735539
0.6632528800533557
0.6913864068230409
0.6663312112794757
0.6632528800271456
0.6913864068967479
0.6663312111717895
0.6632528799552202
0.6913864069134924
0.6663312111371464
0.6632528798728756
0.691386406891354
0.6663312110908934
0.6632528798676867
0.6913864069142603
0.6663312110222677
0.6632528799049002
0.6913864069604894
0.6663312110425368
0.6632528798745858
0.6913864069299884
0.666331211164199
0.6632528798850152
0.6913864068803244
0.6663312113149074
0.663252880011717
0.6913864068784725
0.6663312114535827
0.663252880126656
0.6913864068792805
0.6663312115513826
0.6632528801184399
0.6913864068213543
0.6663312116018074
0.6632528801152738
0.6913864067898785
0.6663312113178876
0.6632528800299223
0.6913864068889503
0.6663312112459434
0.663252879978051
0.6913864069063581
0.666331211137016
0.6632528798810245
0.6913864068899938
0.6663312110215022
0.6632528798519643
0.6913864069236724
0.6663312109986428
0.6632528798682624
0.6913864069573536
0.6663312110743642
0.6632528798861221
0.6913864069281527
0.6663312112068113
0.6632528799223895
0.6913864068766755
0.666331211324864
0.6632528800204146
0.6913864068801725
0.6663312114154443
0.6632528800905831
0.6913864068790709
0.6663312115079244
0.663252880098825
0.69138640682738
0.6663312116077118
0.6632528801403959
0.6913864067922517
0.6663312116924847
0.6632528802179518
0.6913864068134405
0.6663312116796771
0.6632528802150451
0.6913864068266166
0.6663312115566495
0.6632528801110122
0.6913864068071642
0.6663312114144648
0.6632528800422683
0.6913864068323701