0.6722964509943548
0.6692740864803817
0.6690040631603699
0.6722964509249534
0.6692740863417148
0.6690040628989254
0.672296450885343
0.6692740861598054
0.6690040625852054
0.6722964509490221
0.6692740862381759
0.6690040627450242
0.6722964510515164
0.6692740863665086
0.6690040630100464
0.672296451063644
0.6692740863588036
0.669004063006997
0.6722964509648011
0.6692740863084835
0.6690040628694709
0.6722964508736993
0.6692740862283717
0.6690040626900003
0.6722964508949036
0.6692740862529636
0.6690040627443482
0.672296450988575
0.669274086439126
0.6690040630958178
0.6722964510343205
0.6692740864479012
0.6690040631351558
0.6722964509932003
0.6692740862414863
0.6690040627816769
0.6722964509426694
0.6692740861590796
0.6690040626196907
0.6722964509550836
0.6692740862384485
0.6690040627528225
0.6722964510002626
0.6692740863813708
0.6690040630071555
0.672296451037034
0.6692740864454483
0.66900406313257
0.6722964509911675
0.6692740864400919
0.6690040630983656
0.6722964508944114
0.6692740862562409
0.6690040627487954
0.6722964508719274
0.6692740862288719
0.6690040626883622
0.6722964509636122
0.669274086304332
0.6690040628604601
0.6722964510623215
0.6692740863572476
0.6690040630029115
0.6722964510512349
0.669274086370174
0.669004063015644
0.6722964509517987
0.6692740862405264
0.6690040627501284
0.6722964508883915
0.6692740861589521
0.669004062585424
0.6722964509245684
0.6692740863405802
0.6690040628978852
0.6722964509924253
0.6692740864799493
0.6690040631602601
0.6722964510000371
0.669274086382762
0.6690040630105818
0.6722964509549281
0.6692740862410496
0.6690040627586433
0.6722964509409446
0.6692740861579811
0.6690040626190019
0.6722964509926389
0.6692740862377233
0.6690040627767825
0.6722964510277911
0.6692740863268339
0.6690040629347941
0.6722964510595971
0.6692740864340777
0.6690040631273206
0.6722964509789384
0.6692740863342488
0.6690040629241449
0.6722964508764461
0.6692740862659861
0.6690040627538397
0.6722964508769611
0.669274086261879
0.6690040627468389
0.672296450977754
0.6692740863291042
0.6690040629141791
0.6722964510559157
0.6692740864349201
0.6690040631264937
0.672296451027131
0.6692740863301159
0.6690040629390221
0.6722964509450676
0.669274086140567
0.6690040625886409
0.672296450917266
0.6692740862091008
0.6690040626822964
0.672296450961003
0.6692740863875031
0.6690040629919307
0.6722964509946907
0.6692740864484104
0.6690040631084552
0.6722964509621
0.6692740863897755
0.6690040629961644
0.6722964509151041
0.6692740862105853
0.6690040626846225
0.6722964509413227
0.6692740861395656
0.6690040625871196
0.6722964509505558
0.66927408623713
0.6690040627426317
0.672296451052447
0.6692740863651341
0.669004063007872
0.6722964510625226
0.6692740863586535
0.6690040630072163
0.6722964509644812
0.6692740863102272
0.6690040628724935
0.6722964508750553
0.6692740862299791
0.6690040626928504
0.6722964508949643
0.6692740862534637
0.6690040627457139
0.6722964509871632
0.6692740864389034
0.6690040630959833
0.6722964510344291
0.6692740864453403
0.6690040631311029
0.6722964509938787
0.6692740862376666
0.6690040627756266
0.6722964509411038
0.6692740861583977
0.669004062618918
0.6722964509534193
0.6692740862389732
0.6690040627537595
0.6722964510014835
0.669274086379376
0.6690040630038149
0.6722964509957274
0.6692740864809116
0.6690040631610845
0.6722964509239282
0.6692740863455747
0.6690040629043434
0.6722964508845377
0.6692740861617958
0.6690040625875782
0.6722964508728252
0.6692740862285099
0.6690040626881784
0.6722964509640175
0.6692740863034788
0.6690040628595113
0.6722964510610291
0.6692740863552893
0.6690040630003202
0.6722964510510048
0.669274086367821
0.6690040630120633
0.6722964509532221
0.6692740862397237
0.6690040627486099
0.6722964508885235
0.6692740861605939
0.669004062587887
0.6722964509235074
0.6692740863435083
0.6690040629028184
0.6722964509933411
0.6692740864813007
0.6690040631623926
0.6722964510017617
0.6692740863818432
0.6690040630088492
0.6722964509539364
0.6692740862414889
0.6690040627594167
0.6722964509389615
0.669274086159324
0.6690040626210932
0.6722964509931948
0.6692740862347932
0.6690040627719913
0.6722964510380381
0.6692740864420296
0.6690040631277026
0.6722964509899461
0.6692740864406552
0.6690040630998452
0.6722964508931775
0.6692740862576243
0.6690040627517652
0.6722964508777658
0.6692740862665371
0.6690040627547738
0.6722964508774614
0.6692740862642568
0.6690040627502892
0.6722964509763922
0.6692740863311567
0.6690040629170579
0.6722964510555949
0.6692740864336589
0.6690040631241427
0.672296451028287
0.6692740863273774
0.6690040629339875
0.6722964509445366
0.6692740861397835
0.6690040625864511
0.6722964509152533
0.6692740862100479
0.6690040626834817
0.6722964509612064
0.6692740863881796
0.6690040629928711
0.6722964509966006
0.6692740864480584
0.6690040631074241
0.6722964509620935
0.6692740863908135
0.6690040629975952
0.6722964509140406
0.6692740862142172
0.6690040626900624
0.6722964509423239
0.6692740861407139
0.6690040625881821
0.6722964510291736
0.6692740863253223
0.6690040629320858
0.6722964510590078
0.6692740864339204
0.669004063126857
0.6722964509783812
0.6692740863350367
0.6690040629257374
0.672296450965777
0.6692740863074294
0.6690040628680615
0.6722964508755804
0.6692740862301485
0.6690040626929519
0.6722964508936116
0.6692740862568636
0.669004062751062
0.6722964509870862
0.669274086440678
0.6690040630994454
0.6722964510362366
0.6692740864443751
0.669004063130447
0.6722964509941416
0.6692740862373374
0.6690040627752936
0.6722964509394218
0.6692740861585468
0.6690040626195539
0.672296450953173
0.66927408623805
0.6690040627530782
0.6722964510027045
0.6692740863774196
0.6690040630011507
0.6722964509954394
0.6692740864789481
0.6690040631586788
0.6722964509228203
0.6692740863457882
0.6690040629056478
0.6722964508851963
0.6692740861624056
0.6690040625890123
0.6722964509512679
0.6692740862366315
0.6690040627420654
0.6722964510512466
0.6692740863644552
0.6690040630064078
0.6722964510616611
0.6692740863571551
0.6690040630048719
0.6722964510522439
0.6692740863653204
0.669004063007954
0.6722964509537201
0.6692740862371078
0.6690040627441494
0.6722964508869171
0.6692740861611643
0.6690040625881679
0.6722964509229642
0.669274086344569
0.6690040629043285
0.672296450994887
0.669274086480534
0.6690040631616792
0.6722964510024094
0.6692740863821484
0.6690040630092529
0.6722964509530962
0.6692740862427019
0.6690040627610303
0.6722964509392386
0.6692740861595953
0.6690040626215452
0.6722964509942915
0.6692740862350836
0.6690040627719154
0.672296451037481
0.6692740864419385
0.6690040631268698
0.6722964509889265
0.6692740864402545
0.6690040630990731
0.6722964508941591
0.6692740862577062
0.6690040627519132
0.6722964508736841
0.6692740862299911
0.6690040626907081
0.6722964509627003
0.6692740863060307
0.6690040628630988
0.6722964510599929
0.6692740863565265
0.6690040630021026
0.6722964510571566
0.6692740864342723
0.6690040631256509
0.6722964510292908
0.6692740863261731
0.6690040629328242
0.672296450943456
0.6692740861394217
0.669004062585959
0.6722964509147806
0.6692740862102937
0.6690040626835446
0.6722964509621651
0.6692740863871517
0.6690040629914823
0.6722964509965299
0.6692740864480837
0.6690040631074994
0.672296450961082
0.6692740863918422
0.6690040629989729
0.6722964509145365
0.669274086213806
0.6690040626896923
0.6722964509433549
0.6692740861409886
0.6690040625886036
0.6722964510281062
0.6692740863266131
0.6690040629334694
0.6722964510575362
0.6692740864332776
0.6690040631252163
0.6722964509793509
0.6692740863322554
0.6690040629209452
0.6722964508788819
0.6692740862652544
0.6690040627529289
0.672296450876408
0.6692740862659172
0.6690040627528071
0.672296450975597
0.6692740863339953
0.6690040629218151
0.6722964509881828
0.6692740864411223
0.6690040631001264
0.6722964510367807
0.6692740864447
0.6690040631316214
0.6722964509930334
0.6692740862372137
0.6690040627756593
0.6722964509392224
0.6692740861582446
0.6690040626189362
0.672296450954075
0.6692740862368322
0.6690040627513012
0.6722964510020167
0.6692740863771849
0.6690040630008828
0.6722964509938947
0.669274086479857
0.669004063159711
0.6722964509234424
0.6692740863447142
0.6690040629041194
0.672296450886808
0.6692740861617347
0.6690040625885961
0.6722964509506624
0.6692740862392599
0.6690040627466785
0.6722964510499443
0.6692740863667423
0.6690040630102727
0.6722964510627298
0.6692740863555162
0.6690040630024393
0.6722964509670354
0.6692740863047203
0.6690040628643139
0.672296450874607
0.6692740862287732
0.6690040626907165
0.6722964508926577
0.6692740862568521
0.6690040627509422
0.6722964509240265
0.6692740863440823
0.6690040629025347
0.6722964509950902
0.6692740864823874
0.6690040631639049
0.6722964510010947
0.6692740863841251
0.6690040630120478
0.6722964509533331
0.6692740862435611
0.6690040627616178
0.672296450940965
0.6692740861593461
0.6690040626206281
0.672296450994025
0.6692740862353215
0.6690040627720955
0.6722964510356859
0.669274086442958
0.6690040631277376
0.6722964509891094
0.6692740864385385
0.6690040630956985
0.6722964508956248
0.6692740862543247
0.6690040627464646
0.6722964508731759
0.6692740862300981
0.6690040626910346
0.6722964509613889
0.6692740863090814
0.6690040628680212
0.6722964510608983
0.6692740863579569
0.6690040630043125
0.6722964510534152
0.6692740863658195
0.669004063009073
0.6722964509528434
0.6692740862374775
0.6690040627445578
0.6722964508861471
0.6692740861603859
0.6690040625864728
0.6722964509159135
0.6692740862066424
0.6690040626780857
0.6722964509622036
0.6692740863860303
0.6690040629898879
0.672296450994605
0.6692740864484463
0.6690040631086409
0.6722964509608649
0.6692740863911748
0.6690040629982049
0.6722964509165567
0.6692740862128439
0.6690040626885285
0.6722964509438552
0.6692740861416667
0.6690040625906613
0.6722964510268696
0.6692740863292845
0.6690040629385644
0.6722964510577996
0.6692740864344604
0.6690040631275449
0.6722964509806967
0.6692740863299586
0.6690040629175825
0.6722964508783704
0.6692740862628238
0.6690040627493226
0.6722964508750735
0.6692740862655674
0.6690040627522635
0.6722964509762253
0.6692740863334002
0.6690040629204936
0.6722964510578554
0.6692740864345659
0.6690040631261227
0.6722964510279539
0.6692740863278278
0.6690040629356221
0.6722964509425056
0.669274086138429
0.6690040625851411
0.6722964509412432
0.6692740861570527
0.6690040626171923
0.6722964509551161
0.6692740862364456
0.6690040627504945
0.672296451000362
0.6692740863781907
0.6690040630026204
0.6722964509930338
0.6692740864786242
0.6690040631577797
0.6722964509245639
0.6692740863419653
0.6690040628994691
0.672296450886747
0.6692740861602207
0.6690040625862167
0.672296450949279
0.6692740862401949
0.669004062748366
0.6722964510501679
0.6692740863692955
0.6690040630142098
0.6722964510639966
0.6692740863574169
0.6690040630048971
0.672296450966623
0.6692740863053507
0.6690040628648364
0.6722964508736705
0.6692740862289837
0.6690040626907722
0.6722964508938356
0.6692740862553923
0.6690040627480045
0.6722964509893826
0.6692740864404898
0.6690040630985246
0.6722964510357734
0.6692740864480626
0.6690040631363613
0.6722964509924995
0.6692740862402691
0.6690040627807563
0.6722964509549232
0.6692740862430293
0.66900406276081
0.6722964509424411
0.6692740861599615
0.6690040626212415
0.6722964509933234
0.6692740862390527
0.6690040627778653
0.67229645103556
0.6692740864454114
0.6690040631316354
0.6722964509904655
0.6692740864387352
0.6690040630956116
0.6722964508955578
0.6692740862537707
0.6690040627449672
0.6722964508718817
0.6692740862283854
0.669004062687907
0.6722964509617537
0.6692740863074975
0.6690040628652762
0.6722964510620149
0.6692740863583174
0.6690040630044964
0.6722964510525329
0.6692740863672291
0.6690040630112384
0.6722964509513749
0.6692740862384973
0.6690040627468832
0.6722964508869221
0.6692740861584119
0.6690040625842139
0.6722964509249789
0.669274086340211
0.6690040628971041
0.6722964509936713
0.6692740864816769
0.6690040631628312
0.6722964509998475
0.6692740863860076
0.6690040630152573
0.6722964509610876
0.6692740863884326
0.669004062993912
0.6722964509165439
0.669274086209513
0.6690040626832923
0.6722964509423179
0.6692740861412849
0.6690040625902538
0.6722964510265048
0.6692740863295374
0.669004062939495
0.6722964510591181
0.6692740864349267
0.6690040631287775
0.6722964509805982
0.6692740863322435
0.6690040629212322
0.6722964508771525
0.6692740862633477
0.6690040627502065
0.672296450875767
0.6692740862627442
0.6690040627483426
0.6722964509777711
0.6692740863314592
0.6690040629178307
0.6722964510573228
0.6692740864354372
0.6690040631275764
0.6722964510267352
0.6692740863305078
0.6690040629400951
0.672296450943527
0.6692740861402287
0.6690040625882937
0.672296450917323
0.6692740862057558
0.669004062676978
0.6722964509612164
0.6692740863847164
0.6690040629875219
0.6722964509929854
0.6692740864483494
0.6690040631083527