0.6719052196128802
0.6662881136118914
0.6781022344083392
0.6719052196151112
0.6662881136348193
0.6781022344438853
0.6719052196265454
0.6662881136944737
0.6781022345375812
0.6719052196507422
0.6662881137462369
0.6781022346245213
0.6719052196746156
0.6662881137570421
0.6781022346520131
0.6719052196726898
0.6662881137280237
0.6781022346093342
0.6719052196381541
0.6662881136837999
0.6781022345258909
0.6719052196000737
0.6662881136489089
0.6781022344539256
0.6719052195957805
0.6662881136407803
0.6781022344410362
0.6719052196246691
0.666288113660287
0.6781022344848553
0.6719052196579562
0.6662881137041339
0.6781022345640184
0.6719052196713254
0.6662881137519754
0.6781022346410499
0.6719052196616383
0.6662881137664136
0.678102234659258
0.6719052196415399
0.6662881137271102
0.6781022345915155
0.6719052196220343
0.6662881136543461
0.6781022344747745
0.6719052196408226
0.6662881136828886
0.6781022345278848
0.6719052196224414
0.6662881136344463
0.6781022344490752
0.6719052196049786
0.6662881136322134
0.6781022344367073
0.6719052196100981
0.666288113672642
0.678102234497806
0.6719052196440263
0.6662881137233686
0.6781022345903565
0.6719052196786304
0.6662881137507654
0.6781022346491441
0.6719052196800517
0.6662881137456222
0.6781022346411992
0.6719052196470772
0.6662881137157413
0.6781022345797054
0.6719052196124944
0.6662881136760427
0.6781022345054027
0.6719052196016502
0.6662881136394732
0.6781022344464169
0.6719052196169182
0.6662881136346868
0.6781022344444807
0.6719052196436304
0.6662881136801743
0.6781022345246679
0.6719052196620074
0.666288113746522
0.6781022346331594
0.6719052196650671
0.6662881137814514
0.6781022346847287
0.6719052196556455
0.6662881137510032
0.6781022346339243
0.6719052196675224
0.6662881137606713
0.6781022346544054
0.6719052196603623
0.666288113711312
0.6781022345802423
0.6719052196289798
0.6662881136572758
0.6781022344830555
0.6719052195981521
0.6662881136360712
0.6781022344348313
0.6719052196005875
0.6662881136558712
0.678102234467453
0.6719052196353434
0.6662881136941102
0.678102234542563
0.6719052196707206
0.6662881137302892
0.678102234612034
0.6719052196779977
0.666288113751903
0.6781022346473489
0.671905219657724
0.6662881137472894
0.6781022346328553
0.6719052196272854
0.6662881137019103
0.6781022345513238
0.6719052196083646
0.6662881136396033
0.6781022344479898
0.6719052196128381
0.666288113616772
0.6781022344172183
0.6719052196296286
0.6662881136542025
0.6781022344828076
0.6719052196459727
0.6662881137241674
0.6781022345915825
0.6719052196589798
0.666288113770459
0.6781022346630605
0.6719052196506694
0.6662881137452178
0.6781022346223085
0.6719052196767357
0.6662881137588965
0.678102234658356
0.671905219671707
0.6662881137272667
0.6781022346066385
0.6719052196354531
0.6662881136803116
0.6781022345164824
0.6719052196014335
0.6662881136498287
0.6781022344570082
0.6719052195972802
0.666288113642074
0.6781022344447303
0.6719052196230595
0.6662881136586614
0.6781022344791158
0.6719052196557995
0.6662881137006142
0.6781022345563804
0.6719052196728195
0.666288113752927
0.6781022346443579
0.6719052196632669
0.6662881137685215
0.6781022346630325
0.6719052196382049
0.6662881137219929
0.6781022345801345
0.6719052196211102
0.6662881136533175
0.6781022344716996
0.6719052196151972
0.6662881136144394
0.678102234414965
0.671905219614497
0.666288113632602
0.678102234440523
0.6719052196244921
0.6662881136918735
0.6781022345293906
0.6719052196094086
0.6662881136701597
0.6781022344915721
0.6719052196451598
0.6662881137224383
0.678102234590428
0.6719052196773859
0.6662881137478469
0.6781022346421597
0.6719052196771984
0.6662881137406818
0.6781022346282738
0.6719052196477064
0.6662881137143895
0.6781022345776841
0.6719052196128792
0.6662881136741969
0.6781022345031742
0.671905219599263
0.6662881136360146
0.6781022344365161
0.6719052196144623
0.6662881136301484
0.6781022344336631
0.6719052196439838
0.6662881136776703
0.6781022345207007
0.671905219662884
0.6662881137464858
0.678102234631419
0.6719052196613288
0.6662881137752137
0.6781022346698955
0.6719052196535547
0.6662881137471011
0.6781022346245595
0.6719052196424353
0.6662881136840678
0.678102234529816
0.6719052196211631
0.6662881136308625
0.6781022344416534
0.6719052196022608
0.6662881136278122
0.6781022344247194
0.6719052195989461
0.6662881136383818
0.6781022344397237
0.6719052196026644
0.6662881136587018
0.6781022344755567
0.6719052196351103
0.6662881136943766
0.6781022345429745
0.6719052196693018
0.6662881137296082
0.6781022346087067
0.6719052196802586
0.6662881137556447
0.678102234655919
0.6719052196593194
0.6662881137490728
0.678102234639137
0.6719052196260145
0.6662881137018699
0.6781022345497909
0.6719052196081439
0.6662881136411701
0.6781022344500767
0.6719052196148015
0.6662881136186756
0.6781022344240811
0.6719052196316759
0.6662881136577458
0.6781022344904798
0.6719052196442639
0.6662881137231144
0.6781022345887321
0.6719052196586317
0.6662881137701724
0.6781022346636731
0.6719052196708506
0.6662881137656949
0.6781022346658716
0.6719052196604336
0.6662881137117553
0.6781022345818208
0.6719052196274038
0.6662881136565852
0.6781022344806088
0.6719052196367779
0.6662881136838984
0.6781022345248279
0.6719052196040569
0.6662881136544131
0.6781022344685022
0.671905219597134
0.6662881136430299
0.678102234446723
0.6719052196214822
0.6662881136580948
0.6781022344773058
0.6719052196585897
0.6662881137062489
0.6781022345691365
0.6719052196752596
0.6662881137565746
0.6781022346547652
0.6719052196620003
0.6662881137679801
0.6781022346616433
0.6719052196387447
0.6662881137251995
0.6781022345854048
0.6719052196238421
0.6662881136572923
0.6781022344830578
0.6719052196171618
0.6662881136186497
0.6781022344248717
0.6719052196132498
0.6662881136336116
0.6781022344411329
0.6719052196246009
0.6662881136927448
0.6781022345325166
0.6719052196545887
0.6662881137512155
0.6781022346365766
0.6719052196771966
0.6662881137605345
0.678102234662005
0.6719052196700275
0.6662881137267223
0.6781022346048107
0.6719052196773164
0.6662881137396652
0.6781022346265642
0.6719052196494659
0.6662881137154314
0.6781022345805694
0.6719052196117267
0.666288113672004
0.6781022344967849
0.6719052195957766
0.6662881136304349
0.6781022344237624
0.6719052196152738
0.6662881136309871
0.6781022344353153
0.6719052196452977
0.6662881136783305
0.6781022345227504
0.6719052196596209
0.6662881137404648
0.6781022346180294
0.6719052196598241
0.6662881137728369
0.6781022346623398
0.6719052196546723
0.6662881137464395
0.6781022346248131
0.6719052196423227
0.6662881136824511
0.6781022345274479
0.6719052196183477
0.6662881136275889
0.6781022344315896
0.6719052196006552
0.6662881136243526
0.6781022344169861
0.6719052196116664
0.6662881136715614
0.6781022344960427
0.6719052196444466
0.6662881137206222
0.6781022345858543
0.6719052196742182
0.6662881137429144
0.6781022346299076
0.671905219669332
0.6662881137279413
0.6781022346059988
0.6719052196818093
0.6662881137555485
0.6781022346571504
0.6719052196583677
0.666288113747213
0.6781022346331095
0.6719052196225971
0.666288113696037
0.6781022345367719
0.6719052196084454
0.6662881136403553
0.6781022344487202
0.6719052196163466
0.6662881136200506
0.6781022344263725
0.671905219628298
0.6662881136520036
0.6781022344774166
0.6719052196423527
0.6662881137205174
0.6781022345807044
0.6719052196598532
0.6662881137703087
0.6781022346645631
0.6719052196705251
0.6662881137631107
0.6781022346620151
0.6719052196579536
0.6662881137082763
0.6781022345715467
0.6719052196260384
0.6662881136535518
0.6781022344730976
0.6719052196008402
0.6662881136391743
0.6781022344435419
0.6719052196019462
0.6662881136570669
0.6781022344718234
0.6719052196319315
0.6662881136897341
0.6781022345308833
0.6719052196230626
0.6662881136615237
0.6781022344852131
0.6719052196612965
0.6662881137100007
0.6781022345798389
0.6719052196756243
0.6662881137591385
0.6781022346589344
0.6719052196606772
0.6662881137675345
0.6781022346607287
0.6719052196408082
0.6662881137278854
0.6781022345935933
0.6719052196275357
0.6662881136632398
0.6781022344962462
0.6719052196157386
0.666288113617574
0.6781022344230798
0.6719052196128332
0.6662881136350287
0.6781022344437231
0.6719052196279083
0.6662881136988987
0.6781022345464895
0.6719052196557994
0.6662881137532435
0.6781022346430621
0.6719052196761736
0.6662881137607798
0.6781022346609045
0.6719052196703694
0.6662881137284606
0.6781022346076561
0.6719052196399907
0.6662881136888541
0.6781022345378632
0.6719052196046655
0.6662881136566596
0.6781022344737291
0.6719052195952946
0.6662881136428924
0.6781022344439555
0.6719052195972781
0.6662881136335046
0.6781022344303558
0.671905219617771
0.6662881136341694
0.6781022344451696
0.6719052196450565
0.6662881136799833
0.6781022345252137
0.6719052196582513
0.6662881137406755
0.678102234617016
0.6719052196614791
0.6662881137748489
0.6781022346688518
0.67190521965821
0.6662881137521894
0.6781022346373249
0.6719052196408839
0.6662881136813545
0.6781022345248275
0.6719052196171866
0.666288113626716
0.6781022344300398
0.6719052196039339
0.666288113630075
0.678102234429851
0.6719052196128413
0.6662881136738026
0.6781022345021365
0.6719052196427369
0.6662881137194951
0.6781022345823122
0.6719052196739421
0.6662881137435037
0.6781022346307002
0.671905219680211
0.6662881137439016
0.6781022346379222
0.671905219650065
0.6662881137165484
0.6781022345840478
0.6719052196095359
0.6662881136701286
0.6781022344909402
0.6719052196224461
0.6662881136946511
0.6781022345327103
0.6719052196094158
0.6662881136390385
0.6781022344480276
0.671905219614215
0.6662881136160649
0.6781022344169577
0.6719052196254679
0.6662881136480402
0.6781022344658485
0.67190521964185
0.6662881137172934
0.6781022345749477
0.6719052196611542
0.6662881137709549
0.6781022346658556
0.6719052196678135
0.6662881137590371
0.6781022346511791
0.6719052196549109
0.6662881137020875
0.6781022345579254
0.6719052196276651
0.6662881136537474
0.6781022344739505
0.6719052196010596
0.6662881136379408
0.6781022344408294
0.671905219599074
0.666288113652348
0.6781022344599881
0.6719052196300908
0.666288113686107
0.6781022345224881
0.6719052196706488
0.6662881137283888
0.6781022346077759
0.6719052196814017
0.6662881137535697
0.6781022346527866
0.6719052196546941
0.6662881137408104
0.678102234617656
0.6719052196609667
0.6662881137682144
0.6781022346610803
0.6719052196424593
0.6662881137289991
0.678102234597185
0.6719052196257722
0.6662881136600267
0.6781022344892857
0.6719052196140516
0.6662881136158537
0.6781022344163906
0.6719052196130795
0.6662881136335572
0.6781022344418732
0.6719052196290625
0.6662881136994943
0.6781022345493276
0.6719052196539905
0.6662881137517997
0.6781022346379276
0.6719052196739151
0.6662881137570633
0.6781022346524532
0.6719052196721529
0.6662881137292023
0.6781022346108224
0.6719052196405806
0.6662881136886325
0.6781022345377272
0.6719052196026037
0.6662881136538548
0.6781022344662476
0.6719052195943336
0.6662881136408226
0.678102234439953
0.6719052196247081
0.666288113662864
0.6781022344889253
0.6719052196615332
0.6662881137102543
0.6781022345793966
0.6719052196725215
0.6662881137547769
0.678102234648481
0.6719052196600463
0.6662881137448904
0.6781022346271305
0.6719052196651318
0.6662881137810909
0.678102234683855
0.6719052196576796
0.6662881137522965
0.6781022346389293
0.6719052196408544
0.6662881136838315
0.6781022345283738
0.6719052196196051
0.6662881136309322
0.6781022344404615
0.6719052196062193
0.6662881136336648
0.6781022344404275
0.6719052196124831
0.6662881136760163
0.6781022345052883
0.6719052196422528
0.6662881137211122
0.6781022345845718
0.6719052196769837
0.6662881137488188
0.6781022346439338
0.6719052196815598
0.6662881137472785
0.6781022346458119
0.6719052196489207
0.6662881137176571
0.6781022345846267
0.6719052196102877
0.6662881136724601
0.6781022344970358
0.6719052196003507
0.6662881136379583
0.678102234442193
0.6719052196193713
0.6662881136378798
0.6781022344527274
0.6719052196433661
0.6662881136789974
0.678102234523819
0.6719052196260998
0.6662881136487401
0.6781022344683207
0.6719052196451489
0.6662881137221093
0.6781022345855172
0.6719052196596572
0.6662881137686482
0.6781022346613865
0.6719052196662993
0.6662881137580154
0.678102234647446
0.6719052196567908
0.6662881137051788
0.6781022345648731
0.6719052196291746
0.6662881136550179
0.6781022344790968
0.671905219599789
0.6662881136364742
0.6781022344364616
0.6719052195978978
0.6662881136511438
0.6781022344558442
0.6719052196326399
0.6662881136893339
0.6781022345312147
0.6719052196712936
0.6662881137291614
0.6781022346106319
0.6719052196790244
0.6662881137517483
0.6781022346464264
0.6719052196546957
0.6662881137414183
0.6781022346187264
0.6719052196246768
0.666288113696827
0.6781022345395153
0.6719052196101098
0.6662881136407681
0.6781022344503193
0.6719052196116106
0.6662881136128544
0.6781022344094532