0.6654290767803245
0.6647382034150786
0.6942976483650675
0.6654290767896021
0.6647382034051244
0.6942976483385555
0.6654290767859898
0.6647382034119487
0.6942976483298011
0.6654290767598459
0.664738203447888
0.69429764837172
0.6654290767382653
0.6647382034827736
0.694297648416047
0.665429076738437
0.6647382034895478
0.6942976484197142
0.6654290767596062
0.6647382034537098
0.6942976483795329
0.6654290767860388
0.6647382034042442
0.694297648330188
0.6654290767917815
0.6647382033996689
0.6942976483249195
0.6654290767817028
0.6647382034239528
0.6942976483528045
0.6654290767582123
0.6647382034573335
0.6942976483924834
0.6654290767510701
0.6647382034592914
0.6942976483872569
0.6654290767483961
0.664738203467468
0.6942976483749502
0.6654290767578969
0.6647382034586229
0.6942976483668548
0.665429076762748
0.6647382034478595
0.6942976483827381
0.6654290767729394
0.6647382034343453
0.6942976483753813
0.6654290767453159
0.6647382034703153
0.6942976484055967
0.6654290767445781
0.664738203471396
0.6942976483871373
0.6654290767555014
0.66473820345556
0.6942976483668982
0.6654290767593591
0.6647382034491806
0.694297648378179
0.6654290767697553
0.6647382034372926
0.6942976483809905
0.665429076787645
0.6647382034150683
0.6942976483521397
0.6654290767974433
0.6647382033946252
0.6942976483162175
0.6654290767710327
0.6647382034278686
0.6942976483455958
0.6654290767450741
0.6647382034692667
0.6942976483994402
0.6654290767328772
0.6647382034950089
0.6942976484361487
0.665429076749436
0.6647382034666959
0.6942976484020231
0.6654290767687369
0.6647382034339837
0.6942976483502366
0.665429076794925
0.6647382033989646
0.6942976483079213
0.6654290767952572
0.6647382034051025
0.6942976483286721
0.6654290767445366
0.6647382034798703
0.6942976484073399
0.6654290767325148
0.6647382034937184
0.6942976484324853
0.6654290767540514
0.6647382034581859
0.6942976483826137
0.6654290767905595
0.6647382034045025
0.6942976483137366
0.6654290767957589
0.6647382033957918
0.6942976483196955
0.6654290767787212
0.664738203419847
0.6942976483651857
0.6654290767570499
0.6647382034591078
0.6942976483952392
0.6654290767535109
0.6647382034669761
0.6942976483798284
0.6654290767459833
0.6647382034706384
0.6942976483814693
0.6654290767540544
0.664738203451618
0.6942976483792359
0.6654290767662816
0.6647382034414981
0.6942976483808383
0.6654290767838751
0.6647382034200208
0.6942976483622558
0.6654290767838007
0.6647382034132321
0.694297648349294
0.6654290767819038
0.6647382034102397
0.6942976483318707
0.6654290767674944
0.6647382034396938
0.6942976483537316
0.6654290767614873
0.6647382034470974
0.6942976483730666
0.665429076776964
0.6647382034300624
0.6942976483709933
0.6654290767852216
0.6647382034178806
0.6942976483541858
0.6654290767878831
0.664738203407916
0.6942976483303238
0.6654290767716653
0.6647382034291925
0.6942976483489037
0.6654290767543477
0.6647382034547507
0.6942976483821528
0.6654290767339823
0.6647382034898226
0.6942976484205089
0.6654290767434379
0.6647382034786964
0.6942976484063033
0.6654290767692727
0.6647382034401976
0.6942976483607091
0.6654290767999111
0.6647382033895018
0.694297648305086
0.665429076794732
0.664738203397605
0.6942976483189978
0.6654290767707499
0.6647382034373864
0.6942976483748093
0.6654290767467441
0.6647382034738669
0.6942976484158473
0.6654290767431915
0.6647382034726025
0.6942976483991905
0.6654290767505354
0.6647382034581366
0.694297648373247
0.6654290767919224
0.6647382033961157
0.6942976483141159
0.6654290767902096
0.6647382034060753
0.6942976483323355
0.6654290767636872
0.6647382034516305
0.6942976483924082
0.6654290767423502
0.6647382034781946
0.694297648417691
0.665429076738679
0.6647382034804221
0.6942976483979966
0.665429076763144
0.6647382034441556
0.694297648352909
0.6654290767712805
0.664738203432676
0.6942976483635632
0.665429076775407
0.66473820342559
0.6942976483791903
0.6654290767801232
0.6647382034227025
0.6942976483644161
0.6654290767879337
0.6647382034118208
0.6942976483245381
0.6654290767677375
0.6647382034378755
0.6942976483426527
0.665429076740297
0.6647382034778798
0.6942976483987457
0.6654290767364806
0.6647382034894803
0.6942976484246279
0.6654290767578476
0.6647382034582141
0.6942976483918011
0.6654290767828254
0.6647382034120297
0.6942976483358753
0.6654290767689085
0.6647382034349085
0.6942976483406361
0.6654290767571273
0.6647382034502243
0.6942976483578509
0.665429076737877
0.6647382034834445
0.6942976484195478
0.6654290767429123
0.6647382034785366
0.6942976484256937
0.6654290767660015
0.664738203445117
0.6942976483685797
0.6654290767991256
0.6647382033925017
0.6942976482977199
0.6654290767973683
0.6647382033931035
0.6942976483131443
0.6654290767731561
0.6647382034282368
0.6942976483747
0.6654290767461528
0.6647382034705605
0.6942976484209435
0.6654290767405803
0.6647382034794086
0.6942976484101366
0.6654290767494375
0.664738203464826
0.6942976483751379
0.6654290767640205
0.6647382034432039
0.6942976483536819
0.6654290767801676
0.6647382034221959
0.694297648354658
0.6654290767841348
0.6647382034197103
0.6942976483678862
0.6654290767828587
0.6647382034185061
0.6942976483521163
0.6654290767412874
0.6647382034807504
0.6942976483969406
0.6654290767607778
0.6647382034451743
0.6942976483555088
0.6654290767683773
0.6647382034344002
0.6942976483613004
0.6654290767804267
0.66473820342132
0.6942976483649181
0.6654290767840368
0.6647382034196001
0.6942976483586148
0.6654290767812301
0.6647382034209033
0.6942976483399158
0.6654290767624932
0.6647382034469196
0.6942976483515946
0.6654290767468254
0.6647382034707797
0.6942976483850182
0.6654290767412803
0.6647382034789695
0.6942976484172068
0.6654290767506755
0.6647382034634017
0.6942976484099066
0.6654290767774751
0.6647382034221954
0.694297648351492
0.6654290767978042
0.6647382033923099
0.6942976483060201
0.6654290767951252
0.6647382033958753
0.6942976483215773
0.6654290767609053
0.664738203450532
0.6942976483944681
0.6654290767414273
0.6647382034818178
0.6942976484205432
0.6654290767662367
0.6647382034441784
0.6942976483859788
0.6654290767949049
0.6647382033969578
0.694297648323311
0.665429076794883
0.6647382033959164
0.6942976483114209
0.6654290767779139
0.6647382034216297
0.6942976483492884
0.6654290767505491
0.6647382034643605
0.6942976484081128
0.665429076737112
0.6647382034844926
0.6942976484234326
0.6654290767457071
0.6647382034712555
0.694297648387524
0.6654290767681724
0.6647382034388877
0.6942976483431449
0.6654290767853326
0.6647382034155518
0.6942976483334128
0.6654290767819937
0.664738203422113
0.6942976483613537
0.6654290767784681
0.6647382034241558
0.6942976483673466
0.6654290767685791
0.6647382034353244
0.694297648360956
0.6654290767581189
0.6647382034491252
0.6942976483606618
0.6654290767379523
0.6647382034838927
0.6942976484029143
0.6654290767442472
0.6647382034771028
0.6942976484156544
0.66542907678405
0.6647382034192597
0.6942976483672376
0.6654290767748654
0.6647382034301623
0.6942976483649477
0.6654290767613162
0.6647382034473975
0.6942976483591545
0.6654290767514017
0.6647382034620807
0.6942976483706866
0.6654290767417319
0.6647382034781877
0.6942976484068899
0.6654290767461464
0.6647382034709117
0.6942976484215697
0.6654290767756559
0.6647382034242022
0.6942976483726051
0.6654290767993776
0.6647382033896976
0.6942976483114409
0.6654290767959525
0.6647382033972822
0.6942976483023449
0.6654290767618403
0.6647382034514783
0.69429764837249
0.6654290767432163
0.6647382034781808
0.6942976484228858
0.6654290767394758
0.664738203481475
0.6942976484179868
0.6654290767568581
0.6647382034510924
0.6942976483609065
0.6654290767707259
0.6647382034319256
0.6942976483379375
0.6654290767872044
0.6647382034111158
0.6942976483429457
0.6654290767530234
0.6647382034640366
0.6942976483989636
0.6654290767327449
0.6647382034943233
0.6942976484323735
0.6654290767434985
0.6647382034738869
0.694297648394907
0.665429076771916
0.6647382034317807
0.6942976483357215
0.6654290767880062
0.6647382034110607
0.6942976483238302
0.6654290767805526
0.664738203422472
0.6942976483635228
0.6654290767771904
0.6647382034236763
0.6942976483766274
0.6654290767685015
0.6647382034360046
0.694297648368866
0.6654290767575906
0.6647382034512694
0.6942976483619866
0.6654290767391251
0.6647382034800682
0.6942976483957153
0.6654290767476307
0.6647382034708228
0.6942976484081469
0.6654290767651895
0.6647382034488367
0.6942976483918271
0.6654290767886174
0.6647382034086078
0.694297648337175
0.6654290767930221
0.6647382033961206
0.694297648311437
0.6654290767833
0.6647382034119135
0.6942976483324189
0.6654290767415458
0.6647382034742894
0.6942976484026075
0.6654290767489368
0.6647382034698401
0.6942976484131315
0.6654290767757913
0.664738203430594
0.6942976483666643
0.6654290767942685
0.664738203398547
0.6942976483197743
0.6654290767948765
0.6647382033960416
0.6942976483132796
0.6654290767679519
0.6647382034422742
0.694297648362119
0.6654290767448019
0.6647382034781415
0.6942976484032439
0.6654290767322439
0.6647382034927891
0.6942976484236999
0.6654290767533682
0.6647382034553778
0.6942976483849681
0.6654290767764234
0.6647382034220919
0.6942976483419789
0.6654290767917643
0.6647382034024326
0.69429764832454
0.6654290767820699
0.6647382034215564
0.6942976483599541
0.6654290767730067
0.6647382034350616
0.6942976483769767
0.6654290767621363
0.6647382034471799
0.6942976483701938
0.665429076750989
0.6647382034585592
0.6942976483714951
0.6654290767827369
0.6647382034093684
0.6942976483323041
0.6654290767868898
0.6647382034087485
0.6942976483432035
0.6654290767839797
0.6647382034198284
0.694297648359839
0.6654290767609996
0.664738203449197
0.6942976483889736
0.6654290767506184
0.6647382034561384
0.6942976483857095
0.6654290767485826
0.664738203466031
0.6942976483772847
0.6654290767565729
0.664738203462423
0.6942976483738498
0.6654290767574927
0.6647382034592465
0.694297648393678
0.6654290767802796
0.6647382034181524
0.6942976483626508
0.6654290767976325
0.6647382033929599
0.6942976483173658
0.665429076787621
0.664738203408595
0.69429764831917
0.6654290767488787
0.6647382034656982
0.6942976483906398
0.6654290767320663
0.6647382034941941
0.6942976484320512
0.6654290767473341
0.6647382034756393
0.6942976484028367
0.6654290767683735
0.664738203438658
0.6942976483544661
0.6654290767937807
0.6647382034012188
0.6942976483102705
0.6654290767698984
0.6647382034334065
0.6942976483462651
0.6654290767468037
0.6647382034703387
0.6942976484044615
0.6654290767296549
0.6647382034995407
0.6942976484423052
0.6654290767480935
0.6647382034656817
0.6942976483971517
0.6654290767758091
0.6647382034207687
0.6942976483395695
0.6654290767967201
0.6647382033942419
0.6942976483171704
0.6654290767850984
0.6647382034186261
0.6942976483547395
0.6654290767701985
0.6647382034380835
0.6942976483790466
0.6654290767584101
0.6647382034509612
0.6942976483798511
0.6654290767516651
0.6647382034602525
0.6942976483733558
0.6654290767452395
0.6647382034704329
0.6942976483848232
0.6654290767513644
0.6647382034620581
0.6942976483944288
0.6654290767751451
0.6647382034302883
0.6942976483726808
0.6654290767919491
0.6647382034087302
0.6942976483362954
0.6654290767575162
0.6647382034591804
0.6942976483664965
0.6654290767509092
0.6647382034647189
0.6942976483696671
0.6654290767511561
0.6647382034587448
0.694297648387156
0.6654290767597049
0.6647382034543283
0.6942976483909516
0.6654290767863702
0.6647382034180149
0.6942976483460248
0.6654290767921744
0.6647382034000537
0.6942976483245082
0.6654290767804736
0.6647382034112601
0.6942976483386738
0.6654290767567137
0.6647382034565977
0.6942976483833623
0.6654290767405326
0.6647382034870034
0.6942976484165994
0.665429076738692
0.6647382034829781
0.6942976484171833
0.6654290767589217
0.6647382034489716
0.6942976483743015
0.6654290767895173
0.6647382034069722
0.6942976483229802
0.6654290767936385
0.6647382034003401
0.6942976483310221
0.6654290767770462
0.6647382034198616
0.6942976483712419
0.6654290767566382
0.6647382034555879
0.6942976483933585
0.6654290767496445
0.6647382034649366
0.6942976483969219
0.6654290767787455
0.6647382034253293
0.6942976483457584
0.6654290767929403
0.6647382033995711
0.694297648324167
0.665429076784102
0.6647382034140468
0.6942976483462737
0.6654290767759753
0.6647382034327931
0.694297648363285
0.6654290767575999
0.6647382034587372
0.6942976483820018
0.6654290767430442
0.6647382034692302
0.6942976483893435
0.6654290767461357
0.6647382034639675
0.6942976483846317
0.6654290767617841
0.664738203451454
0.6942976483764335
0.6654290767759702
0.6647382034325886
0.6942976483649194
0.6654290767834171
0.6647382034153814
0.6942976483474967
0.6654290767939188
0.6647382033981434
0.6942976483210244
0.6654290767772693
0.6647382034275091
0.6942976483474843
0.6654290767458111
0.6647382034708798
0.6942976484039743
0.6654290767238225
0.6647382035006015
0.6942976484417007