0.6576699381893432
0.6572540677554025
0.6828455649515855
0.6576851237580624
0.6574133993964009
0.6824220505091942
0.6600595844763634
0.659736095946243
0.6834024880804805
0.6586323766145981
0.6585651668586758
0.6837684678573659
0.6584169629059189
0.6575067431442994
0.6814861268152068
0.6571645629016338
0.6571022048546223
0.6821352401031532
0.6596308666122012
0.6587916773389184
0.6828760086937893
0.6592298347745865
0.6592748556271941
0.6828552298653465
0.6570906314473441
0.6573960410962257
0.682075787576391
0.6577782113186483
0.6585907871532766
0.6815802112941347
0.6579756813131874
0.6597546262655671
0.6839256134192073
0.6594428348413615
0.6608696876940564
0.6834906343811438
0.6573695920508273
0.6579162020895077
0.6825116506779891
0.657254096687701
0.6576698069237876
0.6828455241033347
0.6585346059163536
0.6584131694331534
0.683202234926909
0.6579173543507786
0.6573707039670746
0.6825127654447896
0.6570617933833875
0.6557844039562042
0.6826683157086999
0.6581793507024384
0.6580764587498282
0.6824184335129558
0.6577199534654575
0.6576784793334356
0.683424495801301
0.6555653190273018
0.6564424343347165
0.6805247913869077
0.6558441788894995
0.6562285526339379
0.6812476686020312
0.6579092062406888
0.6581432417966505
0.6812075593382831
0.6581254981889
0.657809859988515
0.6810897037529896
0.6564166593872992
0.6556847924110398
0.6809436250737798
0.6559395872674861
0.6563703170868882
0.6803476054020341
0.6570206372527613
0.65862197628836
0.6832842832482825
0.6577106414026512
0.6585930619657839
0.6822869396279918
0.6557845218357191
0.657061579688523
0.6826681973500339
0.6574146413444348
0.6576859629331944
0.6824230134569615
0.6589800489818604
0.6586230473102024
0.6835691169713529
0.6608694699841968
0.6594424813979469
0.6834903728091004
0.6585918175704228
0.6577090370703429
0.682285635366338
0.6599097091331679
0.659455869769947
0.6838849499699018
0.6594026913781568
0.658442574928914
0.6846911777277136
0.6551255300583769
0.6562549965435518
0.6816623804458365
0.6568310975253759
0.6565729800981897
0.6805878124878741
0.6587636329506552
0.6580646456984123
0.6820563567488942
0.6583552577831165
0.6584008681130356
0.6819387907294642
0.6571196611443224
0.6563048939392525
0.6803841049604571
0.6568817918736625
0.6551204988809847
0.6816318027917914
0.6587613280580655
0.6593228390723365
0.6845982296216675
0.659455844566004
0.6599097009303168
0.6838849450081785
0.6580750962124772
0.6581777473622745
0.6824169741432787
0.6597357627115921
0.660059111271709
0.683402080558382
0.6600157556759738
0.6599483405122938
0.6843615026725085
0.6597536675637093
0.6579746450144097
0.6839246033541326
0.6586199548539893
0.6570183240959266
0.6832822139189463
0.6593221749155543
0.6587606397707622
0.6845975958885913
0.6579127590392684
0.6588486957770217
0.6857672709388172
0.6544197803856973
0.6565426595653506
0.6813386073402827
0.6581981874709979
0.6571560649387691
0.6811586961364737
0.6589598199797302
0.6601226056451708
0.6827833840702278
0.6599204153050273
0.6589138996862158
0.682613133427141
0.657587736772842
0.6574099311063114
0.6810644546988427
0.6569706773748949
0.6543399121688215
0.6815468572752454
0.6588486006470793
0.6579129128340188
0.6857672957800716
0.658441817689307
0.65940208142212
0.6846905627685136
0.657676393679278
0.6577176694531243
0.6834223153549899
0.6585641230527032
0.6586312629021915
0.6837673367318922
0.6600841759648872
0.6596342425468632
0.6859449172800061
0.6585915807637397
0.6577786435517529
0.6815806990285389
0.6563698571247707
0.655938852638213
0.6803470083431113
0.6551213824635407
0.6568826091699426
0.6816326845390788
0.6543415020705174
0.6569723798667817
0.6815483392621093
0.6543851310523299
0.6559752987793999
0.6794032677126254
0.6573932404052787
0.6561484122510335
0.6799306903026369
0.6570884701571252
0.6587265980591375
0.686374545125684
0.6584869605016654
0.6571058498788621
0.6859671590515231
0.6568170235899704
0.6555900173516462
0.6795173946667186
0.6559755183158198
0.6543851039340949
0.6794033866746128
0.6565444641066674
0.6544214902952167
0.6813402168218315
0.6562558993073302
0.6551263858336787
0.6816633044716827
0.6564420782474988
0.6555645130230188
0.6805241486345418
0.657507485242774
0.6584173142359131
0.6814865556240167
0.6587877290804945
0.6588093459677806
0.6823483467939908
0.6573972096649672
0.6570915466749336
0.6820768011311695
0.655684793153405
0.6564161587256134
0.6809434367655568
0.6563064098211386
0.6571208670869966
0.6803853628706307
0.657411778012575
0.6575895605114214
0.681066208099882
0.6555902201422596
0.6568169175842642
0.6795173770987832
0.6602068320123367
0.6581592765091787
0.6851497186181974
0.6601682214676157
0.6603710981061439
0.6926042277561593
0.661146019676162
0.6594280569917225
0.6924314532802287
0.6581594561430085
0.6602067474193914
0.6851498044441302
0.6561487138625409
0.6573931893391048
0.6799309139930578
0.6571581328599279
0.6581999478774858
0.6811606139068962
0.656574332379037
0.6568324356420989
0.6805891418577936
0.656228459592244
0.6558437516318311
0.6812474789926294
0.6571034119692214
0.6571653629632548
0.6821362298024822
0.6579260675205729
0.6584889466487767
0.6832959921976302
0.6592740598717214
0.6592288241398636
0.6828543563467906
0.6578078129383103
0.6581232314495322
0.6810875837415861
0.6584002479463453
0.6583546568278682
0.6819382197628971
0.6589139886958144
0.6599203907947793
0.6826131542650326
0.6571043624505348
0.6584853086100617
0.685965473782809
0.6594265687996256
0.6611441604776578
0.6924298640234177
0.6876071342041907
0.6713327017984626
0.7112694325783442
0.6713329030389381
0.6876070865595605
0.7112694252719765
0.6603695926740281
0.6601665504919146
0.6926026849520008
0.6587250952860046
0.6570869547834027
0.6863729518844103
0.6601225419289584
0.6589598677665116
0.682783478793756
0.6580639877271222
0.6587631310003479
0.6820558296958364
0.6581411250677514
0.6579070427421234
0.6812054475484706
0.6587908022747107
0.6596299270463994
0.6828751282548406
0.6601865065945262
0.6604771420237574
0.6840615787742526
0.658790802274705
0.6596299270464039
0.682875128254841
0.6581411250677456
0.657907042742121
0.6812054475484708
0.6580639877271195
0.6587631310003459
0.6820558296958367
0.6601225419289645
0.6589598677665125
0.6827834787937556
0.65872509528601
0.6570869547834026
0.6863729518844106
0.6603695926740314
0.6601665504919078
0.6926026849520013
0.6713329030389366
0.6876070865595632
0.711269425271977
0.6876071342041905
0.6713327017984638
0.7112694325783439
0.6594265687996292
0.6611441604776472
0.6924298640234174
0.6571043624505424
0.6584853086100568
0.6859654737828088
0.6589139886958162
0.6599203907947818
0.6826131542650331
0.6584002479463469
0.6583546568278718
0.6819382197628974
0.6578078129383115
0.6581232314495297
0.6810875837415863
0.6592740598717203
0.6592288241398565
0.6828543563467906
0.6601865065945217
0.6604771420237574
0.6840615787742528
0.6571034119692213
0.6571653629632496
0.6821362298024821
0.6562284595922452
0.655843751631839
0.6812474789926297
0.6565743323790418
0.6568324356421005
0.6805891418577934
0.6571581328599387
0.6581999478774828
0.6811606139068961
0.6561487138625373
0.657393189339098
0.6799309139930577
0.6581594561430076
0.6602067474193939
0.6851498044441298
0.6611460196761629
0.6594280569917212
0.6924314532802286
0.6601682214676154
0.6603710981061439
0.6926042277561587
0.6602068320123364
0.6581592765091783
0.685149718618197
0.6555902201422545
0.6568169175842709
0.6795173770987829
0.6574117780125852
0.6575895605114297
0.6810662080998822
0.6563064098211397
0.6571208670869895
0.6803853628706307
0.655684793153398
0.656416158725609
0.6809434367655565
0.6573972096649641
0.6570915466749372
0.6820768011311696
0.6579260675205733
0.6584889466487772
0.6832959921976302
0.6575074852427734
0.6584173142359053
0.6814865556240169
0.6564420782475184
0.655564513023011
0.6805241486345421
0.6562558993073389
0.6551263858336767
0.6816633044716829
0.656544464106664
0.6544214902952201
0.6813402168218323
0.6559755183158232
0.6543851039340947
0.6794033866746132
0.6568170235899722
0.6555900173516405
0.6795173946667181
0.6584869605016661
0.6571058498788477
0.6859671590515235
0.6570884701571191
0.6587265980591426
0.6863745451256842
0.6573932404052851
0.6561484122510408
0.6799306903026371
0.6543851310523348
0.6559752987793985
0.6794032677126252
0.6543415020705197
0.6569723798667763
0.6815483392621098
0.6551213824635533
0.656882609169937
0.6816326845390788
0.656369857124772
0.6559388526382122
0.6803470083431117
0.658591580763752
0.6577786435517553
0.681580699028539
0.6587877290804963
0.6588093459677773
0.6823483467939908
0.6585641230527084
0.6586312629021838
0.6837673367318919
0.6576763936792828
0.657717669453129
0.68342231535499
0.6584418176893048
0.6594020814221202
0.6846905627685134
0.6588486006470744
0.6579129128340184
0.6857672957800713
0.6569706773749099
0.6543399121688153
0.6815468572752451
0.6575877367728427
0.6574099311063037
0.6810644546988427
0.6599204153050238
0.6589138996862091
0.6826131334271411
0.6589598199797446
0.6601226056451659
0.6827833840702279
0.6581981874710057
0.6571560649387637
0.681158696136474
0.6544197803856959
0.6565426595653521
0.6813386073402828
0.6579127590392667
0.6588486957770234
0.6857672709388175
0.6593221749155623
0.6587606397707518
0.6845975958885915
0.6586199548539985
0.65701832409592
0.6832822139189465
0.6597536675637024
0.6579746450144075
0.6839246033541324
0.66008417596489
0.6596342425468583
0.6859449172800066
0.6597357627115975
0.6600591112717161
0.683402080558382
0.6580750962124704
0.6581777473622836
0.6824169741432788
0.6594558445660075
0.6599097009303152
0.6838849450081783
0.6587613280580686
0.6593228390723274
0.6845982296216667
0.6568817918736591
0.6551204988809807
0.6816318027917911
0.657119661144326
0.6563048939392524
0.6803841049604568
0.6583552577831177
0.6584008681130287
0.6819387907294641
0.6587636329506614
0.6580646456984187
0.682056356748894
0.6568310975253739
0.656572980098194
0.6805878124878739
0.6551255300583698
0.6562549965435537
0.6816623804458359
0.6594026913781659
0.6584425749289194
0.6846911777277136
0.6599097091331674
0.6594558697699464
0.6838849499699018
0.6585918175704089
0.6577090370703365
0.6822856353663374
0.6608694699841984
0.6594424813979458
0.6834903728091002
0.660015755675975
0.6599483405122962
0.6843615026725088
0.6574146413444295
0.6576859629331971
0.682423013456962
0.6557845218357234
0.6570615796885217
0.6826681973500341
0.6577106414026523
0.6585930619657918
0.682286939627992
0.6570206372527527
0.6586219762883538
0.6832842832482824
0.6559395872674838
0.6563703170868807
0.6803476054020345
0.6564166593873081
0.6556847924110385
0.6809436250737799
0.658125498188902
0.6578098599885192
0.68108970375299
0.6579092062406763
0.6581432417966598
0.6812075593382829
0.6558441788895033
0.6562285526339398
0.6812476686020309
0.6555653190273049
0.6564424343347101
0.6805247913869076
0.6577199534654541
0.65767847933343
0.6834244958013017
0.6581793507024338
0.658076458749836
0.6824184335129557
0.657061793383386
0.6557844039562056
0.6826683157086999
0.6579173543507849
0.6573707039670686
0.6825127654447892
0.6589800489818698
0.6586230473102084
0.6835691169713531
0.6572540966876981
0.6576698069237885
0.6828455241033344
0.657369592050826
0.6579162020895014
0.6825116506779891
0.659442834841357
0.6608696876940551
0.6834906343811435
0.6579756813131885
0.6597546262655607
0.6839256134192073
0.6577782113186552
0.6585907871532707
0.6815802112941342
0.6570906314473486
0.6573960410962351
0.6820757875763911
0.6592298347745824
0.6592748556272026
0.6828552298653471
0.6596308666122057
0.658791677338908
0.6828760086937892
0.6571645629016358
0.6571022048546236
0.6821352401031526
0.6584169629059237
0.6575067431442962
0.6814861268152065
0.658632376614595
0.658565166858672
0.6837684678573656
0.6600595844763629
0.6597360959462357
0.6834024880804802
0.6576851237580656
0.6574133993964028
0.6824220505091944
0.6576699381893418
0.6572540677554018
0.6828455649515852
0.658534605916351
0.6584131694331508
0.6832022349269087
0.6584118963447787
0.6585334732244663
0.6832010184754966
0.6586206712108633
0.6589774527747893
0.6835667921522943
0.6599474820426179
0.6600148135748496
0.6843605323222813
0.6596339535893982
0.6600839149286952
0.6859446857434146
0.6588074269302525
0.6587857252231308
0.6823465846107336
0.6584867358840717
0.657923650145862
0.6832936548715879
0.6604765913951395
0.6601859790621637
0.6840611103437112
0.6604765913951358
0.6601859790621653
0.6840611103437108
0.6584867358840751
0.6579236501458661
0.6832936548715877
0.6588074269302495
0.6587857252231297
0.6823465846107344
0.6596339535893964
0.6600839149286919
0.6859446857434142
0.6599474820426137
0.6600148135748545
0.6843605323222817
0.6586206712108631
0.6589774527747959
0.6835667921522948
0.6584118963447749
0.658533473224463
0.6832010184754971
0.662132670205906
0.662132741195494
0.6848719396514873