0.7123077299292938
0.7049843532349516
0.6583811577988377
0.6151914323429744
0.6165509321903458
0.5916870717402937
0.6969303090105881
0.6949594902227958
0.738719715774691
0.6258193530560732
0.618247923212426
0.6016892072912231
0.6761588757453942
0.6736819103486846
0.7037853676867297
0.6580951497050067
0.6716372450637457
0.654412360691744
0.6781155243795182
0.6794862419988739
0.6975964024856738
0.6778105184043846
0.6635920416440759
0.6712331707532826
0.6721809504642404
0.6652990322261091
0.6746912332314124
0.6630738151096669
0.6706631824768949
0.6667457637825152
0.6571109127895679
0.6678711448399215
0.6635471963301347
0.6693211928326854
0.6621825024990985
0.6770331593347672
0.6510570406338873
0.6516616846966049
0.6679606600785093
0.6065867927664459
0.6095700576883417
0.5875974898979978
0.6792154936170485
0.677524782112382
0.7446990945466192
0.7123077299292921
0.70498435323495
0.658381157798839
0.6151914323429739
0.616550932190342
0.5916870717402942
0.6969303090105884
0.6949594902228244
0.738719715774697
0.625819353056057
0.6182479232124438
0.6016892072911997
0.6761588757454089
0.6736819103486884
0.703785367686698
0.6580951497050249
0.6716372450637786
0.6544123606916441
0.678115524379446
0.6794862419989002
0.697596402485668
0.6778105184044945
0.6635920416442657
0.6712331707536697
0.672180950464301
0.665299032226118
0.6746912332315036
0.6630738151094802
0.6706631824767892
0.6667457637823504
0.6571109127895484
0.6678711448399203
0.6635471963301595
0.6693211928326603
0.6621825024990554
0.6770331593347575
0.6510570406338823
0.6516616846965919
0.6679606600784794
0.6065867927664541
0.6095700576883462
0.5875974898980022
0.6792154936170498
0.6775247821123808
0.7446990945466252
0.7123077299292975
0.7049843532349587
0.6583811577988409
0.6151914323429684
0.6165509321903424
0.5916870717402938
0.6969303090105914
0.6949594902228258
0.7387197157746858
0.6258193530560676
0.6182479232124249
0.6016892072912181
0.6761588757454047
0.673681910348614
0.7037853676866761
0.6580951497053096
0.671637245064167
0.6544123606922518
0.6781155243795847
0.6794862419989034
0.6975964024858281
0.6778105184042642
0.6635920416439067
0.6712331707528907
0.6721809504642045
0.6652990322258954
0.6746912332311723
0.6630738151096212
0.6706631824768902
0.6667457637826913
0.6571109127895659
0.6678711448399639
0.6635471963301736
0.6693211928326949
0.6621825024990563
0.6770331593348484
0.651057040633886
0.6516616846965955
0.6679606600784622
0.6065867927664562
0.6095700576883333
0.5875974898979998
0.6792154936170522
0.6775247821123824
0.7446990945466263
0.712307729929296
0.7049843532349613
0.6583811577988405
0.6151914323429691
0.6165509321903466
0.5916870717402933
0.69693030901059
0.6949594902227979
0.7387197157746868
0.6258193530560796
0.6182479232124118
0.6016892072912369
0.6761588757453953
0.6736819103486263
0.7037853676867142
0.6580951497052281
0.6716372450640459
0.6544123606922194
0.6781155243796277
0.6794862419988751
0.6975964024857919
0.6778105184042079
0.6635920416437959
0.6712331707526775
0.6721809504641656
0.6652990322259386
0.6746912332311525
0.6630738151097753
0.6706631824769722
0.6667457637827792
0.6571109127895828
0.6678711448399535
0.6635471963301454
0.6693211928327117
0.6621825024990995
0.6770331593348425
0.6510570406338884
0.6516616846966108
0.667960660078496
0.606586792766442
0.6095700576883318
0.5875974898979966
0.6792154936170485
0.677524782112388
0.7446990945466272
0.712307729929287
0.7049843532349479
0.658381157798835
0.615191432342975
0.6165509321903484
0.5916870717402931
0.696930309010585
0.694959490222804
0.7387197157746928
0.6258193530560686
0.6182479232124358
0.6016892072912163
0.676158875745398
0.6736819103486991
0.7037853676867243
0.6580951497049623
0.6716372450636858
0.6544123606916212
0.6781155243794755
0.6794862419988807
0.6975964024856464
0.6778105184044491
0.6635920416441786
0.6712331707535004
0.6721809504642706
0.665299032226148
0.6746912332314864
0.6630738151096038
0.670663182476854
0.6667457637824223
0.65711091278956
0.6678711448399143
0.6635471963301367
0.6693211928326743
0.6621825024990919
0.677033159334756
0.6510570406338851
0.6516616846966052
0.6679606600785075
0.6065867927664459
0.6095700576883463
0.5875974898980018
0.6792154936170463
0.6775247821123832
0.7446990945466219
0.7123077299292933
0.7049843532349507
0.6583811577988328
0.6151914323429717
0.6165509321903415
0.5916870717402951
0.6969303090105883
0.6949594902228293
0.7387197157746919
0.6258193530560577
0.6182479232124423
0.6016892072912005
0.6761588757454103
0.6736819103486688
0.7037853676866832
0.6580951497051019
0.6716372450638848
0.6544123606917831
0.6781155243794694
0.6794862419989068
0.6975964024857129
0.6778105184044505
0.663592041644202
0.6712331707535332
0.6721809504642853
0.6652990322260601
0.6746912332314341
0.6630738151094852
0.6706631824768003
0.6667457637824127
0.6571109127895518
0.667871144839929
0.6635471963301668
0.6693211928326656
0.6621825024990498
0.6770331593347823
0.6510570406338821
0.6516616846965914
0.667960660078466
0.6065867927664577
0.6095700576883458
0.5875974898980094
0.679215493617048
0.6775247821123822
0.7446990945466192
0.7123077299293028
0.7049843532349636
0.6583811577988363
0.6151914323429667
0.6165509321903415
0.5916870717402947
0.6969303090105926
0.6949594902228178
0.7387197157746841
0.6258193530560731
0.618247923212421
0.601689207291225
0.6761588757454018
0.6736819103486007
0.7037853676866767
0.6580951497053363
0.6716372450641992
0.6544123606923439
0.6781155243796186
0.679486241998895
0.6975964024858416
0.6778105184042136
0.6635920416438199
0.6712331707527162
0.6721809504641785
0.6652990322258729
0.6746912332311161
0.6630738151096778
0.6706631824769289
0.6667457637827625
0.6571109127895711
0.6678711448399677
0.6635471963301707
0.669321192832705
0.6621825024990675
0.6770331593348629
0.6510570406338855
0.6516616846965956
0.6679606600784666
0.6065867927664528
0.609570057688331
0.5875974898980024
0.6792154936170511
0.6775247821123822
0.7446990945466223
0.7123077299292934
0.7049843532349551
0.658381157798835
0.6151914323429722
0.6165509321903485
0.5916870717402901
0.6969303090105889
0.6949594902227939
0.7387197157746828
0.6258193530560776
0.6182479232124176
0.601689207291236
0.6761588757453912
0.6736819103486456
0.7037853676867182
0.6580951497051486
0.6716372450639352
0.6544123606920655
0.6781155243795931
0.6794862419988686
0.6975964024857465
0.6778105184042641
0.6635920416438774
0.671233170752849
0.6721809504641905
0.6652990322259961
0.6746912332312301
0.6630738151097555
0.6706631824769543
0.6667457637826991
0.6571109127895758
0.667871144839943
0.6635471963301397
0.6693211928327081
0.662182502499106
0.6770331593348216
0.6510570406338891
0.6516616846966093
0.667960660078503
0.606586792766445
0.6095700576883321
0.5875974898980001
0.6792154936170521
0.6775247821123846
0.7446990945466216
0.7123077299292853
0.7049843532349482
0.6583811577988333
0.615191432342975
0.6165509321903488
0.5916870717402946
0.6969303090105862
0.6949594902228098
0.7387197157746954
0.6258193530560635
0.6182479232124386
0.6016892072912092
0.6761588757454011
0.6736819103487035
0.7037853676867148
0.6580951497049535
0.6716372450636833
0.65441236069157
0.6781155243794526
0.6794862419988906
0.6975964024856441
0.677810518404481
0.6635920416442407
0.6712331707536285
0.6721809504642915
0.6652990322261607
0.6746912332315234
0.6630738151095474
0.6706631824768243
0.6667457637823653
0.6571109127895546
0.6678711448399115
0.6635471963301456
0.6693211928326619
0.6621825024990806
0.6770331593347503
0.6510570406338809
0.6516616846966049
0.6679606600784986
0.606586792766448
0.6095700576883503
0.5875974898980055
0.6792154936170461
0.6775247821123849
0.744699094546627
0.7123077299292919
0.704984353234954
0.658381157798833
0.6151914323429715
0.6165509321903451
0.5916870717402963
0.6969303090105896
0.694959490222832
0.738719715774693
0.6258193530560632
0.6182479232124376
0.6016892072912037
0.6761588757454112
0.6736819103486505
0.7037853676866754
0.6580951497051797
0.6716372450639922
0.654412360691944
0.6781155243795043
0.6794862419989092
0.697596402485751
0.6778105184043958
0.6635920416441168
0.6712331707533454
0.6721809504642601
0.6652990322260027
0.6746912332313542
0.6630738151095118
0.6706631824768212
0.6667457637824925
0.6571109127895535
0.6678711448399399
0.6635471963301726
0.6693211928326683
0.662182502499048
0.6770331593348061
0.6510570406338836
0.6516616846965955
0.6679606600784618
0.6065867927664557
0.6095700576883413
0.5875974898980076
0.6792154936170467
0.6775247821123822
0.7446990945466183
0.7123077299293026
0.7049843532349633
0.6583811577988353
0.6151914323429678
0.6165509321903437
0.591687071740294
0.69693030901059
0.6949594902228088
0.7387197157746805
0.6258193530560763
0.6182479232124165
0.6016892072912302
0.6761588757453996
0.6736819103485987
0.703785367686688
0.6580951497053288
0.6716372450641822
0.6544123606923655
0.678115524379635
0.6794862419988876
0.697596402485837
0.6778105184041929
0.6635920416437762
0.6712331707526232
0.6721809504641645
0.6652990322258729
0.6746912332310948
0.6630738151097264
0.6706631824769504
0.6667457637828023
0.6571109127895768
0.6678711448399639
0.6635471963301597
0.6693211928327132
0.6621825024990804
0.677033159334867
0.6510570406338874
0.651661684696601
0.6679606600784757
0.6065867927664506
0.6095700576883254
0.5875974898979983
0.67921549361705
0.6775247821123829
0.7446990945466165
0.7123077299292925
0.7049843532349539
0.6583811577988397
0.6151914323429734
0.616550932190346
0.5916870717402942
0.6969303090105896
0.694959490222792
0.738719715774688
0.625819353056075
0.6182479232124196
0.6016892072912311
0.6761588757453916
0.6736819103486617
0.703785367686726
0.658095149705074
0.6716372450638375
0.6544123606919068
0.6781155243795604
0.6794862419988712
0.6975964024857155
0.6778105184043175
0.6635920416439675
0.671233170753049
0.6721809504642144
0.6652990322260557
0.6746912332313175
0.6630738151097214
0.6706631824769314
0.6667457637826136
0.6571109127895731
0.6678711448399322
0.6635471963301355
0.669321192832699
0.6621825024991062
0.6770331593347962
0.6510570406338858
0.6516616846966057
0.6679606600785083
0.6065867927664461
0.6095700576883385
0.5875974898979996
0.6792154936170474
0.6775247821123823
0.7446990945466239
0.7123077299292884
0.7049843532349471
0.6583811577988382
0.6151914323429737
0.616550932190345
0.5916870717402944
0.6969303090105876
0.6949594902228178
0.7387197157746965
0.6258193530560587
0.6182479232124396
0.6016892072912019
0.6761588757454032
0.6736819103487031
0.7037853676867104
0.6580951497049741
0.6716372450637148
0.6544123606915738
0.6781155243794432
0.6794862419988941
0.6975964024856476
0.6778105184045016
0.6635920416442768
0.6712331707536943
0.6721809504643008
0.6652990322261485
0.6746912332315329
0.6630738151095041
0.6706631824768026
0.6667457637823397
0.6571109127895502
0.6678711448399147
0.6635471963301527
0.6693211928326569
0.6621825024990667
0.6770331593347495
0.6510570406338831
0.6516616846965961
0.6679606600784891
0.6065867927664527
0.6095700576883474
0.5875974898980034
0.679215493617048
0.6775247821123822
0.7446990945466265
0.7123077299292933
0.7049843532349587
0.6583811577988401
0.6151914323429679
0.6165509321903426
0.5916870717402949
0.6969303090105893
0.6949594902228307
0.738719715774691
0.6258193530560637
0.6182479232124287
0.6016892072912078
0.6761588757454097
0.6736819103486313
0.7037853676866755
0.6580951497052491
0.6716372450640857
0.6544123606921035
0.6781155243795418
0.6794862419989105
0.6975964024857887
0.6778105184043336
0.6635920416440189
0.6712331707531316
0.672180950464234
0.6652990322259471
0.6746912332312629
0.6630738151095574
0.670663182476849
0.6667457637825884
0.6571109127895574
0.6678711448399501
0.6635471963301747
0.6693211928326805
0.6621825024990486
0.677033159334828
0.6510570406338833
0.6516616846965959
0.6679606600784581
0.6065867927664538
0.609570057688336
0.5875974898980002
0.6792154936170479
0.6775247821123846
0.7446990945466256
0.7123077299292987
0.7049843532349589
0.6583811577988397
0.6151914323429684
0.6165509321903466
0.5916870717402938
0.6969303090105894
0.6949594902228049
0.7387197157746823
0.6258193530560805
0.6182479232124117
0.6016892072912359
0.6761588757453947
0.6736819103486097
0.7037853676867007
0.658095149705293
0.6716372450641361
0.6544123606923251
0.6781155243796396
0.679486241998881
0.6975964024858285
0.6778105184041837
0.6635920416437604
0.6712331707525936
0.6721809504641577
0.6652990322258918
0.6746912332311021
0.6630738151097666
0.6706631824769715
0.6667457637828185
0.6571109127895796
0.667871144839962
0.6635471963301526
0.6693211928327147
0.6621825024990926
0.677033159334855
0.6510570406338885
0.6516616846966077
0.6679606600784861
0.6065867927664461
0.6095700576883283
0.5875974898979947
0.6792154936170465
0.6775247821123844
0.7446990945466192