0.6775247821123809
0.6792154936170471
0.7446990945466224
0.609570057688347
0.606586792766444
0.5875974898979933
0.6516616846966043
0.6510570406338775
0.6679606600785024
0.6621825024991598
0.669321192832752
0.6770331593348407
0.6678711448398393
0.6571109127894998
0.6635471963299875
0.6706631824767646
0.6630738151094826
0.6667457637821508
0.665299032226184
0.6721809504643252
0.6746912332316062
0.6635920416442177
0.6778105184044545
0.6712331707536076
0.6794862419988789
0.678115524379445
0.6975964024856938
0.6716372450638115
0.6580951497050358
0.6544123606918142
0.6736819103486813
0.6761588757453976
0.7037853676867104
0.6182479232124172
0.6258193530560454
0.6016892072911822
0.6949594902228184
0.6969303090106
0.7387197157746875
0.6165509321903505
0.6151914323429735
0.5916870717402951
0.7049843532349542
0.7123077299292908
0.6583811577988414
0.6775247821123827
0.6792154936170494
0.7446990945466192
0.6095700576883385
0.6065867927664572
0.5875974898979978
0.6516616846965979
0.6510570406338916
0.6679606600784653
0.6621825024990354
0.6693211928326552
0.6770331593348138
0.6678711448399375
0.6571109127895529
0.6635471963301729
0.6706631824768157
0.6630738151095039
0.6667457637824712
0.6652990322260186
0.6721809504642706
0.6746912332313555
0.6635920416441422
0.6778105184044017
0.6712331707533308
0.6794862419989172
0.6781155243795041
0.6975964024857564
0.6716372450639789
0.6580951497051695
0.6544123606919492
0.6736819103486451
0.6761588757454013
0.7037853676866921
0.6182479232124234
0.6258193530560721
0.6016892072912102
0.6949594902228255
0.696930309010594
0.7387197157746977
0.6165509321903464
0.6151914323429728
0.5916870717402977
0.7049843532349589
0.7123077299292908
0.6583811577988382
0.6775247821123845
0.6792154936170519
0.7446990945466162
0.6095700576883307
0.6065867927664574
0.5875974898979912
0.6516616846966008
0.651057040633892
0.6679606600784718
0.6621825024989998
0.669321192832629
0.6770331593347662
0.667871144840036
0.6571109127896299
0.6635471963303152
0.6706631824770135
0.6630738151097978
0.6667457637830273
0.6652990322258425
0.6721809504641237
0.674691233231008
0.6635920416437924
0.6778105184042176
0.6712331707526424
0.6794862419988958
0.678115524379646
0.697596402485783
0.6716372450640612
0.6580951497052485
0.6544123606921162
0.6736819103486283
0.6761588757454008
0.7037853676866992
0.6182479232124398
0.6258193530560949
0.6016892072912652
0.6949594902228071
0.6969303090105801
0.7387197157746864
0.6165509321903447
0.6151914323429692
0.5916870717402954
0.704984353234958
0.712307729929301
0.6583811577988365
0.6775247821123794
0.6792154936170528
0.7446990945466221
0.609570057688338
0.6065867927664481
0.587597489897994
0.6516616846966036
0.6510570406338818
0.6679606600785077
0.6621825024991295
0.6693211928327347
0.677033159334806
0.667871144839919
0.6571109127895611
0.663547196330099
0.6706631824769163
0.6630738151097137
0.6667457637825849
0.6652990322260459
0.6721809504642144
0.6746912332313352
0.6635920416439458
0.6778105184043146
0.6712331707530723
0.6794862419988621
0.6781155243795558
0.6975964024857136
0.671637245063868
0.6580951497050989
0.6544123606919428
0.6736819103486655
0.6761588757454002
0.703785367686714
0.6182479232124303
0.6258193530560656
0.6016892072912253
0.6949594902228021
0.6969303090105894
0.7387197157746814
0.6165509321903475
0.6151914323429726
0.5916870717402944
0.7049843532349543
0.7123077299292995
0.6583811577988405
0.6775247821123782
0.6792154936170476
0.7446990945466267
0.6095700576883437
0.6065867927664479
0.5875974898979993
0.6516616846965985
0.6510570406338833
0.6679606600784939
0.6621825024991412
0.6693211928327368
0.6770331593348453
0.667871144839847
0.6571109127894994
0.6635471963300061
0.6706631824767457
0.6630738151094393
0.6667457637821282
0.6652990322261778
0.6721809504643383
0.6746912332316094
0.6635920416442549
0.6778105184044695
0.6712331707536587
0.6794862419988885
0.6781155243794346
0.6975964024857086
0.6716372450638333
0.6580951497050535
0.6544123606918164
0.6736819103486736
0.6761588757454013
0.7037853676867007
0.6182479232124173
0.6258193530560462
0.6016892072911733
0.6949594902228228
0.6969303090106032
0.7387197157746948
0.6165509321903478
0.6151914323429746
0.5916870717402958
0.704984353234956
0.7123077299292933
0.658381157798841
0.6775247821123858
0.6792154936170511
0.7446990945466236
0.6095700576883363
0.6065867927664579
0.587597489897999
0.6516616846966005
0.6510570406338905
0.6679606600784614
0.6621825024990072
0.6693211928326286
0.6770331593347985
0.6678711448399802
0.6571109127895822
0.6635471963302417
0.6706631824768767
0.663073815109577
0.6667457637826638
0.6652990322259484
0.6721809504642233
0.6746912332312301
0.6635920416440384
0.6778105184043408
0.6712331707531112
0.6794862419989186
0.6781155243795476
0.6975964024857793
0.6716372450640307
0.6580951497052103
0.6544123606920167
0.673681910348638
0.6761588757454001
0.7037853676866896
0.6182479232124292
0.6258193530560789
0.6016892072912263
0.6949594902228222
0.6969303090105902
0.7387197157747003
0.6165509321903457
0.6151914323429707
0.5916870717402978
0.70498435323496
0.7123077299292897
0.6583811577988409
0.6775247821123854
0.6792154936170509
0.7446990945466196
0.609570057688331
0.6065867927664514
0.5875974898979923
0.6516616846966066
0.6510570406338902
0.6679606600784793
0.6621825024990263
0.6693211928326495
0.6770331593347716
0.6678711448400219
0.6571109127896269
0.6635471963302864
0.6706631824770177
0.663073815109823
0.6667457637830032
0.6652990322258683
0.6721809504641229
0.6746912332310377
0.6635920416437795
0.6778105184042169
0.6712331707526455
0.6794862419988854
0.6781155243796444
0.6975964024857604
0.6716372450640196
0.6580951497052225
0.6544123606920975
0.6736819103486378
0.6761588757454037
0.7037853676867011
0.6182479232124369
0.6258193530560928
0.6016892072912635
0.6949594902228033
0.696930309010578
0.7387197157746836
0.6165509321903457
0.6151914323429677
0.5916870717402913
0.7049843532349578
0.7123077299292958
0.6583811577988353
0.6775247821123795
0.6792154936170492
0.7446990945466185
0.6095700576883419
0.6065867927664468
0.5875974898979945
0.6516616846966057
0.6510570406338823
0.6679606600785083
0.6621825024991562
0.6693211928327536
0.677033159334824
0.6678711448398802
0.6571109127895368
0.6635471963300427
0.6706631824768606
0.6630738151096347
0.6667457637824032
0.6652990322261102
0.6721809504642577
0.6746912332314539
0.6635920416440433
0.6778105184043672
0.6712331707532784
0.6794862419988638
0.6781155243795114
0.6975964024857031
0.6716372450638285
0.6580951497050652
0.6544123606918848
0.6736819103486702
0.6761588757454022
0.7037853676867075
0.618247923212426
0.6258193530560568
0.6016892072912051
0.6949594902228091
0.6969303090105927
0.738719715774681
0.616550932190346
0.615191432342973
0.5916870717402906
0.7049843532349557
0.7123077299292968
0.6583811577988343
0.6775247821123791
0.6792154936170534
0.7446990945466244
0.609570057688342
0.6065867927664541
0.5875974898980016
0.6516616846965957
0.651057040633884
0.6679606600784846
0.6621825024991099
0.6693211928327143
0.6770331593348395
0.667871144839868
0.6571109127895113
0.6635471963300488
0.6706631824767503
0.6630738151094298
0.6667457637821839
0.6652990322261427
0.6721809504643292
0.6746912332315582
0.6635920416442493
0.6778105184044612
0.6712331707536144
0.6794862419988963
0.6781155243794446
0.6975964024857271
0.6716372450638799
0.6580951497050849
0.6544123606918482
0.6736819103486631
0.6761588757454005
0.7037853676866961
0.6182479232124185
0.6258193530560495
0.6016892072911796
0.6949594902228229
0.6969303090106036
0.7387197157746962
0.6165509321903433
0.6151914323429727
0.5916870717402973
0.704984353234957
0.712307729929293
0.6583811577988414
0.6775247821123844
0.6792154936170547
0.7446990945466279
0.609570057688331
0.6065867927664575
0.5875974898979985
0.6516616846965992
0.6510570406338942
0.6679606600784598
0.6621825024989907
0.6693211928326205
0.6770331593347829
0.6678711448400129
0.6571109127896051
0.6635471963302905
0.6706631824769258
0.663073815109658
0.6667457637828247
0.6652990322258967
0.6721809504641835
0.674691233231125
0.6635920416439451
0.6778105184042948
0.6712331707529198
0.6794862419989126
0.6781155243795898
0.6975964024857796
0.6716372450640558
0.6580951497052374
0.6544123606920647
0.6736819103486276
0.676158875745404
0.7037853676866919
0.6182479232124316
0.6258193530560874
0.6016892072912448
0.6949594902228179
0.6969303090105876
0.7387197157746959
0.6165509321903451
0.615191432342971
0.5916870717402973
0.704984353234958
0.7123077299292934
0.6583811577988415
0.6775247821123873
0.6792154936170524
0.7446990945466243
0.6095700576883339
0.6065867927664479
0.5875974898979928
0.6516616846966101
0.651057040633886
0.6679606600784906
0.6621825024990589
0.6693211928326745
0.6770331593347783
0.667871144839997
0.6571109127896128
0.6635471963302342
0.6706631824770029
0.6630738151098172
0.666745763782919
0.6652990322259102
0.672180950464142
0.6746912332311048
0.6635920416438004
0.6778105184042328
0.6712331707527208
0.6794862419988754
0.6781155243796273
0.6975964024857508
0.6716372450639734
0.6580951497051852
0.654412360692064
0.6736819103486464
0.6761588757454022
0.7037853676867074
0.618247923212436
0.6258193530560866
0.6016892072912584
0.6949594902228009
0.6969303090105781
0.7387197157746841
0.6165509321903477
0.6151914323429708
0.5916870717402951
0.7049843532349551
0.7123077299292947
0.6583811577988408
0.6775247821123784
0.6792154936170487
0.7446990945466225
0.6095700576883414
0.6065867927664408
0.5875974898979933
0.6516616846966068
0.6510570406338795
0.6679606600785077
0.6621825024991628
0.6693211928327568
0.6770331593348334
0.6678711448398524
0.6571109127895147
0.6635471963300053
0.6706631824768077
0.6630738151095559
0.6667457637822558
0.6652990322261567
0.6721809504642952
0.6746912332315458
0.6635920416441348
0.6778105184044114
0.67123317075346
0.6794862419988709
0.6781155243794763
0.6975964024857026
0.6716372450638168
0.6580951497050456
0.6544123606918459
0.6736819103486771
0.6761588757454022
0.7037853676867118
0.6182479232124188
0.6258193530560491
0.6016892072911897
0.6949594902228124
0.6969303090105977
0.7387197157746838
0.6165509321903466
0.6151914323429721
0.591687071740293
0.7049843532349533
0.7123077299292924
0.6583811577988378
0.67752478211238
0.679215493617047
0.7446990945466186
0.6095700576883419
0.6065867927664548
0.5875974898979979
0.6516616846965935
0.6510570406338854
0.6679606600784735
0.6621825024990717
0.6693211928326859
0.6770331593348267
0.6678711448398967
0.6571109127895285
0.6635471963301036
0.6706631824767713
0.6630738151094455
0.6667457637822953
0.6652990322260923
0.6721809504643089
0.6746912332314745
0.6635920416442169
0.6778105184044441
0.6712331707535115
0.6794862419989081
0.678115524379467
0.6975964024857351
0.6716372450639239
0.6580951497051246
0.6544123606918895
0.6736819103486538
0.676158875745402
0.7037853676866961
0.6182479232124197
0.6258193530560587
0.6016892072911935
0.6949594902228272
0.6969303090105998
0.7387197157746971
0.6165509321903454
0.6151914323429729
0.5916870717402963
0.7049843532349563
0.7123077299292941
0.6583811577988381
0.6775247821123844
0.679215493617056
0.7446990945466201
0.6095700576883293
0.6065867927664594
0.5875974898979923
0.6516616846965986
0.6510570406338907
0.6679606600784637
0.6621825024989845
0.6693211928326186
0.6770331593347709
0.667871144840033
0.6571109127896204
0.6635471963303148
0.6706631824769771
0.6630738151097342
0.6667457637829587
0.6652990322258548
0.672180950464149
0.6746912332310454
0.6635920416438599
0.6778105184042511
0.6712331707527519
0.6794862419989056
0.6781155243796232
0.697596402485784
0.6716372450640684
0.6580951497052514
0.6544123606921013
0.6736819103486253
0.6761588757454007
0.7037853676866965
0.6182479232124354
0.6258193530560926
0.6016892072912607
0.6949594902228098
0.6969303090105812
0.7387197157746926
0.6165509321903443
0.615191432342969
0.5916870717402974
0.7049843532349596
0.7123077299292992
0.6583811577988423
0.6775247821123815
0.6792154936170525
0.7446990945466265
0.6095700576883353
0.6065867927664454
0.5875974898979902
0.6516616846966076
0.6510570406338841
0.6679606600784975
0.662182502499095
0.6693211928327074
0.6770331593347869
0.6678711448399589
0.6571109127895887
0.663547196330166
0.6706631824769724
0.6630738151097845
0.666745763782778
0.6652990322259702
0.6721809504641714
0.6746912332312061
0.6635920416438541
0.6778105184042613
0.6712331707528609
0.6794862419988685
0.6781155243795989
0.6975964024857375
0.6716372450639254
0.6580951497051433
0.6544123606920089
0.6736819103486555
0.6761588757454005
0.7037853676867112
0.6182479232124329
0.6258193530560751
0.601689207291241
0.6949594902228005
0.6969303090105827
0.7387197157746799
0.6165509321903474
0.6151914323429728
0.5916870717402934
0.704984353234954
0.7123077299292974
0.6583811577988443