0.7123077299292953
0.7049843532349525
0.6583811577988364
0.6151914323429739
0.6165509321903477
0.5916870717402913
0.6969303090105902
0.6949594902227977
0.7387197157746894
0.625819353056073
0.618247923212426
0.6016892072912241
0.6761588757453941
0.6736819103486846
0.7037853676867296
0.6580951497050069
0.6716372450637467
0.6544123606917431
0.6781155243795192
0.6794862419988734
0.6975964024856722
0.677810518404387
0.663592041644077
0.671233170753279
0.6721809504642406
0.6652990322261102
0.6746912332314102
0.6630738151096657
0.6706631824768954
0.6667457637825128
0.657110912789568
0.6678711448399209
0.6635471963301353
0.6693211928326877
0.6621825024990963
0.6770331593347687
0.6510570406338878
0.6516616846966057
0.6679606600785093
0.6065867927664476
0.6095700576883423
0.5875974898979966
0.6792154936170495
0.6775247821123812
0.7446990945466196
0.7123077299292914
0.7049843532349508
0.6583811577988417
0.6151914323429735
0.6165509321903426
0.5916870717402966
0.69693030901059
0.6949594902228248
0.7387197157746976
0.6258193530560572
0.6182479232124453
0.6016892072911978
0.6761588757454076
0.6736819103486886
0.7037853676866975
0.6580951497050248
0.6716372450637786
0.6544123606916435
0.6781155243794459
0.6794862419989022
0.69759640248567
0.6778105184044936
0.6635920416442651
0.6712331707536726
0.6721809504643
0.6652990322261169
0.6746912332315073
0.6630738151094797
0.6706631824767886
0.6667457637823513
0.6571109127895489
0.6678711448399197
0.6635471963301581
0.6693211928326621
0.6621825024990555
0.6770331593347578
0.6510570406338841
0.6516616846965931
0.667960660078479
0.6065867927664572
0.6095700576883464
0.5875974898980041
0.6792154936170538
0.6775247821123801
0.7446990945466261
0.7123077299292999
0.7049843532349604
0.6583811577988408
0.6151914323429686
0.6165509321903433
0.591687071740294
0.6969303090105947
0.6949594902228262
0.7387197157746882
0.6258193530560674
0.6182479232124257
0.6016892072912177
0.6761588757454056
0.6736819103486145
0.7037853676866748
0.6580951497053094
0.6716372450641668
0.654412360692252
0.678115524379585
0.6794862419989025
0.6975964024858297
0.6778105184042639
0.6635920416439062
0.6712331707528927
0.6721809504642033
0.6652990322258965
0.6746912332311739
0.6630738151096203
0.6706631824768887
0.6667457637826919
0.6571109127895662
0.6678711448399637
0.6635471963301744
0.6693211928326965
0.662182502499054
0.6770331593348489
0.651057040633888
0.6516616846965977
0.6679606600784616
0.6065867927664574
0.6095700576883323
0.587597489898
0.679215493617052
0.6775247821123821
0.7446990945466292
0.7123077299292953
0.7049843532349617
0.6583811577988425
0.6151914323429695
0.6165509321903481
0.591687071740294
0.6969303090105907
0.6949594902227993
0.7387197157746851
0.6258193530560797
0.618247923212413
0.6016892072912376
0.6761588757453932
0.6736819103486276
0.7037853676867151
0.6580951497052283
0.6716372450640454
0.6544123606922192
0.678115524379628
0.6794862419988758
0.6975964024857918
0.6778105184042089
0.6635920416437959
0.6712331707526766
0.6721809504641652
0.6652990322259373
0.6746912332311521
0.6630738151097743
0.6706631824769722
0.6667457637827785
0.6571109127895817
0.6678711448399549
0.663547196330144
0.6693211928327129
0.6621825024990986
0.6770331593348411
0.6510570406338891
0.6516616846966115
0.6679606600784957
0.606586792766444
0.6095700576883323
0.5875974898979962
0.6792154936170505
0.6775247821123864
0.7446990945466249
0.7123077299292886
0.7049843532349501
0.6583811577988348
0.6151914323429747
0.6165509321903488
0.5916870717402924
0.6969303090105875
0.6949594902228038
0.7387197157746932
0.6258193530560685
0.6182479232124354
0.6016892072912152
0.6761588757453982
0.6736819103487
0.7037853676867238
0.6580951497049626
0.6716372450636857
0.6544123606916207
0.6781155243794756
0.6794862419988819
0.6975964024856462
0.677810518404449
0.663592041644178
0.6712331707535014
0.6721809504642697
0.6652990322261478
0.674691233231487
0.6630738151096033
0.670663182476852
0.6667457637824208
0.6571109127895602
0.6678711448399142
0.6635471963301369
0.6693211928326749
0.662182502499092
0.6770331593347556
0.6510570406338865
0.6516616846966079
0.6679606600785057
0.6065867927664466
0.6095700576883452
0.5875974898980016
0.6792154936170495
0.6775247821123825
0.7446990945466233
0.7123077299292954
0.7049843532349521
0.6583811577988323
0.6151914323429714
0.616550932190343
0.5916870717402928
0.6969303090105905
0.6949594902228318
0.7387197157746922
0.625819353056059
0.6182479232124419
0.6016892072912028
0.6761588757454098
0.6736819103486694
0.7037853676866832
0.6580951497051022
0.6716372450638843
0.6544123606917829
0.6781155243794699
0.6794862419989056
0.6975964024857115
0.6778105184044514
0.6635920416442018
0.6712331707535297
0.6721809504642857
0.6652990322260603
0.6746912332314323
0.6630738151094846
0.670663182476801
0.6667457637824121
0.6571109127895496
0.6678711448399304
0.6635471963301683
0.669321192832667
0.6621825024990495
0.6770331593347838
0.6510570406338834
0.6516616846965926
0.6679606600784678
0.6065867927664599
0.609570057688346
0.5875974898980081
0.6792154936170485
0.6775247821123815
0.7446990945466179
0.7123077299293025
0.7049843532349642
0.658381157798837
0.6151914323429664
0.6165509321903424
0.5916870717402944
0.6969303090105935
0.6949594902228174
0.738719715774684
0.6258193530560726
0.6182479232124217
0.6016892072912248
0.6761588757454013
0.6736819103486008
0.7037853676866779
0.6580951497053368
0.6716372450642005
0.6544123606923433
0.6781155243796197
0.679486241998896
0.6975964024858402
0.6778105184042131
0.66359204164382
0.671233170752717
0.6721809504641771
0.6652990322258721
0.6746912332311171
0.6630738151096773
0.6706631824769274
0.6667457637827623
0.6571109127895703
0.6678711448399667
0.6635471963301709
0.6693211928327065
0.6621825024990673
0.6770331593348631
0.6510570406338874
0.6516616846965979
0.6679606600784671
0.6065867927664557
0.6095700576883314
0.5875974898980028
0.6792154936170541
0.6775247821123812
0.744699094546621
0.7123077299292955
0.7049843532349565
0.6583811577988352
0.6151914323429715
0.6165509321903482
0.5916870717402936
0.6969303090105906
0.6949594902227942
0.738719715774685
0.6258193530560787
0.6182479232124172
0.6016892072912331
0.6761588757453919
0.6736819103486453
0.7037853676867166
0.6580951497051494
0.6716372450639344
0.6544123606920669
0.678115524379593
0.6794862419988683
0.69759640248575
0.6778105184042622
0.6635920416438773
0.6712331707528542
0.6721809504641889
0.6652990322259977
0.6746912332312334
0.663073815109755
0.6706631824769531
0.6667457637826995
0.6571109127895767
0.6678711448399426
0.6635471963301374
0.6693211928327099
0.6621825024991043
0.6770331593348191
0.6510570406338891
0.6516616846966113
0.6679606600785032
0.6065867927664448
0.609570057688333
0.5875974898980016
0.6792154936170516
0.6775247821123823
0.7446990945466265
0.7123077299292844
0.7049843532349493
0.6583811577988343
0.6151914323429746
0.6165509321903502
0.5916870717402944
0.6969303090105865
0.6949594902228112
0.7387197157746945
0.6258193530560644
0.61824792321244
0.6016892072912099
0.6761588757454
0.6736819103487044
0.7037853676867153
0.6580951497049533
0.6716372450636844
0.6544123606915686
0.6781155243794526
0.6794862419988908
0.6975964024856436
0.6778105184044814
0.6635920416442416
0.671233170753628
0.6721809504642907
0.66529903222616
0.6746912332315249
0.663073815109548
0.6706631824768239
0.6667457637823648
0.6571109127895542
0.6678711448399113
0.6635471963301461
0.6693211928326628
0.6621825024990797
0.6770331593347503
0.6510570406338818
0.6516616846966056
0.6679606600784977
0.6065867927664507
0.6095700576883507
0.5875974898980064
0.6792154936170482
0.6775247821123834
0.7446990945466243
0.7123077299292924
0.7049843532349578
0.6583811577988326
0.6151914323429718
0.6165509321903446
0.5916870717402949
0.696930309010591
0.6949594902228327
0.7387197157746908
0.625819353056063
0.6182479232124372
0.6016892072912042
0.6761588757454104
0.6736819103486509
0.7037853676866757
0.6580951497051798
0.6716372450639914
0.6544123606919438
0.6781155243795061
0.6794862419989101
0.6975964024857484
0.6778105184043965
0.6635920416441179
0.6712331707533421
0.6721809504642606
0.6652990322260015
0.674691233231351
0.6630738151095126
0.6706631824768199
0.6667457637824923
0.6571109127895528
0.6678711448399395
0.6635471963301732
0.6693211928326702
0.6621825024990469
0.677033159334808
0.6510570406338847
0.6516616846965961
0.6679606600784616
0.6065867927664574
0.6095700576883417
0.5875974898980061
0.6792154936170491
0.6775247821123809
0.744699094546618
0.7123077299293037
0.7049843532349637
0.6583811577988352
0.615191432342968
0.6165509321903446
0.5916870717402936
0.6969303090105912
0.6949594902228113
0.7387197157746809
0.6258193530560768
0.6182479232124151
0.6016892072912307
0.6761588757453985
0.6736819103485991
0.7037853676866866
0.6580951497053293
0.6716372450641832
0.6544123606923651
0.6781155243796351
0.6794862419988872
0.697596402485838
0.6778105184041932
0.6635920416437764
0.671233170752625
0.6721809504641639
0.6652990322258742
0.6746912332310964
0.6630738151097266
0.6706631824769509
0.6667457637828027
0.657110912789577
0.6678711448399642
0.6635471963301609
0.6693211928327145
0.6621825024990798
0.6770331593348672
0.6510570406338879
0.6516616846966039
0.6679606600784762
0.6065867927664519
0.6095700576883247
0.5875974898979988
0.6792154936170506
0.6775247821123821
0.7446990945466174
0.7123077299292926
0.7049843532349548
0.6583811577988418
0.6151914323429728
0.6165509321903473
0.5916870717402951
0.6969303090105902
0.6949594902227925
0.738719715774687
0.6258193530560758
0.6182479232124214
0.6016892072912323
0.6761588757453918
0.6736819103486615
0.7037853676867281
0.6580951497050743
0.6716372450638384
0.654412360691906
0.6781155243795607
0.6794862419988718
0.6975964024857162
0.677810518404317
0.6635920416439672
0.6712331707530491
0.6721809504642136
0.6652990322260551
0.6746912332313171
0.6630738151097206
0.67066318247693
0.6667457637826139
0.6571109127895721
0.6678711448399324
0.6635471963301351
0.6693211928326999
0.6621825024991053
0.677033159334796
0.6510570406338868
0.6516616846966062
0.6679606600785091
0.6065867927664482
0.6095700576883386
0.5875974898979992
0.6792154936170516
0.6775247821123809
0.7446990945466225
0.7123077299292897
0.7049843532349489
0.6583811577988378
0.6151914323429736
0.6165509321903442
0.5916870717402949
0.6969303090105885
0.6949594902228191
0.7387197157746987
0.6258193530560585
0.61824792321244
0.6016892072912013
0.676158875745404
0.6736819103487024
0.7037853676867083
0.6580951497049742
0.6716372450637135
0.6544123606915739
0.6781155243794421
0.6794862419988942
0.6975964024856485
0.677810518404501
0.663592041644276
0.6712331707536958
0.6721809504642995
0.6652990322261498
0.6746912332315333
0.6630738151095035
0.6706631824768007
0.6667457637823395
0.6571109127895504
0.6678711448399138
0.6635471963301529
0.6693211928326575
0.6621825024990654
0.6770331593347493
0.6510570406338831
0.6516616846965984
0.667960660078487
0.6065867927664533
0.6095700576883469
0.5875974898980041
0.6792154936170496
0.6775247821123804
0.7446990945466295
0.7123077299292928
0.7049843532349593
0.6583811577988419
0.6151914323429679
0.6165509321903442
0.5916870717402971
0.69693030901059
0.6949594902228315
0.7387197157746908
0.6258193530560645
0.6182479232124296
0.6016892072912066
0.676158875745409
0.6736819103486312
0.7037853676866758
0.6580951497052495
0.671637245064087
0.654412360692103
0.6781155243795425
0.6794862419989113
0.69759640248579
0.6778105184043342
0.6635920416440193
0.6712331707531336
0.6721809504642323
0.6652990322259464
0.674691233231266
0.663073815109557
0.6706631824768499
0.6667457637825904
0.6571109127895576
0.667871144839949
0.6635471963301728
0.6693211928326819
0.6621825024990484
0.6770331593348273
0.6510570406338836
0.6516616846965971
0.6679606600784573
0.6065867927664558
0.6095700576883364
0.5875974898980021
0.6792154936170505
0.6775247821123834
0.7446990945466248
0.7123077299292976
0.7049843532349618
0.6583811577988387
0.6151914323429674
0.6165509321903463
0.591687071740291
0.6969303090105896
0.694959490222804
0.7387197157746812
0.6258193530560796
0.6182479232124121
0.6016892072912372
0.6761588757453951
0.6736819103486104
0.7037853676867014
0.6580951497052937
0.6716372450641364
0.654412360692325
0.6781155243796393
0.6794862419988814
0.6975964024858263
0.6778105184041847
0.6635920416437608
0.6712331707525905
0.6721809504641582
0.6652990322258925
0.6746912332311004
0.6630738151097653
0.6706631824769702
0.6667457637828167
0.6571109127895807
0.6678711448399619
0.6635471963301528
0.6693211928327157
0.6621825024990913
0.6770331593348564
0.6510570406338896
0.6516616846966093
0.6679606600784856
0.6065867927664472
0.6095700576883285
0.5875974898979925
0.6792154936170494
0.6775247821123843
0.7446990945466199