0.6557933528499107
0.6533987604084783
0.6729728187563476
0.655397269586155
0.6550738779178966
0.6754747941456589
0.6562446563585758
0.6546148222061778
0.6767988434899096
0.655201080870427
0.6554679119039033
0.6769975898840861
0.6558543638637261
0.6540339631063653
0.6777135896767271
0.6553452717443743
0.6543743632308616
0.6763986272252206
0.6553986672588192
0.6542683673323454
0.6774214667927434
0.6556626258872515
0.6537905645475457
0.6762019862064718
0.6550171730950858
0.65398516625733
0.6776552751510526
0.6555839425703309
0.6537021855101669
0.6761850883637925
0.655467735622216
0.655751820692573
0.6781690474109174
0.656769654611949
0.6540643306682753
0.6772033553868166
0.6554964740496096
0.6543969568896075
0.6766520502426466
0.6565275584269243
0.6539120764804798
0.6741029846743314
0.6557250544324907
0.6567913419695119
0.6753679835815787
0.6550786249143158
0.6547035997682458
0.6762684757061291
0.6561909045780896
0.6552251034802008
0.6770118173226438
0.6549857769589801
0.6541270498707017
0.6769215064931257
0.6550689590262507
0.6541940344680399
0.6769804709254326
0.6557417801786308
0.654101533596181
0.6776944617247785
0.6551088441848136
0.6548664306852023
0.6770115093959985
0.6551189675410536
0.6539810520842866
0.677740091338649
0.6547948604475426
0.6540627741519659
0.677642190828339
0.6550233618009427
0.6531532090526246
0.6769529177979722
0.655110403420667
0.655362724358866
0.6760926386622591
0.6559331630565239
0.6539797480764321
0.677404274193153
0.6551289732438468
0.65352445769814
0.6767881715711823
0.6562429952738652
0.6537940625764285
0.6762201920442862
0.6556783825704775
0.6546153249821722
0.6753149086305077
0.6552853094718334
0.653766966404043
0.6748761194849506
0.6554311405212321
0.6544140311985125
0.6765405071697711
0.6549849146708823
0.6543388666442174
0.6766956188395444
0.6549501581680504
0.6530652133868222
0.6769133405606143
0.6551040334006426
0.653756687679232
0.6767050723229098
0.6567331723723897
0.6544955970495357
0.6769905199884436
0.6559635247897933
0.6548110014980251
0.6778201987077764
0.655205990831073
0.653742720210535
0.6785057623210444
0.6552252218635786
0.6538327718739952
0.6770114717388374
0.6547398551485295
0.6535394415883031
0.6781148201059928
0.6548966227841179
0.6544887003509079
0.6760097577298945
0.6550253041302798
0.6538318128994167
0.6771944018437883
0.655324011542523
0.6535535587278652
0.6771337611343415
0.6549732279777303
0.6525450713699525
0.6780383307078534
0.6552841695537353
0.6541629907140731
0.6761862884437849
0.6550919878458408
0.6538747128940389
0.6775147106748671
0.6552927182525099
0.6552788201995535
0.6773070731612592
0.6555934475872132
0.6542797805130984
0.6776386105627794
0.6552100340355476
0.6541362545657559
0.6772313541916264
0.6559615883496839
0.6542192535375884
0.6770124644871014
0.6572011596349299
0.6561245963690777
0.6779708634100621
0.6570588635644223
0.6541741448571876
0.6789728313075137
0.6554389402590892
0.6546529895203143
0.6788398316704405
0.6558781082584453
0.6543215299935492
0.679802926537261
0.655227159443167
0.6544762982501128
0.6767589510118026
0.6553633222469013
0.6545580999149195
0.6758866878701237
0.6554888561349306
0.6555639938083309
0.6762564568638606
0.6557171627955012
0.6542787893375543
0.6767693465378265
0.6554077263087297
0.6539635385853926
0.677515974058341
0.6552155437357865
0.6537844896554084
0.6771476220383754
0.6559456497403348
0.653602141240469
0.677369173593534
0.6566436248750598
0.6542534337484162
0.6775979123891605
0.6557644306547502
0.6545959880922577
0.6775839399011794
0.6572130798259195
0.6549417426693844
0.6777306326740014
0.6569752849919857
0.6565621767541546
0.6778535658498284
0.6574437976370975
0.6550093322847391
0.6784511162639232
0.6575713579223442
0.6550153688566038
0.6779999382099184
0.655852000857365
0.654729872286095
0.6770412360683941
0.6551205725886193
0.6540136907632473
0.6749141451654821
0.6551580409405242
0.6543997413271938
0.6761328153000195
0.6562132318195171
0.6547709731766522
0.6753282406578087
0.6554879471404866
0.6552462265839483
0.6746049348670332
0.6564826532871259
0.6563556526685932
0.6763677246888326
0.655766369956376
0.654937004141136
0.6776743442507183
0.6565686938690352
0.6544684821559092
0.6775147012737447
0.6562651790212957
0.6557823064768613
0.6782112415833514
0.6561377318072461
0.6551344901877302
0.677197120819856
0.6562532729046733
0.6544204514172921
0.6775885877042255
0.6560863585019028
0.6545079062439936
0.6781520071255939
0.6567910617299061
0.6543693046033151
0.6788072244079951
0.6577187734353098
0.6552234866647534
0.6784254624366282
0.656242451044664
0.6530256345555796
0.6767514609010008
0.6549436179166275
0.6544418230351294
0.6734334007171756
0.6535803355724836
0.6520583976081965
0.6681582283363245
0.6544758642199661
0.6546258284516819
0.6722743471610173
0.656409867996775
0.65546556832318
0.6731706898618514
0.6568746108619984
0.653826134376895
0.6759681711684151
0.6557725614909675
0.6549051434957154
0.6765428377817325
0.656166596794675
0.6551254899077916
0.6775573266500313
0.655955877425419
0.6559183037519255
0.676081104846016
0.6560776218764113
0.6537054092916734
0.6764167172861859
0.6559322703356161
0.6544819587631596
0.6774813088394669
0.6549075973450014
0.6540208772073297
0.6774054441252395
0.6552604226184797
0.6540022461284398
0.6784833600705065
0.655344369153938
0.6542687706973852
0.6788476973994116
0.6557237322573066
0.6547518079534982
0.6772995392736051
0.6544783673891903
0.6540504942633726
0.6734236324117354
0.6501094352934732
0.6520512498872924
0.6655044638106652
0.6471163886490509
0.6476494576092058
0.6604765811952023
0.6516528589020876
0.6525261293384943
0.6623203380415369
0.6542681032474307
0.6543035511361792
0.671111881532072
0.6551861256890577
0.6544178892119583
0.6759318676020154
0.6560304891763034
0.6542728291998146
0.6776087572212552
0.655020956402588
0.6539771922143636
0.6783899980834769
0.6551979309785099
0.6536340531990563
0.676157948772765
0.65530806990532
0.6542926311047282
0.6769882275230494
0.6554836601344831
0.6538889368295577
0.6765793968117797
0.6549303674598739
0.6537698800096716
0.6778814653032537
0.6555199890066794
0.6532621101036922
0.6779600803347223
0.6552904289774957
0.6541804404970541
0.6800428211066374
0.6550453916662826
0.6540098477797887
0.6750879122632154
0.6530074397124984
0.6519245512849248
0.6679664314092648
0.6494444972507487
0.6457188094794366
0.6601065503868552
0.4682459733033185
0.4643019346808756
0.4482764230221621
0.6494444972507489
0.6457188094794364
0.6601065503868555
0.6530074397124985
0.6519245512849252
0.6679664314092648
0.6550453916662825
0.6540098477797885
0.6750879122632154
0.6552904289774955
0.6541804404970535
0.6800428211066368
0.6555199890066793
0.653262110103692
0.6779600803347222
0.654930367459874
0.6537698800096714
0.6778814653032534
0.6554836601344829
0.6538889368295575
0.6765793968117795
0.6553080699053198
0.6542926311047282
0.6769882275230495
0.6551979309785101
0.6536340531990565
0.6761579487727651
0.6550209564025877
0.6539771922143631
0.6783899980834769
0.656030489176303
0.6542728291998143
0.6776087572212548
0.6551861256890574
0.6544178892119585
0.6759318676020154
0.6542681032474308
0.6543035511361791
0.671111881532072
0.6516528589020872
0.6525261293384946
0.6623203380415369
0.6471163886490507
0.6476494576092058
0.6604765811952023
0.6501094352934731
0.6520512498872927
0.6655044638106652
0.6544783673891903
0.6540504942633727
0.6734236324117358
0.6557237322573065
0.654751807953498
0.6772995392736052
0.6553443691539377
0.6542687706973852
0.6788476973994114
0.6552604226184797
0.6540022461284396
0.678483360070506
0.6549075973450014
0.6540208772073294
0.6774054441252392
0.6559322703356154
0.6544819587631596
0.6774813088394669
0.6560776218764115
0.6537054092916732
0.6764167172861861
0.6559558774254193
0.6559183037519255
0.6760811048460161
0.6561665967946753
0.6551254899077916
0.6775573266500309
0.6557725614909675
0.6549051434957152
0.6765428377817327
0.6568746108619979
0.6538261343768945
0.6759681711684149
0.6564098679967747
0.6554655683231798
0.6731706898618512
0.6544758642199657
0.6546258284516822
0.6722743471610177
0.6535803355724833
0.6520583976081967
0.6681582283363243
0.6549436179166277
0.6544418230351294
0.6734334007171754
0.6562424510446646
0.6530256345555796
0.6767514609010006
0.6577187734353098
0.6552234866647535
0.6784254624366282
0.6567910617299062
0.654369304603315
0.6788072244079955
0.6560863585019028
0.6545079062439938
0.6781520071255939
0.656253272904674
0.654420451417292
0.6775885877042255
0.6561377318072463
0.6551344901877298
0.677197120819856
0.6562651790212956
0.6557823064768616
0.6782112415833523
0.6565686938690356
0.6544684821559097
0.677514701273744
0.6557663699563756
0.654937004141136
0.6776743442507184
0.6564826532871259
0.6563556526685934
0.6763677246888322
0.6554879471404866
0.6552462265839485
0.6746049348670333
0.6562132318195169
0.6547709731766526
0.6753282406578086
0.6551580409405243
0.654399741327194
0.6761328153000192
0.6551205725886194
0.6540136907632472
0.6749141451654819
0.655852000857365
0.654729872286095
0.677041236068394
0.6575713579223439
0.655015368856604
0.6779999382099182
0.6574437976370977
0.655009332284739
0.678451116263923
0.6569752849919854
0.6565621767541545
0.6778535658498288
0.6572130798259194
0.654941742669385
0.6777306326740017
0.6557644306547503
0.6545959880922579
0.6775839399011798
0.6566436248750598
0.6542534337484162
0.6775979123891607
0.6559456497403346
0.6536021412404692
0.6773691735935337
0.6552155437357863
0.6537844896554086
0.6771476220383754
0.6554077263087299
0.653963538585393
0.677515974058341
0.6557171627955012
0.6542787893375542
0.6767693465378266
0.6554888561349304
0.6555639938083307
0.6762564568638603
0.6553633222469015
0.6545580999149196
0.6758866878701235
0.6552271594431671
0.6544762982501128
0.6767589510118031
0.6558781082584456
0.6543215299935492
0.6798029265372609
0.6554389402590893
0.6546529895203141
0.6788398316704409
0.6570588635644223
0.6541741448571874
0.6789728313075137
0.65720115963493
0.6561245963690776
0.6779708634100619
0.6559615883496841
0.6542192535375884
0.6770124644871016
0.6552100340355477
0.6541362545657557
0.6772313541916266
0.6555934475872129
0.6542797805130987
0.6776386105627799
0.6552927182525099
0.6552788201995534
0.6773070731612589
0.6550919878458406
0.6538747128940392
0.6775147106748668
0.6552841695537357
0.6541629907140735
0.6761862884437848
0.6549732279777305
0.6525450713699528
0.6780383307078535
0.6553240115425226
0.6535535587278652
0.6771337611343413
0.6550253041302795
0.6538318128994168
0.6771944018437883
0.6548966227841175
0.654488700350908
0.6760097577298945
0.654739855148529
0.6535394415883031
0.6781148201059931
0.6552252218635787
0.6538327718739951
0.6770114717388371
0.6552059908310728
0.6537427202105349
0.6785057623210435
0.6559635247897937
0.6548110014980255
0.6778201987077761
0.6567331723723902
0.6544955970495354
0.6769905199884437
0.6551040334006425
0.6537566876792319
0.6767050723229094
0.6549501581680507
0.6530652133868222
0.6769133405606144
0.6549849146708822
0.6543388666442175
0.676695618839544
0.6554311405212323
0.6544140311985124
0.6765405071697719
0.6552853094718336
0.6537669664040429
0.6748761194849502
0.655678382570478
0.6546153249821718
0.6753149086305076
0.656242995273865
0.6537940625764286
0.6762201920442864
0.6551289732438471
0.6535244576981396
0.6767881715711815
0.6559331630565243
0.6539797480764319
0.677404274193153
0.6551104034206672
0.6553627243588658
0.676092638662259
0.6550233618009429
0.6531532090526242
0.6769529177979721
0.6547948604475429
0.654062774151966
0.6776421908283394
0.6551189675410543
0.6539810520842864
0.6777400913386489
0.655108844184814
0.6548664306852022
0.6770115093959987
0.6557417801786309
0.6541015335961812
0.6776944617247787
0.6550689590262503
0.6541940344680395
0.6769804709254323
0.6549857769589799
0.6541270498707017
0.6769215064931258
0.6561909045780896
0.6552251034802011
0.677011817322644
0.6550786249143157
0.6547035997682458
0.6762684757061288
0.6557250544324909
0.6567913419695117
0.6753679835815788
0.6565275584269241
0.6539120764804801
0.6741029846743312
0.6554964740496094
0.6543969568896074
0.676652050242647
0.6567696546119497
0.6540643306682759
0.6772033553868164
0.6554677356222158
0.6557518206925729
0.6781690474109174
0.6555839425703311
0.6537021855101671
0.6761850883637923
0.6550171730950864
0.6539851662573302
0.6776552751510525
0.655662625887252
0.6537905645475457
0.6762019862064717
0.6553986672588191
0.6542683673323456
0.6774214667927438
0.6553452717443742
0.6543743632308618
0.6763986272252207
0.6558543638637259
0.6540339631063651
0.677713589676727
0.655201080870427
0.6554679119039032
0.6769975898840862
0.6562446563585758
0.6546148222061778
0.6767988434899095
0.6553972695861547
0.6550738779178968
0.6754747941456589
0.6557933528499107
0.6533987604084783
0.6729728187563474