-0.4841645504616191 -0.01796761060131153 -0.010041240652276837	-0.017967610601311537 -0.4983444721436234 -0.11022718040643184	0.010041240652276639 0.11022718040643237 -0.6175680051095879
0.40735965791989004 0.007795027854272861 0.02205449303997778	0.007795027854272062 0.40330570263416665 -0.07359253492997778	-0.022054493039978508 0.07359253492997658 0.4889526772620064
0.047714701953718165 -0.002790873488070057 -0.00025847329646237066	-0.0027908734880723284 0.05495996309165589 -0.0614348555699534	0.00025847329646163514 0.06143485556995268 0.02273451123891934
-0.3880470112057795 -0.012743612710051984 -0.018185512170023316	-0.012743612710049642 -0.39736953043815854 -0.08488798123656287	0.018185512170023566 0.08488798123656591 -0.5641475876924136
-0.04422235102548926 -0.009103570791001464 -0.011730146482838964	-0.009103570791000814 -0.08491937153008784 -0.07217568617360298	0.011730146482837742 0.07217568617360069 -0.14398103871561047
0.03582432354633619 -0.015646781404247224 -0.026865213402728634	-0.015646781404248848 0.018387452476804345 -0.08644127545210274	0.026865213402729148 0.08644127545210256 -0.0037827532268241287
-0.09513479610530988 -0.013719713688905583 -0.016714487722608168	-0.013719713688906983 -0.1288741135428015 -0.08181848390990448	0.01671448772260989 0.0818184839099034 -0.1678128294551075
-0.16280764958899055 -0.010921217829032876 -0.024858059916445074	-0.010921217829033915 -0.20874294489621575 -0.0979978593823472	0.024858059916446372 0.09799785938234631 -0.32656279968921903
-0.1629561875544953 -0.013509806121516584 -0.02112446871911418	-0.013509806121518069 -0.19732230144057622 -0.09209855253494822	0.021124468719117225 0.0920985525349475 -0.29320813452457684
-0.03882759960237922 -0.014458568840993117 -0.030821836011834004	-0.014458568840994349 -0.06502462141941869 -0.08490892552399466	0.030821836011835378 0.08490892552399676 -0.08181258926385197
0.012746250313242502 -0.003932257777431487 -0.02469606915842937	-0.003932257777432983 -0.010564392770134635 -0.08350392290857127	0.02469606915842977 0.08350392290857257 -0.06363956137630933
-0.2212753781429599 -0.01465792365282763 -0.022908115345226174	-0.014657923652824565 -0.23958854066205648 -0.09145453947457899	0.02290811534522626 0.09145453947457984 -0.3605501610160531
-0.23230825609278824 -0.01252683701989976 -0.013510269827285856	-0.01252683701989987 -0.23487116423045365 -0.08424850189689963	0.013510269827285946 0.0842485018969024 -0.36308376718508084
0.04258949820516158 0.000353710115694815 -0.008117616128582993	0.0003537101156957118 0.03863130210536624 -0.02954031868899109	0.00811761612858445 0.02954031868899197 0.0009426634987007125
-0.08103815861244075 9.380348888022444e-6 -0.04409448795139553	9.380348883827883e-6 -0.07760707101085704 -0.053012267248957884	0.04409448795139685 0.05301226724895872 -0.11746157850200276
-0.484164550461625 -0.01796761060130999 -0.010041240652281687	-0.017967610601312828 -0.4983444721436224 -0.1102271804064287	0.010041240652282034 0.11022718040642931 -0.6175680051095973
0.4073596579198985 0.007795027854272773 0.022054493039968016	0.007795027854273056 0.4033057026341592 -0.0735925349299757	-0.022054493039971094 0.07359253492997786 0.4889526772619913
0.04771470195370662 -0.0027908734880564092 -0.00025847329647666825	-0.002790873488057622 0.05495996309156129 -0.0614348555699535	0.00025847329647534986 0.06143485556995354 0.02273451123889366
-0.3880470112058159 -0.012743612710070087 -0.018185512170027073	-0.012743612710070747 -0.3973695304382244 -0.08488798123656194	0.018185512170024183 0.08488798123656208 -0.5641475876924548
-0.044222351025733436 -0.009103570790931593 -0.011730146482882602	-0.009103570790931124 -0.08491937153038381 -0.07217568617353962	0.011730146482881856 0.07217568617353849 -0.14398103871573925
0.03582432354653591 -0.015646781404099412 -0.02686521340256008	-0.015646781404098066 0.018387452476617445 -0.08644127545219303	0.0268652134025629 0.0864412754521895 -0.003782753226542923
-0.0951347961045704 -0.013719713688735277 -0.016714487722531986	-0.013719713688734798 -0.12887411354239947 -0.08181848391005722	0.016714487722529082 0.08181848391005783 -0.1678128294540408
-0.16280764958814573 -0.010921217829163858 -0.024858059916354952	-0.010921217829161334 -0.2087429448951543 -0.09799785938224768	0.02485805991635545 0.09799785938224916 -0.3265627996874675
-0.16295618755395813 -0.013509806121601976 -0.02112446871911905	-0.013509806121600697 -0.19732230144020807 -0.09209855253481476	0.021124468719117214 0.09209855253481364 -0.29320813452359207
-0.03882759960187015 -0.014458568841198737 -0.030821836011960514	-0.014458568841198102 -0.06502462141888991 -0.08490892552386187	0.03082183601196001 0.08490892552386274 -0.08181258926312679
0.01274625031355352 -0.0039322577774496175 -0.024696069158435974	-0.003932257777449965 -0.010564392769658863 -0.08350392290860753	0.024696069158437764 0.08350392290860681 -0.06363956137623672
-0.2212753781429371 -0.01465792365284972 -0.0229081153452721	-0.01465792365284897 -0.23958854066213275 -0.0914545394746021	0.022908115345274822 0.09145453947459839 -0.36055016101604453
-0.23230825609276978 -0.012526837019868238 -0.013510269827294839	-0.0125268370198717 -0.2348711642305081 -0.08424850189684908	0.0135102698272959 0.08424850189684692 -0.36308376718508856
0.04258949820514597 0.00035371011569491906 -0.008117616128584446	0.00035371011569728175 0.038631302105338494 -0.029540318688984723	0.008117616128582613 0.029540318688987117 0.0009426634986749553
-0.08103815861244075 9.380348889642676e-6 -0.044094487951405234	9.380348886131595e-6 -0.0776070710108527 -0.05301226724895702	0.04409448795139966 0.05301226724896105 -0.11746157850200718
-0.4841645504616148 -0.017967610601311832 -0.010041240652281229	-0.0179676106013114 -0.4983444721436105 -0.11022718040642909	0.010041240652281888 0.11022718040642947 -0.6175680051095893
0.40735965791991274 0.007795027854261419 0.02205449303997558	0.007795027854264091 0.40330570263418036 -0.07359253492998147	-0.022054493039972454 0.07359253492998202 0.488952677261997
0.04771470195370479 -0.002790873488089916 -0.00025847329649283934	-0.0027908734880894683 0.05495996309159022 -0.061434855569957314	0.0002584732964934361 0.061434855569956454 0.022734511238947548
-0.38804701120575014 -0.012743612710096695 -0.01818551217008807	-0.01274361271009605 -0.39736953043816803 -0.08488798123654828	0.01818551217008669 0.08488798123654752 -0.5641475876924381
-0.044222351026306485 -0.009103570790872319 -0.011730146482962625	-0.00910357079087364 -0.08491937153104216 -0.0721756861736585	0.0117301464829601 0.07217568617366141 -0.14398103871641058
0.035824323545121134 -0.015646781403840918 -0.02686521340276135	-0.015646781403841608 0.018387452474944846 -0.08644127545239133	0.026865213402765844 0.08644127545239334 -0.003782753228932109
-0.09513479610655982 -0.013719713688494707 -0.016714487722398724	-0.013719713688496792 -0.12887411354416847 -0.08181848391014203	0.016714487722397794 0.081818483910144 -0.16781282945753423
-0.16280764959005664 -0.010921217828967192 -0.024858059916503514	-0.010921217828966729 -0.20874294489683154 -0.09799785938250069	0.024858059916500242 0.0979978593825016 -0.32656279969097235
-0.16295618755524421 -0.013509806121614185 -0.0211244687190785	-0.013509806121614697 -0.19732230144133137 -0.0920985525348914	0.021124468719077666 0.09209855253488898 -0.29320813452619016
-0.03882759960240702 -0.014458568841190666 -0.030821836012017177	-0.014458568841191961 -0.06502462141947449 -0.08490892552385076	0.03082183601201704 0.08490892552384753 -0.08181258926437132
0.0127462503134395 -0.003932257777422035 -0.024696069158523157	-0.003932257777423281 -0.010564392769817708 -0.08350392290863133	0.02469606915852405 0.08350392290863123 -0.06363956137632669
-0.2212753781428538 -0.01465792365283985 -0.02290811534530386	-0.014657923652837931 -0.23958854066205815 -0.09145453947460931	0.022908115345303834 0.09145453947460788 -0.36055016101588955
-0.23230825609273253 -0.012526837019892295 -0.013510269827295817	-0.012526837019893163 -0.2348711642304921 -0.0842485018968531	0.013510269827295217 0.0842485018968529 -0.36308376718515084
0.042589498205144974 0.00035371011568847803 -0.008117616128578024	0.00035371011568894814 0.03863130210536812 -0.02954031868899286	0.00811761612857862 0.02954031868899272 0.0009426634986804683
-0.08103815861243405 9.380348896803614e-6 -0.04409448795140802	9.380348893393148e-6 -0.07760707101084656 -0.053012267248960715	0.04409448795140661 0.0530122672489666 -0.11746157850201651
-0.48416455046161855 -0.017967610601309827 -0.010041240652275428	-0.017967610601310864 -0.498344472143616 -0.11022718040643376	0.010041240652274477 0.11022718040643599 -0.6175680051095914
0.40735965791990136 0.0077950278542661955 0.0220544930399819	0.007795027854267138 0.4033057026341851 -0.07359253492997986	-0.02205449303998172 0.07359253492998234 0.48895267726200764
0.047714701953719386 -0.00279087348809884 -0.0002584732964749578	-0.0027908734881005384 0.05495996309167548 -0.061434855569958174	0.00025847329647322656 0.06143485556995483 0.022734511238958234
-0.38804701120572405 -0.012743612710068832 -0.018185512170066583	-0.012743612710068221 -0.39736953043812334 -0.08488798123655625	0.01818551217007064 0.08488798123655611 -0.5641475876923987
-0.04422235102593214 -0.009103570790959263 -0.011730146482896126	-0.009103570790959846 -0.08491937153060117 -0.07217568617369874	0.01173014648290005 0.0721756861736984 -0.14398103871614124
0.035824323545224496 -0.015646781404046448 -0.026865213402884138	-0.01564678140404512 0.01838745247551464 -0.08644127545225741	0.026865213402886928 0.0864412754522605 -0.0037827532286898724
-0.09513479610684825 -0.013719713688720585 -0.01671448772250521	-0.013719713688719819 -0.12887411354416256 -0.08181848390996674	0.016714487722505653 0.08181848390996682 -0.16781282945781406
-0.16280764959046654 -0.010921217828879816 -0.024858059916559098	-0.010921217828878995 -0.20874294489750744 -0.0979978593825434	0.024858059916561193 0.0979978593825449 -0.32656279969194024
-0.16295618755549474 -0.01350980612152822 -0.02112446871908264	-0.013509806121530596 -0.19732230144144408 -0.09209855253500723	0.02112446871908091 0.09209855253500672 -0.29320813452660144
-0.03882759960278256 -0.014458568840986194 -0.0308218360118787	-0.014458568840989294 -0.06502462141985553 -0.08490892552398718	0.030821836011877046 0.08490892552398574 -0.08181258926480534
0.012746250313166212 -0.003932257777408398 -0.024696069158498108	-0.003932257777409889 -0.010564392770248121 -0.08350392290859124	0.024696069158497178 0.08350392290858809 -0.06363956137636681
-0.22127537814289489 -0.014657923652816781 -0.022908115345247625	-0.01465792365281593 -0.2395885406619975 -0.09145453947458976	0.022908115345245228 0.0914545394745882 -0.3605501610159214
-0.23230825609275965 -0.012526837019915124 -0.01351026982728882	-0.012526837019917168 -0.23487116423043708 -0.0842485018969038	0.01351026982728528 0.08424850189690727 -0.3630837671851299
0.042589498205153696 0.00035371011568929335 -0.00811761612857861	0.00035371011568786914 0.03863130210539209 -0.02954031868899446	0.008117616128580626 0.029540318688994725 0.0009426634987005078
-0.08103815861243718 9.380348894735824e-6 -0.04409448795140386	9.380348890693918e-6 -0.07760707101084621 -0.053012267248962824	0.04409448795140204 0.05301226724896482 -0.11746157850200817
-0.48416455046162693 -0.01796761060131109 -0.010041240652269169	-0.017967610601313876 -0.4983444721436232 -0.11022718040643248	0.010041240652270203 0.11022718040643115 -0.6175680051095886
0.40735965791989115 0.007795027854276694 0.02205449303997536	0.0077950278542761615 0.403305702634167 -0.07359253492997685	-0.022054493039975892 0.07359253492997801 0.48895267726199937
0.04771470195372058 -0.0027908734880630033 -0.0002584732964638764	-0.002790873488061481 0.054959963091629975 -0.06143485556995629	0.00025847329646217984 0.06143485556995576 0.02273451123890602
-0.38804701120579693 -0.012743612710051838 -0.01818551217001613	-0.012743612710052275 -0.39736953043818596 -0.0848879812365678	0.018185512170016883 0.08488798123656685 -0.5641475876924268
-0.044222351025443446 -0.009103570791000274 -0.011730146482834266	-0.009103570791000517 -0.08491937153003985 -0.07217568617356875	0.011730146482834998 0.07217568617357056 -0.14398103871553725
0.03582432354661162 -0.015646781404260766 -0.026865213402658548	-0.015646781404260054 0.018387452477049773 -0.08644127545208355	0.026865213402659842 0.08644127545208277 -0.003782753226369895
-0.09513479610480599 -0.013719713688912732 -0.016714487722615606	-0.013719713688914807 -0.12887411354240746 -0.08181848390992476	0.01671448772261532 0.081818483909925 -0.1678128294542827
-0.16280764958847643 -0.01092121782908969 -0.024858059916399475	-0.01092121782908748 -0.20874294489569617 -0.09799785938227759	0.02485805991640085 0.09799785938227955 -0.32656279968824553
-0.1629561875541634 -0.013509806121539831 -0.021124468719127532	-0.013509806121539632 -0.19732230144030152 -0.09209855253490919	0.02112446871912668 0.09209855253490787 -0.2932081345239261
-0.0388275996021759 -0.014458568841045016 -0.03082183601185179	-0.01445856884104334 -0.06502462141919613 -0.08490892552396836	0.030821836011850325 0.08490892552396859 -0.0818125892634762
0.012746250313334213 -0.003932257777440546 -0.024696069158417787	-0.003932257777441743 -0.010564392769999126 -0.08350392290857328	0.02469606915841812 0.08350392290857399 -0.06363956137626837
-0.22127537814297316 -0.014657923652830442 -0.022908115345226646	-0.01465792365283075 -0.23958854066207655 -0.0914545394745831	0.02290811534522801 0.09145453947458071 -0.36055016101606574
-0.2323082560927891 -0.012526837019885195 -0.013510269827289326	-0.012526837019889188 -0.23487116423046117 -0.08424850189688828	0.013510269827290259 0.08424850189688848 -0.3630837671850791
0.042589498205151614 0.00035371011569665725 -0.008117616128591399	0.0003537101156995768 0.03863130210535749 -0.02954031868898852	0.00811761612859134 0.029540318688989375 0.0009426634986948526
-0.08103815861244452 9.380348890152684e-6 -0.044094487951403506	9.380348885860978e-6 -0.07760707101084946 -0.05301226724895827	0.04409448795139863 0.05301226724896113 -0.11746157850200212
-0.484164550461617 -0.01796761060131148 -0.010041240652278169	-0.017967610601313147 -0.49834447214361766 -0.11022718040643009	0.010041240652275536 0.11022718040642947 -0.6175680051095828
0.4073596579199051 0.007795027854268263 0.022054493039969987	0.007795027854268763 0.40330570263416643 -0.07359253492997943	-0.022054493039967406 0.0735925349299805 0.48895267726199687
0.0477147019537047 -0.0027908734880630493 -0.0002584732964835759	-0.0027908734880643486 0.05495996309155773 -0.06143485556995476	0.00025847329648217426 0.06143485556995254 0.02273451123890969
-0.38804701120580665 -0.01274361271008631 -0.018185512170046665	-0.012743612710082793 -0.39736953043821477 -0.08488798123655121	0.018185512170044937 0.08488798123655468 -0.5641475876924573
-0.04422235102592342 -0.009103570790907617 -0.011730146482912176	-0.009103570790909243 -0.08491937153060375 -0.0721756861735599	0.011730146482911416 0.07217568617356102 -0.14398103871594262
0.03582432354619909 -0.01564678140400863 -0.026865213402585363	-0.015646781404009824 0.018387452476139723 -0.08644127545225559	0.026865213402586262 0.08644127545225637 -0.0037827532271282466
-0.09513479610496636 -0.01371971368865276 -0.01671448772248341	-0.013719713688652716 -0.12887411354278916 -0.0818184839101023	0.0167144877224839 0.08181848391010262 -0.16781282945476428
-0.16280764958850835 -0.010921217829130643 -0.02485805991637243	-0.010921217829133157 -0.2087429448954229 -0.09799785938229384	0.024858059916374166 0.09799785938229237 -0.32656279968810015
-0.16295618755421276 -0.013509806121618754 -0.021124468719106122	-0.013509806121620366 -0.19732230144045826 -0.09209855253480842	0.0211244687191086 0.09209855253480624 -0.29320813452412364
-0.03882759960193855 -0.014458568841232814 -0.030821836011994806	-0.014458568841231454 -0.06502462141896266 -0.08490892552383544	0.030821836011996742 0.08490892552383364 -0.08181258926333812
0.012746250313570198 -0.0039322577774412145 -0.024696069158460825	-0.0039322577774429796 -0.01056439276963194 -0.08350392290861972	0.024696069158459514 0.08350392290862 -0.0636395613762548
-0.22127537814291212 -0.014657923652855322 -0.02290811534528386	-0.01465792365285352 -0.23958854066211938 -0.09145453947460142	0.022908115345286337 0.09145453947460548 -0.36055016101599424
-0.2323082560927589 -0.01252683701987125 -0.013510269827296494	-0.01252683701987168 -0.2348711642305099 -0.08424850189683912	0.01351026982729673 0.08424850189684066 -0.36308376718511054
0.042589498205146 0.00035371011569722104 -0.00811761612858454	0.00035371011569907546 0.03863130210533945 -0.029540318688985063	0.008117616128584802 0.029540318688983807 0.0009426634986752329
-0.08103815861244812 9.380348888955725e-6 -0.0440944879514	9.380348884396872e-6 -0.07760707101085387 -0.05301226724895684	0.04409448795139998 0.05301226724895826 -0.11746157850200475
-0.4841645504616103 -0.017967610601316575 -0.010041240652281413	-0.01796761060131789 -0.4983444721436047 -0.11022718040642943	0.010041240652280764 0.11022718040642931 -0.6175680051095812
0.4073596579199115 0.00779502785426181 0.022054493039975687	0.007795027854261479 0.4033057026341824 -0.07359253492998322	-0.022054493039976995 0.07359253492998467 0.4889526772620015
0.047714701953703524 -0.00279087348809903 -0.00025847329649182973	-0.0027908734880969562 0.054959963091625645 -0.061434855569956814	0.00025847329649067094 0.06143485556995615 0.022734511238957297
-0.3880470112057315 -0.012743612710096825 -0.018185512170093145	-0.012743612710097416 -0.39736953043814843 -0.0848879812365473	0.018185512170091907 0.08488798123654707 -0.5641475876924208
-0.04422235102630726 -0.00910357079088497 -0.011730146482955818	-0.009103570790885144 -0.08491937153104596 -0.07217568617369029	0.011730146482954944 0.07217568617369148 -0.14398103871645898
0.035824323544915944 -0.01564678140385033 -0.026865213402825647	-0.01564678140384889 0.018387452474815873 -0.08644127545239401	0.026865213402828575 0.08644127545239377 -0.0037827532292679794
-0.09513479610694298 -0.013719713688517524 -0.016714487722410486	-0.013719713688521144 -0.1288741135444425 -0.08181848391011134	0.016714487722409382 0.08181848391011164 -0.16781282945814957
-0.16280764959045887 -0.010921217828913695 -0.024858059916541844	-0.010921217828914542 -0.2087429448972565 -0.0979978593825545	0.024858059916542115 0.09799785938255359 -0.3265627996917686
-0.16295618755551305 -0.013509806121593658 -0.021124468719070602	-0.01350980612159234 -0.19732230144154322 -0.09209855253493107	0.02112446871907069 0.09209855253492887 -0.2932081345267035
-0.03882759960257307 -0.01445856884113679 -0.030821836011988357	-0.014458568841135055 -0.06502462141965128 -0.08490892552388109	0.030821836011988176 0.08490892552387987 -0.08181258926466377
0.012746250313360658 -0.0039322577774121925 -0.024696069158529343	-0.003932257777412653 -0.010564392769945481 -0.08350392290862446	0.024696069158529985 0.08350392290862296 -0.06363956137634998
-0.2212753781428483 -0.014657923652838342 -0.0229081153452904	-0.014657923652835395 -0.23958854066202984 -0.09145453947460724	0.022908115345292024 0.09145453947460556 -0.3605501610158603
-0.23230825609273892 -0.012526837019901975 -0.013510269827292132	-0.012526837019905581 -0.23487116423048643 -0.08424850189686828	0.013510269827292719 0.08424850189686847 -0.36308376718515895
0.04258949820515029 0.00035371011568742505 -0.008117616128572834	0.00035371011568744067 0.038631302105378094 -0.029540318688991173	0.00811761612857414 0.029540318688994427 0.0009426634986821891
-0.08103815861243566 9.380348893014978e-6 -0.044094487951404575	9.380348889587165e-6 -0.07760707101084988 -0.053012267248957495	0.044094487951397296 0.05301226724896055 -0.1174615785020051
-0.4841645504616194 -0.017967610601314167 -0.010041240652276406	-0.017967610601312554 -0.4983444721436206 -0.1102271804064292	0.010041240652278162 0.11022718040642797 -0.6175680051095842
0.4073596579198966 0.007795027854267665 0.02205449303998005	0.007795027854268412 0.40330570263418014 -0.07359253492997984	-0.02205449303998354 0.07359253492997866 0.4889526772620042
0.04771470195372149 -0.0027908734880874803 -0.00025847329646704054	-0.0027908734880881195 0.05495996309168578 -0.061434855569958646	0.00025847329646612807 0.06143485556995805 0.022734511238946126
-0.38804701120573293 -0.012743612710063702 -0.018185512170056733	-0.012743612710063357 -0.3973695304381279 -0.0848879812365661	0.018185512170054617 0.08488798123655923 -0.5641475876923979
-0.04422235102575382 -0.009103570790979565 -0.011730146482871736	-0.00910357079097976 -0.08491937153040147 -0.07217568617367381	0.01173014648287284 0.07217568617367551 -0.1439810387159581
0.035824323545586706 -0.015646781404136667 -0.026865213402848753	-0.01564678140413632 0.018387452475992175 -0.08644127545219282	0.026865213402850807 0.08644127545219209 -0.0037827532280877707
-0.09513479610637246 -0.013719713688801573 -0.016714487722554728	-0.013719713688805039 -0.12887411354371742 -0.0818184839099349	0.016714487722549673 0.08181848390993371 -0.16781282945697162
-0.1628076495900253 -0.010921217828919014 -0.024858059916533188	-0.01092121782891831 -0.20874294489715164 -0.09799785938248419	0.024858059916530048 0.09799785938248733 -0.32656279969116836
-0.16295618755519312 -0.013509806121522345 -0.021124468719103964	-0.013509806121522767 -0.19732230144116691 -0.09209855253500177	0.021124468719100696 0.09209855253500279 -0.293208134525981
-0.03882759960268716 -0.01445856884097375 -0.030821836011851192	-0.014458568840974458 -0.065024621419743 -0.08490892552400428	0.030821836011849218 0.08490892552400243 -0.0818125892645328
0.012746250313162788 -0.003932257777416994 -0.024696069158471907	-0.003932257777417081 -0.01056439277025372 -0.08350392290857986	0.0246960691584706 0.08350392290857946 -0.06363956137635009
-0.22127537814291728 -0.014657923652813168 -0.02290811534522994	-0.014657923652813626 -0.23958854066200708 -0.09145453947458773	0.022908115345230504 0.09145453947458407 -0.3605501610159443
-0.23230825609277445 -0.012526837019914881 -0.013510269827284434	-0.012526837019917452 -0.2348711642304413 -0.0842485018969096	0.013510269827281506 0.08424850189690541 -0.3630837671851137
0.04258949820515951 0.00035371011568757077 -0.008117616128582378	0.0003537101156868283 0.038631302105389884 -0.029540318688994753	0.008117616128582762 0.029540318688995267 0.0009426634986999041
-0.08103815861242958 9.380348893792134e-6 -0.04409448795140577	9.380348891946388e-6 -0.07760707101085144 -0.05301226724896313	0.04409448795140633 0.05301226724896596 -0.11746157850200094
-0.4841645504616392 -0.017967610601303488 -0.010041240652273516	-0.017967610601305813 -0.49834447214362876 -0.1102271804064321	0.010041240652273332 0.11022718040643435 -0.617568005109592
0.4073596579198909 0.007795027854275216 0.022054493039970872	0.007795027854276602 0.4033057026341663 -0.07359253492997653	-0.022054493039973123 0.07359253492997797 0.48895267726199654
0.04771470195371738 -0.0027908734880528205 -0.00025847329646329006	-0.0027908734880560185 0.05495996309160756 -0.06143485556995659	0.0002584732964638209 0.06143485556995783 0.022734511238906192
-0.388047011205811 -0.012743612710057533 -0.018185512170013463	-0.012743612710055467 -0.3973695304382058 -0.08488798123656437	0.018185512170014448 0.08488798123656609 -0.564147587692437
-0.04422235102548553 -0.009103570790982278 -0.011730146482840709	-0.009103570790982129 -0.0849193715300928 -0.07217568617355034	0.011730146482839356 0.07217568617355016 -0.1439810387155473
0.03582432354671706 -0.015646781404233576 -0.026865213402609524	-0.015646781404232084 0.018387452477051848 -0.08644127545210374	0.026865213402609583 0.08644127545210128 -0.0037827532262086905
-0.09513479610454437 -0.013719713688872273 -0.016714487722601798	-0.013719713688871435 -0.12887411354223555 -0.08181848390996033	0.016714487722600695 0.08181848390996285 -0.167812829453868
-0.16280764958819416 -0.010921217829128 -0.02485805991636358	-0.010921217829128116 -0.20874294489536183 -0.09799785938223608	0.024858059916367185 0.09799785938223561 -0.3265627996876744
-0.16295618755397664 -0.013509806121559397 -0.021124468719127154	-0.013509806121560473 -0.1973223014401782 -0.09209855253486374	0.021124468719130603 0.09209855253486368 -0.29320813452358396
-0.03882759960203845 -0.01445856884109671 -0.030821836011883798	-0.01445856884109918 -0.0650246214190498 -0.08490892552393337	0.03082183601188338 0.08490892552393194 -0.08181258926325226
0.012746250313416946 -0.0039322577774391874 -0.024696069158416434	-0.003932257777440341 -0.01056439276987546 -0.08350392290858727	0.024696069158416236 0.08350392290858381 -0.06363956137625679
-0.22127537814297404 -0.014657923652835577 -0.022908115345236103	-0.014657923652836951 -0.23958854066210258 -0.09145453947458922	0.022908115345235004 0.09145453947459063 -0.36055016101605797
-0.23230825609278546 -0.012526837019878606 -0.013510269827289964	-0.012526837019878508 -0.23487116423047116 -0.08424850189687333	0.013510269827290665 0.08424850189687384 -0.36308376718507623
0.04258949820514541 0.0003537101156984544 -0.008117616128588563	0.0003537101156979028 0.03863130210534706 -0.02954031868898259	0.008117616128589928 0.02954031868898427 0.00094266349868425
-0.08103815861244076 9.380348893705398e-6 -0.04409448795141005	9.380348889823087e-6 -0.07760707101084797 -0.05301226724896377	0.04409448795140691 0.05301226724896543 -0.11746157850200609
-0.4841645504616239 -0.017967610601313605 -0.010041240652274241	-0.017967610601314795 -0.49834447214361477 -0.11022718040643195	0.010041240652275123 0.11022718040643165 -0.6175680051095822
0.407359657919911 0.007795027854267391 0.022054493039969744	0.00779502785426694 0.40330570263417576 -0.07359253492998163	-0.022054493039969175 0.07359253492998064 0.4889526772619966
0.0477147019536985 -0.0027908734880742253 -0.0002584732964862127	-0.002790873488073102 0.0549599630915579 -0.061434855569959396	0.00025847329648812437 0.06143485556995848 0.02273451123892102
-0.388047011205795 -0.01274361271009514 -0.018185512170057157	-0.012743612710092368 -0.39736953043820544 -0.08488798123654905	0.018185512170059346 0.08488798123655095 -0.5641475876924513
-0.044222351026091455 -0.009103570790892034 -0.011730146482931587	-0.009103570790890591 -0.08491937153079093 -0.07217568617358958	0.011730146482927688 0.07217568617359257 -0.14398103871612422
0.035824323545833286 -0.01564678140392993 -0.026865213402636742	-0.015646781403929458 0.018387452475684088 -0.08644127545231825	0.0268652134026372 0.08644127545231448 -0.003782753227752539
-0.09513479610546254 -0.01371971368858021 -0.016714487722443484	-0.013719713688581901 -0.12887411354323014 -0.08181848391013094	0.016714487722445742 0.08181848391013045 -0.1678128294556357
-0.1628076495889747 -0.010921217829085386 -0.024858059916413978	-0.010921217829084956 -0.20874294489581102 -0.09799785938235975	0.024858059916417638 0.09799785938235693 -0.326562799688948
-0.16295618755452732 -0.013509806121622855 -0.02112446871909824	-0.013509806121625233 -0.19732230144074006 -0.09209855253482231	0.021124468719098746 0.09209855253482233 -0.2932081345247647
-0.0388275996020369 -0.014458568841240225 -0.030821836012017358	-0.014458568841238438 -0.06502462141909096 -0.08490892552382491	0.03082183601201448 0.08490892552382528 -0.08181258926362757
0.012746250313565164 -0.003932257777434306 -0.02469606915848559	-0.003932257777433866 -0.010564392769646283 -0.08350392290862757	0.024696069158483543 0.08350392290862817 -0.0636395613762766
-0.22127537814289205 -0.014657923652855237 -0.0229081153452971	-0.01465792365285334 -0.2395885406621039 -0.09145453947460716	0.02290811534529348 0.09145453947461069 -0.36055016101594856
-0.23230825609274378 -0.01252683701987222 -0.013510269827298447	-0.012526837019873187 -0.23487116423050178 -0.08424850189683919	0.013510269827299137 0.084248501896841 -0.36308376718512325
0.04258949820514464 0.00035371011569638837 -0.008117616128582517	0.00035371011569779176 0.03863130210534996 -0.029540318688987273	0.008117616128582524 0.02954031868898915 0.0009426634986761592
-0.08103815861244702 9.380348888629597e-6 -0.044094487951405276	9.380348885167089e-6 -0.07760707101084388 -0.05301226724896052	0.044094487951400134 0.05301226724896056 -0.11746157850200585
-0.4841645504616095 -0.017967610601317147 -0.010041240652280202	-0.017967610601317935 -0.4983444721436107 -0.1102271804064276	0.010041240652278481 0.11022718040642758 -0.6175680051095844
0.407359657919909 0.007795027854261593 0.02205449303997938	0.007795027854261083 0.40330570263418364 -0.073592534929982	-0.02205449303998101 0.07359253492998138 0.48895267726199976
0.04771470195371219 -0.002790873488101009 -0.00025847329648624046	-0.0027908734881025537 0.05495996309164735 -0.0614348555699577	0.000258473296488905 0.061434855569957314 0.022734511238963057
-0.388047011205718 -0.012743612710091156 -0.018185512170092025	-0.012743612710089782 -0.39736953043812506 -0.08488798123654853	0.018185512170089277 0.08488798123654819 -0.5641475876924077
-0.044222351026237 -0.009103570790902597 -0.011730146482943696	-0.009103570790903862 -0.0849193715309535 -0.07217568617370754	0.011730146482941413 0.07217568617370722 -0.14398103871641665
0.03582432354488083 -0.015646781403893105 -0.026865213402869785	-0.01564678140389298 0.01838745247489733 -0.08644127545236636	0.02686521340287132 0.08644127545236427 -0.003782753229317301
-0.09513479610710912 -0.013719713688566572 -0.016714487722427535	-0.013719713688567045 -0.12887411354451878 -0.08181848391007203	0.016714487722424072 0.081818483910074 -0.16781282945839798
-0.1628076495906543 -0.010921217828878702 -0.02485805991656735	-0.010921217828880019 -0.20874294489751827 -0.09799785938258376	0.024858059916566658 0.09799785938258408 -0.3265627996921928
-0.16295618755562208 -0.01350980612157585 -0.021124468719075345	-0.013509806121578498 -0.1973223014416054 -0.09209855253497021	0.021124468719077773 0.0920985525349699 -0.2932081345269104
-0.0388275996026932 -0.014458568841085996 -0.03082183601195608	-0.014458568841086919 -0.06502462141977307 -0.08490892552391756	0.030821836011953437 0.08490892552391546 -0.0818125892648339
0.012746250313283344 -0.00393225777741309 -0.024696069158527414	-0.003932257777412329 -0.010564392770068029 -0.08350392290861228	0.0246960691585257 0.08350392290861121 -0.06363956137636007
-0.22127537814284967 -0.01465792365283228 -0.022908115345272734	-0.014657923652831728 -0.23958854066200294 -0.09145453947460254	0.02290811534527517 0.0914545394746043 -0.36055016101586196
-0.23230825609274255 -0.01252683701990959 -0.013510269827291116	-0.012526837019910921 -0.23487116423046828 -0.08424850189688284	0.013510269827289458 0.08424850189688365 -0.3630837671851525
0.042589498205154515 0.0003537101156877269 -0.008117616128574541	0.0003537101156888961 0.038631302105389786 -0.029540318688992574	0.008117616128576699 0.029540318688992977 0.0009426634986887603
-0.08103815861244469 9.380348888525514e-6 -0.04409448795139445	9.380348885090761e-6 -0.07760707101085101 -0.05301226724895847	0.044094487951395187 0.05301226724896185 -0.11746157850200682
-0.48416455046161583 -0.017967610601311117 -0.010041240652279713	-0.017967610601313813 -0.4983444721436233 -0.11022718040642918	0.010041240652280053 0.11022718040642923 -0.6175680051095944
0.40735965791989276 0.007795027854270414 0.02205449303998059	0.007795027854269748 0.4033057026341701 -0.07359253492997805	-0.022054493039981193 0.07359253492998069 0.48895267726200353
0.047714701953724285 -0.002790873488080597 -0.00025847329646017797	-0.002790873488081947 0.054959963091676736 -0.061434855569956565	0.0002584732964599247 0.06143485556995447 0.022734511238939777
-0.3880470112057548 -0.01274361271005769 -0.018185512170037485	-0.012743612710057148 -0.3973695304381444 -0.08488798123656195	0.018185512170034918 0.08488798123656521 -0.5641475876924056
-0.04422235102560408 -0.009103570790991552 -0.011730146482852852	-0.009103570790989966 -0.08491937153022786 -0.0721756861736386	0.011730146482849337 0.07217568617363845 -0.1439810387157756
0.035824323545963446 -0.01564678140420648 -0.026865213402797274	-0.015646781404204342 0.018387452476414032 -0.08644127545214501	0.02686521340279762 0.08644127545214185 -0.0037827532274553044
-0.09513479610586568 -0.013719713688858708 -0.0167144877225867	-0.01371971368885974 -0.12887411354327508 -0.08181848390990898	0.01671448772258445 0.08181848390991121 -0.16781282945608117
-0.16280764958953975 -0.010921217828967558 -0.02485805991648849	-0.010921217828968178 -0.20874294489673734 -0.09799785938241469	0.024858059916489074 0.09799785938241395 -0.3265627996902765
-0.16295618755486466 -0.013509806121517831 -0.0211244687191093	-0.013509806121516248 -0.19732230144088814 -0.09209855253498106	0.021124468719111875 0.09209855253497871 -0.29320813452532035
-0.038827599602570505 -0.014458568840970363 -0.030821836011835305	-0.01445856884097149 -0.06502462141961504 -0.08490892552400567	0.03082183601183632 0.08490892552400452 -0.08181258926423036
0.012746250313191793 -0.003932257777426855 -0.024696069158445973	-0.003932257777427014 -0.010564392770212983 -0.08350392290857482	0.024696069158446868 0.08350392290857447 -0.06363956137633153
-0.22127537814293824 -0.014657923652822081 -0.022908115345223294	-0.014657923652819815 -0.2395885406620224 -0.09145453947458464	0.022908115345227964 0.09145453947458525 -0.3605501610159966
-0.23230825609278347 -0.012526837019911741 -0.013510269827283247	-0.01252683701991426 -0.2348711642304467 -0.08424850189690657	0.013510269827284909 0.08424850189690601 -0.3630837671850968
0.04258949820515937 0.0003537101156902596 -0.008117616128580769	0.0003537101156883306 0.03863130210537553 -0.02954031868899118	0.00811761612858016 0.029540318688992474 0.0009426634986999145
-0.0810381586124291 9.380348890353912e-6 -0.04409448795140308	9.380348886194045e-6 -0.07760707101085218 -0.05301226724895952	0.044094487951397185 0.0530122672489637 -0.11746157850199826
-0.4841645504616307 -0.017967610601306663 -0.010041240652278561	-0.01796761060130641 -0.49834447214362987 -0.11022718040643054	0.010041240652279026 0.11022718040643024 -0.6175680051095966
0.4073596579198925 0.007795027854274782 0.02205449303997139	0.007795027854276478 0.4033057026341601 -0.07359253492997492	-0.022054493039970386 0.07359253492997421 0.488952677261993
0.04771470195370739 -0.002790873488052925 -0.0002584732964679877	-0.0027908734880518504 0.054959963091579 -0.06143485556995695	0.00025847329647050304 0.061434855569954344 0.022734511238895708
-0.38804701120582286 -0.012743612710064894 -0.01818551217001502	-0.012743612710062496 -0.3973695304382137 -0.08488798123656452	0.018185512170015804 0.08488798123656159 -0.5641475876924473
-0.04422235102558872 -0.009103570790960632 -0.011730146482855384	-0.009103570790960368 -0.08491937153020954 -0.07217568617353792	0.011730146482854902 0.07217568617353604 -0.1439810387156071
0.0358243235467066 -0.015646781404175164 -0.026865213402573272	-0.015646781404175057 0.018387452476915103 -0.08644127545214057	0.02686521340257407 0.08644127545213634 -0.00378275322624394
-0.09513479610444815 -0.013719713688814968 -0.01671448772257399	-0.013719713688817465 -0.12887411354221368 -0.08181848391000453	0.016714487722573026 0.0818184839100039 -0.16781282945375361
-0.16280764958806518 -0.01092121782916165 -0.02485805991635462	-0.010921217829161941 -0.20874294489516074 -0.09799785938222771	0.024858059916353873 0.09799785938222702 -0.326562799687369
-0.16295618755390104 -0.013509806121575584 -0.021124468719125336	-0.013509806121578082 -0.19732230144014323 -0.09209855253483254	0.021124468719124437 0.09209855253483498 -0.2932081345234522
-0.03882759960192196 -0.014458568841150595 -0.03082183601192079	-0.01445856884115198 -0.06502462141894742 -0.08490892552389531	0.030821836011920525 0.0849089255238959 -0.08181258926312979
0.012746250313487577 -0.003932257777448283 -0.024696069158420878	-0.003932257777447639 -0.010564392769750214 -0.08350392290859612	0.02469606915842079 0.0835039229085961 -0.06363956137624774
-0.2212753781429643 -0.014657923652844691 -0.02290811534525603	-0.01465792365284238 -0.23958854066212726 -0.09145453947459278	0.02290811534525437 0.09145453947459482 -0.36055016101606957
-0.2323082560927773 -0.012526837019871263 -0.01351026982729378	-0.01252683701987434 -0.23487116423048954 -0.08424850189686192	0.0135102698272918 0.08424850189685848 -0.3630837671850812
0.04258949820514407 0.00035371011569436915 -0.008117616128585947	0.00035371011569655664 0.03863130210533844 -0.029540318688984442	0.008117616128586858 0.029540318688985046 0.0009426634986797397
-0.08103815861243212 9.380348893337637e-6 -0.0440944879514097	9.380348889951456e-6 -0.07760707101085142 -0.05301226724896106	0.044094487951407274 0.053012267248965655 -0.11746157850200395
-0.4841645504616263 -0.017967610601308567 -0.010041240652277905	-0.017967610601311225 -0.49834447214361444 -0.1102271804064324	0.010041240652277343 0.11022718040643562 -0.6175680051095958
0.40735965791991013 0.007795027854264078 0.02205449303997174	0.007795027854265175 0.4033057026341793 -0.07359253492997996	-0.022054493039972495 0.0735925349299817 0.4889526772619965
0.047714701953700166 -0.0027908734880810544 -0.0002584732964940918	-0.002790873488082916 0.0549599630915681 -0.06143485556995823	0.00025847329649329037 0.06143485556995851 0.022734511238930374
-0.3880470112057708 -0.012743612710092393 -0.01818551217007275	-0.01274361271009195 -0.3973695304381872 -0.08488798123654956	0.018185512170072034 0.08488798123654677 -0.5641475876924423
-0.04422235102622424 -0.009103570790876954 -0.0117301464829438	-0.00910357079087827 -0.08491937153094203 -0.07217568617362871	0.011730146482945288 0.07217568617362663 -0.14398103871628107
0.035824323545467225 -0.015646781403869936 -0.026865213402693537	-0.015646781403867764 0.018387452475288592 -0.08644127545236693	0.026865213402696077 0.08644127545236596 -0.003782753228359345
-0.09513479610599454 -0.013719713688520537 -0.01671448772241234	-0.013719713688520716 -0.12887411354369457 -0.08181848391015151	0.016714487722414663 0.08181848391015197 -0.16781282945657763
-0.16280764958949587 -0.010921217829028794 -0.024858059916458734	-0.010921217829028051 -0.20874294489627673 -0.09799785938243506	0.024858059916458317 0.09799785938243497 -0.32656279968990276
-0.1629561875548633 -0.013509806121625379 -0.021124468719092734	-0.013509806121626857 -0.19732230144101665 -0.09209855253485208	0.02112446871908944 0.09209855253485438 -0.2932081345254446
-0.03882759960219637 -0.014458568841224493 -0.030821836012024848	-0.014458568841224168 -0.06502462141925126 -0.08490892552383053	0.030821836012022034 0.08490892552382875 -0.08181258926397354
0.012746250313523201 -0.003932257777427128 -0.02469606915850929	-0.003932257777428885 -0.01056439276969539 -0.08350392290863207	0.024696069158508766 0.0835039229086342 -0.06363956137628805
-0.22127537814287357 -0.014657923652849795 -0.02290811534530115	-0.01465792365284872 -0.23958854066208532 -0.09145453947461413	0.022908115345300108 0.09145453947461422 -0.3605501610159174
-0.2323082560927389 -0.012526837019875465 -0.013510269827298596	-0.012526837019879892 -0.23487116423049764 -0.08424850189684696	0.013510269827295997 0.08424850189684477 -0.3630837671851362
0.04258949820514128 0.00035371011569189717 -0.008117616128578692	0.00035371011569301086 0.038631302105362614 -0.029540318688988376	0.008117616128581213 0.02954031868899038 0.0009426634986763188
-0.08103815861244096 9.380348892706197e-6 -0.044094487951407975	9.38034888948655e-6 -0.07760707101084487 -0.053012267248965905	0.04409448795140457 0.05301226724896671 -0.11746157850201067
-0.4841645504616122 -0.017967610601316887 -0.010041240652272642	-0.01796761060131944 -0.49834447214360467 -0.1102271804064345	0.010041240652273988 0.11022718040643287 -0.6175680051095856
0.40735965791990486 0.007795027854265585 0.022054493039980305	0.007795027854264321 0.4033057026341862 -0.0735925349299831	-0.022054493039980264 0.07359253492998274 0.48895267726200525
0.04771470195371466 -0.002790873488104596 -0.00025847329648294795	-0.0027908734881027675 0.05495996309166768 -0.06143485556995723	0.00025847329648236855 0.061434855569956426 0.022734511238964153
-0.3880470112057148 -0.012743612710083885 -0.018185512170083303	-0.012743612710082883 -0.39736953043811674 -0.08488798123654817	0.018185512170081623 0.08488798123655154 -0.564147587692402
-0.044222351026108324 -0.00910357079092916 -0.011730146482924936	-0.009103570790926068 -0.08491937153080022 -0.07217568617370984	0.011730146482922466 0.07217568617371142 -0.14398103871630447
0.035824323544971705 -0.015646781403956495 -0.02686521340289437	-0.01564678140395645 0.018387452475110255 -0.08644127545231932	0.026865213402896382 0.08644127545232047 -0.003782753229139235
-0.09513479610712142 -0.013719713688627778 -0.016714487722458076	-0.013719713688628796 -0.12887411354446904 -0.08181848391001845	0.016714487722459623 0.0818184839100212 -0.16781282945834805
-0.1628076495906993 -0.010921217828867274 -0.024858059916572403	-0.010921217828864467 -0.20874294489764852 -0.09799785938257997	0.02485805991657529 0.0979978593825791 -0.3265627996923215
-0.1629561875556486 -0.013509806121554372 -0.02112446871907653	-0.013509806121555595 -0.19732230144160312 -0.09209855253499834	0.021124468719077957 0.09209855253499603 -0.2932081345269303
-0.03882759960279662 -0.014458568841029685 -0.030821836011918877	-0.014458568841027808 -0.06502462141987013 -0.08490892552395307	0.030821836011918593 0.08490892552395428 -0.08181258926491893
0.012746250313204685 -0.003932257777409398 -0.024696069158519608	-0.003932257777410062 -0.01056439277018048 -0.0835039229086022	0.024696069158520115 0.08350392290860131 -0.0636395613763732
-0.22127537814286846 -0.014657923652823729 -0.022908115345264896	-0.014657923652823214 -0.2395885406619935 -0.09145453947459489	0.02290811534526565 0.09145453947459647 -0.36055016101589343
-0.23230825609275307 -0.012526837019915301 -0.013510269827288764	-0.012526837019916623 -0.23487116423044468 -0.0842485018968948	0.0135102698272897 0.08424850189689802 -0.3630837671851449
0.042589498205151226 0.00035371011569044694 -0.00811761612857818	0.00035371011568819874 0.038631302105389884 -0.029540318688998164	0.00811761612857911 0.029540318688996908 0.0009426634986941726
-0.08103815861244087 9.380348892917834e-6 -0.04409448795140051	9.380348888324286e-6 -0.07760707101084871 -0.05301226724896288	0.044094487951395006 0.05301226724896435 -0.11746157850200882
