0.6580717371403282
0.6582725063101484
0.699211312105837
0.6580717371404043
0.6582725063102266
0.6992113121053947
0.6580717371405578
0.6582725063100416
0.6992113121048091
0.6580717371404835
0.6582725063100392
0.699211312105007
0.6580717371403275
0.658272506310263
0.6992113121055198
0.6580717371403828
0.6582725063102476
0.6992113121054626
0.658071737140449
0.6582725063100463
0.6992113121054409
0.6580717371402809
0.658272506310135
0.6992113121061317
0.6580717371401548
0.6582725063102912
0.6992113121066831
0.6580717371402585
0.6582725063101569
0.6992113121065424
0.6580717371403038
0.6582725063099945
0.6992113121065022
0.6580717371401841
0.6582725063101222
0.6992113121067898
0.6580717371402072
0.6582725063102219
0.699211312106612
0.6580717371403897
0.6582725063100634
0.6992113121059936
0.6580717371404228
0.6582725063099648
0.6992113121057679
0.658071737140169
0.6582725063101205
0.6992113121067407
0.6580717371402158
0.6582725063101833
0.6992113121066094
0.6580717371403593
0.6582725063100321
0.6992113121060286
0.6580717371402554
0.6582725063101047
0.6992113121062048
0.6580717371401086
0.6582725063103214
0.69921131210648
0.6580717371402472
0.6582725063102878
0.6992113121058594
0.6580717371404019
0.6582725063101477
0.6992113121053811
0.6580717371402812
0.658272506310241
0.6992113121056922
0.6580717371402143
0.658272506310351
0.6992113121057884
0.6580717371403999
0.6582725063101882
0.6992113121054615
0.6580717371404672
0.6582725063100181
0.6992113121055081
0.6580717371402864
0.6582725063100965
0.6992113121059702
0.6580717371402666
0.6582725063101591
0.6992113121061694
0.6580717371404223
0.6582725063099784
0.6992113121059909
0.6580717371403733
0.6582725063099173
0.6992113121061754
0.6580717371401086
0.6582725063102951
0.6992113121065906
0.6580717371401411
0.6582725063102359
0.6992113121066007
0.6580717371403152
0.6582725063100621
0.6992113121063391
0.6580717371402123
0.6582725063100894
0.6992113121067045
0.6580717371400755
0.6582725063101995
0.6992113121069783
0.6580717371402443
0.6582725063100936
0.6992113121064265
0.6580717371404275
0.6582725063099585
0.6992113121058687
0.658071737140318
0.6582725063100672
0.6992113121059845
0.6580717371402618
0.6582725063102048
0.6992113121059458
0.6580717371404619
0.6582725063101063
0.6992113121052618
0.6580717371405276
0.6582725063100354
0.6992113121049918
0.6580717371403195
0.6582725063102202
0.6992113121055243
0.6580717371402558
0.6582725063102888
0.6992113121056972
0.6580717371404081
0.6582725063101367
0.6992113121053857
0.658071737140344
0.6582725063101282
0.6992113121057808
0.6580717371402749
0.6582725063102832
0.6992113121056837
0.6580717371403266
0.6582725063102117
0.6992113121054122
0.6580717371405254
0.6582725063100693
0.6992113121051231
0.6580717371404718
0.6582725063100923
0.6992113121054466
0.6580717371402874
0.6582725063101467
0.6992113121058803
0.6580717371403599
0.6582725063100463
0.6992113121058435
0.6580717371404838
0.6582725063099275
0.6992113121058077
0.658071737140312
0.658272506310039
0.6992113121064032
0.6580717371401612
0.6582725063101417
0.6992113121068255
0.658071737140305
0.6582725063100621
0.6992113121063251
0.6580717371403848
0.6582725063100603
0.699211312106063
0.6580717371402036
0.6582725063102441
0.6992113121065049
0.6580717371401712
0.6582725063102799
0.6992113121063057
0.6580717371403824
0.6582725063101619
0.699211312105479
0.6580717371404297
0.6582725063101842
0.699211312105384
0.658071737140327
0.65827250631009
0.699211312105898
0.6580717371403422
0.6582725063100996
0.6992113121056887
0.6580717371405129
0.6582725063100558
0.6992113121051833
0.6580717371404778
0.6582725063101328
0.6992113121051817
0.6580717371402942
0.6582725063102508
0.6992113121055199
0.6580717371403235
0.6582725063102217
0.6992113121054351
0.6580717371404311
0.6582725063101578
0.6992113121053998
0.6580717371402872
0.6582725063102263
0.69921131210601
0.6580717371401323
0.6582725063102588
0.6992113121064595
0.6580717371402494
0.6582725063101365
0.6992113121062771
0.6580717371403562
0.6582725063100741
0.6992113121063075
0.6580717371402198
0.6582725063101216
0.6992113121067346
0.6580717371401812
0.658272506310097
0.6992113121067142
0.6580717371403824
0.658272506309989
0.6992113121061269
0.6580717371404657
0.6582725063099958
0.6992113121057995
0.6580717371402026
0.6582725063101017
0.6992113121066126
0.6580717371401181
0.6582725063101099
0.6992113121068323
0.6580717371402625
0.6582725063100997
0.6992113121065171
0.6580717371402607
0.6582725063101615
0.6992113121064414
0.658071737140118
0.6582725063102359
0.6992113121065712
0.6580717371401748
0.6582725063102242
0.6992113121061903
0.6580717371403599
0.6582725063102143
0.6992113121056802
0.6580717371403442
0.6582725063102464
0.6992113121056145
0.6580717371402502
0.658272506310229
0.6992113121055712
0.6580717371403582
0.6582725063101635
0.6992113121052652
0.6580717371404967
0.6582725063101188
0.6992113121051855
0.6580717371403909
0.6582725063101228
0.6992113121056005
0.6580717371402538
0.6582725063100932
0.6992113121060273
0.6580717371403543
0.6582725063100379
0.6992113121060402
0.658071737140401
0.6582725063100334
0.6992113121061121
0.658071737140253
0.6582725063102345
0.6992113121060726
0.6580717371401288
0.6582725063102004
0.6992113121063639
0.6580717371402545
0.6582725063101474
0.6992113121063561
0.658071737140344
0.6582725063101108
0.6992113121063436
0.6580717371402152
0.6582725063100656
0.6992113121065446
0.6580717371401918
0.6582725063100481
0.6992113121066267
0.6580717371403797
0.6582725063100459
0.6992113121062475
0.6580717371404248
0.6582725063100412
0.699211312105892
0.6580717371402884
0.6582725063100479
0.6992113121059239
0.6580717371403101
0.6582725063101065
0.69921131210574
0.6580717371404634
0.6582725063101476
0.6992113121053105
0.6580717371404101
0.6582725063101913
0.6992113121053734
0.6580717371402439
0.6582725063102359
0.699211312105674
0.6580717371402861
0.6582725063102489
0.699211312105632
0.6580717371403847
0.6582725063102373
0.6992113121056713
0.6580717371404545
0.6582725063101493
0.6992113121052821
0.6580717371403355
0.6582725063101705
0.6992113121053538
0.6580717371404304
0.6582725063101543
0.6992113121052292
0.6580717371405798
0.6582725063100813
0.6992113121050155
0.6580717371404472
0.6582725063100612
0.6992113121053488
0.6580717371402881
0.6582725063101109
0.6992113121059704
0.6580717371403841
0.6582725063100853
0.6992113121060357
0.6580717371404257
0.6582725063100376
0.6992113121059752
0.658071737140222
0.6582725063100807
0.6992113121065384
0.6580717371401259
0.6582725063101345
0.6992113121069461
0.6580717371402804
0.6582725063101288
0.6992113121065759
0.65807173714032
0.658272506310128
0.6992113121062473
0.6580717371401962
0.6582725063101829
0.6992113121062941
0.6580717371402444
0.6582725063102133
0.6992113121060433
0.6580717371404525
0.6582725063101834
0.6992113121055051
0.6580717371404509
0.6582725063099839
0.6992113121057959
0.6580717371402792
0.6582725063101088
0.6992113121060595
0.6580717371403177
0.6582725063101531
0.6992113121058159
0.6580717371404707
0.6582725063101001
0.6992113121053342
0.6580717371403815
0.6582725063101884
0.6992113121054803
0.658071737140205
0.658272506310312
0.699211312105805
0.6580717371402915
0.6582725063102683
0.6992113121056492
0.658071737140409
0.6582725063101948
0.6992113121054665
0.6580717371402631
0.6582725063102385
0.6992113121058975
0.6580717371401383
0.6582725063102426
0.6992113121064678
0.658071737140294
0.6582725063101058
0.699211312106341
0.6580717371403955
0.6582725063100116
0.6992113121060264
0.6580717371402474
0.6582725063100465
0.6992113121063642
0.6580717371402309
0.6582725063100688
0.6992113121065625
0.6580717371404311
0.6582725063099787
0.6992113121060305
0.6580717371403106
0.6582725063100578
0.6992113121062613
0.6580717371401057
0.6582725063102077
0.6992113121069532
0.6580717371400957
0.6582725063101766
0.6992113121070413
0.6580717371402596
0.6582725063100765
0.6992113121065415
0.6580717371402331
0.6582725063101411
0.6992113121064807
0.6580717371401107
0.6582725063102599
0.699211312106589
0.6580717371402409
0.6582725063101825
0.6992113121060562
0.6580717371404402
0.65827250631009
0.6992113121053511
0.6580717371403775
0.6582725063101822
0.699211312105321
0.6580717371402822
0.6582725063102652
0.6992113121055429
0.6580717371404312
0.6582725063101074
0.6992113121052304
0.6580717371405114
0.6582725063100253
0.6992113121049863
0.6580717371403171
0.65827250631016
0.6992113121056163
0.6580717371402065
0.6582725063101802
0.6992113121062357
0.6580717371403313
0.6582725063100328
0.6992113121061221
0.6580717371403744
0.6582725063101824
0.6992113121055051
0.6580717371402186
0.6582725063103094
0.6992113121060798
0.6580717371402263
0.6582725063102115
0.6992113121063475
0.658071737140399
0.6582725063100098
0.6992113121059509
0.6580717371403726
0.6582725063100293
0.6992113121060177
0.658071737140226
0.658272506310127
0.6992113121065957
0.6580717371403025
0.6582725063099971
0.699211312106429
0.6580717371404508
0.6582725063098869
0.6992113121059006
0.6580717371403548
0.6582725063100723
0.699211312106077
0.6580717371402366
0.6582725063102101
0.6992113121062232
0.6580717371403648
0.6582725063100985
0.6992113121056734
0.6580717371404388
0.6582725063101025
0.6992113121053486
0.6580717371402721
0.658272506310322
0.6992113121056992
0.6580717371401889
0.6582725063103417
0.699211312105898
0.6580717371403433
0.6582725063101742
0.6992113121055746
0.6580717371404958
0.6582725063100754
0.6992113121051732
0.658071737140387
0.658272506310252
0.6992113121053745
0.6580717371404184
0.6582725063101638
0.6992113121053204
0.6580717371405621
0.6582725063099876
0.6992113121049071
0.6580717371405018
0.6582725063101282
0.6992113121050647
0.658071737140324
0.6582725063102539
0.6992113121057295
0.6580717371403313
0.658272506310065
0.699211312105972
0.6580717371403904
0.658272506309987
0.6992113121060267
0.6580717371402631
0.658272506310183
0.6992113121065338
0.6580717371401348
0.6582725063102204
0.699211312106892
0.6580717371402267
0.6582725063100425
0.6992113121066131
0.6580717371403222
0.6582725063100615
0.6992113121063972
0.6580717371402326
0.658272506310235
0.6992113121065231
0.6580717371402217
0.658272506310212
0.6992113121062875
0.6580717371404118
0.658272506310021
0.6992113121055502
0.6580717371403646
0.6582725063100119
0.699211312106069
0.6580717371402507
0.6582725063102135
0.6992113121063879
0.6580717371402686
0.6582725063101011
0.6992113121061811
0.6580717371403662
0.658272506310033
0.699211312105771
0.6580717371403138
0.6582725063102666
0.6992113121057624
0.6580717371402247
0.658272506310392
0.6992113121058383
0.6580717371402933
0.6582725063102046
0.6992113121056713
0.6580717371403579
0.6582725063101571
0.6992113121055297
0.6580717371402888
0.6582725063103136
0.6992113121057111
0.6580717371402478
0.6582725063102707
0.6992113121059689
0.6580717371403331
0.6582725063100219
0.6992113121059311
0.658071737140366
0.6582725063100067
0.6992113121059612
0.6580717371402901
0.6582725063101574
0.6992113121063669
0.6580717371402782
0.6582725063100645
0.6992113121064503
0.6580717371403755
0.658272506309876
0.6992113121060528
0.6580717371402041
0.6582725063101907
0.6992113121064084
0.6580717371401265
0.6582725063103032
0.699211312106837
0.6580717371401594
0.6582725063101003
0.6992113121068128
0.658071737140197
0.6582725063100094
0.6992113121066788
0.6580717371401742
0.658272506310192
0.6992113121067455
0.6580717371402005
0.6582725063102493
0.699211312106623
0.6580717371403153
0.6582725063100476
0.6992113121060524
0.6580717371403768
0.6582725063100141
0.6992113121055835
0.6580717371403557
0.6582725063102328
0.6992113121055124
0.6580717371403846
0.6582725063102245
0.6992113121053454
0.6580717371404567
0.6582725063100086
0.6992113121050446
0.6580717371404131
0.6582725063100899
0.6992113121051982
0.6580717371403221
0.6582725063103143
0.6992113121056569
0.6580717371403078
0.6582725063101853
0.6992113121058271
0.6580717371403083
0.6582725063100219
0.6992113121059388
0.6580717371402751
0.6582725063102839
0.6992113121057436
0.6580717371403042
0.6582725063103299
0.6992113121056507
0.6580717371404117
0.6582725063100809
0.6992113121054793
0.6580717371403808
0.6582725063099621
0.6992113121056731
0.6580717371403084
0.6582725063101345
0.6992113121061182
0.658071737140357
0.6582725063101261
0.6992113121062651
0.6580717371404143
0.658272506309876
0.6992113121060457
0.6580717371403413
0.6582725063099061
0.6992113121061876
0.65807173714027
0.6582725063101701
0.6992113121065344
0.6580717371403133
0.6582725063101342
0.6992113121062346
0.6580717371403482
0.658272506309975
0.6992113121058383
0.658071737140274
0.658272506310172
0.6992113121060171
0.6580717371402454
0.6582725063103876
0.6992113121059845
0.6580717371403363
0.6582725063102473
0.6992113121055382
0.658071737140354
0.6582725063101135
0.6992113121055047