0.6582725063104015
0.6580717371411753
0.6992113121026878
0.6582725063103182
0.6580717371411615
0.6992113121024355
0.6582725063101964
0.658071737141283
0.6992113121020944
0.6582725063103013
0.6580717371412886
0.6992113121023289
0.6582725063104446
0.6580717371411045
0.6992113121027517
0.6582725063104417
0.6580717371410065
0.6992113121028585
0.6582725063104757
0.6580717371410157
0.6992113121030278
0.658272506310636
0.6580717371409148
0.6992113121036097
0.6582725063107248
0.6580717371407204
0.6992113121041654
0.6582725063106591
0.6580717371407088
0.699211312104094
0.658272506310595
0.6580717371408342
0.6992113121038168
0.6582725063106443
0.6580717371408384
0.6992113121039801
0.658272506310592
0.6580717371407956
0.6992113121039605
0.6582725063103985
0.6580717371409744
0.6992113121032267
0.658272506310325
0.6580717371411844
0.699211312102689
0.6582725063107246
0.6580717371407938
0.6992113121036925
0.6582725063106749
0.6580717371407994
0.699211312103655
0.6582725063104058
0.6580717371410338
0.6992113121029562
0.6582725063103264
0.6580717371411688
0.6992113121026464
0.6582725063104328
0.6580717371410975
0.6992113121029102
0.6582725063103149
0.658071737141131
0.6992113121026463
0.6582725063101476
0.6580717371412923
0.6992113121022395
0.6582725063102495
0.6580717371412281
0.6992113121026876
0.6582725063104389
0.6580717371409978
0.6992113121032623
0.6582725063104258
0.6580717371409617
0.6992113121031872
0.6582725063104335
0.658071737141018
0.6992113121032069
0.6582725063106282
0.6580717371408347
0.6992113121037982
0.6582725063107793
0.6580717371406445
0.6992113121042124
0.658272506310688
0.6580717371407443
0.6992113121038881
0.6582725063106154
0.6580717371408752
0.6992113121035132
0.6582725063106543
0.6580717371407627
0.6992113121039278
0.6582725063107838
0.6580717371405929
0.6992113121044755
0.6582725063106261
0.6580717371407233
0.6992113121041414
0.6582725063105617
0.6580717371408109
0.6992113121039591
0.6582725063107246
0.658071737140687
0.6992113121043163
0.6582725063106742
0.6580717371407416
0.6992113121040271
0.658272506310358
0.658071737141026
0.6992113121031114
0.6582725063103134
0.6580717371411113
0.699211312102872
0.6582725063104675
0.6580717371410155
0.699211312102971
0.6582725063103332
0.6580717371411358
0.6992113121024046
0.6582725063101545
0.6580717371413134
0.699211312101939
0.6582725063103267
0.6580717371411825
0.6992113121024341
0.6582725063105305
0.6580717371409682
0.6992113121030334
0.6582725063104574
0.658071737140991
0.6992113121029873
0.6582725063104343
0.6580717371410029
0.6992113121031036
0.6582725063103003
0.6580717371411394
0.6992113121028913
0.6582725063104939
0.6580717371409635
0.6992113121032836
0.6582725063103946
0.6580717371410544
0.6992113121029859
0.6582725063103975
0.6580717371410488
0.6992113121031175
0.6582725063106982
0.6580717371407696
0.6992113121038885
0.6582725063108273
0.658071737140662
0.6992113121041891
0.6582725063106213
0.6580717371408253
0.6992113121037198
0.6582725063105993
0.6580717371408467
0.6992113121035874
0.6582725063107996
0.6580717371407061
0.6992113121039691
0.6582725063106771
0.6580717371408253
0.6992113121035979
0.6582725063103319
0.6580717371411026
0.6992113121027468
0.6582725063103431
0.6580717371411184
0.6992113121028143
0.658272506310473
0.6580717371410226
0.6992113121031289
0.6582725063102833
0.6580717371411791
0.6992113121025482
0.6582725063100953
0.658071737141326
0.6992113121022269
0.6582725063103465
0.6580717371411106
0.6992113121028328
0.6582725063105141
0.6580717371410773
0.6992113121028202
0.658272506310289
0.6580717371412887
0.6992113121020993
0.6582725063101089
0.658071737141384
0.699211312101808
0.6582725063103634
0.6580717371411737
0.6992113121024991
0.6582725063105226
0.6580717371410407
0.6992113121029784
0.6582725063103716
0.6580717371411255
0.699211312102809
0.6582725063103798
0.6580717371410357
0.6992113121030737
0.6582725063107044
0.658071737140753
0.6992113121039799
0.6582725063107892
0.6580717371406909
0.6992113121042992
0.6582725063105583
0.658071737140845
0.6992113121039332
0.6582725063105439
0.6580717371408042
0.6992113121039845
0.6582725063107662
0.6580717371406937
0.6992113121042234
0.6582725063106283
0.6580717371408784
0.6992113121036052
0.6582725063102793
0.6580717371411366
0.6992113121028192
0.658272506310607
0.6580717371407856
0.6992113121037771
0.6582725063108394
0.65807173714069
0.6992113121041128
0.6582725063106317
0.6580717371408731
0.6992113121035399
0.6582725063102925
0.6580717371410842
0.6992113121028668
0.6582725063103774
0.6580717371410357
0.6992113121031416
0.6582725063104958
0.6580717371410241
0.6992113121031784
0.6582725063102275
0.6580717371412164
0.6992113121024432
0.6582725063100838
0.6580717371412823
0.6992113121023007
0.6582725063103615
0.6580717371410914
0.6992113121029078
0.658272506310517
0.6580717371409964
0.6992113121031387
0.658272506310356
0.6580717371410714
0.6992113121029973
0.6582725063104065
0.6580717371409818
0.6992113121032304
0.6582725063107623
0.6580717371407374
0.6992113121038026
0.6582725063108185
0.6580717371407114
0.6992113121039425
0.6582725063105626
0.6580717371408471
0.6992113121036396
0.6582725063104125
0.6580717371409393
0.6992113121034047
0.6582725063107573
0.6580717371407022
0.6992113121042192
0.6582725063107617
0.6580717371406706
0.6992113121043307
0.6582725063105039
0.6580717371407734
0.6992113121040008
0.6582725063106122
0.6580717371407194
0.6992113121042114
0.6582725063108472
0.6580717371406564
0.6992113121043422
0.6582725063106012
0.6580717371408371
0.6992113121035568
0.6582725063103017
0.6580717371410552
0.699211312102872
0.6582725063104549
0.6580717371410388
0.699211312102971
0.6582725063105452
0.658071737141043
0.6992113121028548
0.6582725063102314
0.6580717371412289
0.6992113121021912
0.6582725063101317
0.6580717371412832
0.6992113121020467
0.6582725063104246
0.6580717371410986
0.6992113121026456
0.6582725063105244
0.6580717371410115
0.6992113121030109
0.6582725063103256
0.6580717371410616
0.6992113121029747
0.6582725063100929
0.658071737141299
0.6992113121022542
0.6582725063104091
0.6580717371411434
0.6992113121027426
0.6582725063104886
0.6580717371410403
0.699211312103022
0.6582725063102856
0.6580717371410891
0.6992113121028662
0.658272506310429
0.6580717371409991
0.6992113121030417
0.6582725063108046
0.6580717371407684
0.6992113121037444
0.6582725063107773
0.6580717371407399
0.6992113121039352
0.6582725063105215
0.6580717371408481
0.6992113121035652
0.6582725063106745
0.6580717371407859
0.699211312103796
0.6582725063108544
0.658071737140714
0.6992113121041588
0.658272506310549
0.6580717371408895
0.6992113121035273
0.6582725063102554
0.6580717371410681
0.6992113121028787
0.6582725063104196
0.658071737141052
0.6992113121031072
0.6582725063104691
0.6580717371410675
0.6992113121031092
0.658272506310153
0.6580717371412392
0.6992113121024593
0.6582725063103116
0.6580717371411335
0.699211312102637
0.6582725063104854
0.6580717371410896
0.6992113121027219
0.658272506310485
0.6580717371410905
0.6992113121027449
0.6582725063101862
0.658071737141295
0.6992113121021558
0.6582725063101534
0.658071737141341
0.6992113121019049
0.6582725063104296
0.6580717371411421
0.6992113121025021
0.6582725063104636
0.6580717371410526
0.6992113121030201
0.6582725063102901
0.6580717371411064
0.6992113121029928
0.6582725063104393
0.6580717371409815
0.6992113121033245
0.6582725063107601
0.6580717371407339
0.6992113121041432
0.6582725063107051
0.6580717371407253
0.6992113121042463
0.6582725063104993
0.6580717371408482
0.6992113121037938
0.6582725063106678
0.6580717371407803
0.6992113121039921
0.6582725063108141
0.6580717371407047
0.6992113121042358
0.6582725063105253
0.6580717371409195
0.6992113121034489
0.6582725063105526
0.6580717371408452
0.6992113121035517
0.6582725063107235
0.6580717371407241
0.6992113121039711
0.6582725063107963
0.658071737140653
0.6992113121043086
0.6582725063104997
0.6580717371408806
0.6992113121036242
0.6582725063103466
0.6580717371410558
0.6992113121030425
0.658272506310478
0.6580717371409923
0.6992113121031989
0.6582725063104145
0.6580717371410097
0.699211312103138
0.6582725063101595
0.6580717371412372
0.6992113121025694
0.6582725063101742
0.6580717371412701
0.6992113121023371
0.6582725063104286
0.6580717371410689
0.6992113121027386
0.6582725063104469
0.6580717371410221
0.6992113121029748
0.6582725063103356
0.6580717371411191
0.6992113121027979
0.6582725063105226
0.6580717371409606
0.6992113121031798
0.6582725063108115
0.6580717371406992
0.699211312104015
0.6582725063107111
0.6580717371407334
0.6992113121039821
0.6582725063103073
0.6580717371410998
0.6992113121029722
0.6582725063104913
0.6580717371408898
0.6992113121035327
0.6582725063107393
0.6580717371406564
0.6992113121043354
0.6582725063106546
0.6580717371407282
0.6992113121041758
0.6582725063105701
0.6580717371408193
0.6992113121038012
0.6582725063107375
0.6580717371406755
0.6992113121041961
0.658272506310779
0.6580717371406666
0.6992113121042272
0.6582725063105153
0.6580717371409343
0.6992113121033208
0.6582725063104063
0.6580717371410709
0.6992113121027772
0.6582725063105044
0.6580717371409868
0.6992113121029223
0.6582725063104325
0.6580717371410775
0.699211312102745
0.6582725063101955
0.6580717371412959
0.6992113121022178
0.6582725063102213
0.6580717371412582
0.6992113121022699
0.6582725063104302
0.6580717371410435
0.6992113121028875
0.6582725063104173
0.6580717371410416
0.6992113121030977
0.6582725063101926
0.6580717371413167
0.6992113121023156
0.658272506310217
0.6580717371412297
0.6992113121022887
0.6582725063103902
0.6580717371410956
0.6992113121026647
0.6582725063104127
0.6580717371411587
0.6992113121026494
0.6582725063103563
0.6580717371411524
0.6992113121025547
0.6582725063105357
0.6580717371409173
0.699211312103248
0.6582725063107377
0.6580717371407677
0.6992113121038883
0.6582725063106665
0.6580717371408504
0.6992113121036326
0.658272506310601
0.658071737140839
0.699211312103584
0.6582725063107271
0.6580717371406908
0.6992113121041779
0.6582725063107133
0.6580717371407452
0.6992113121041854
0.6582725063104798
0.658071737140983
0.6992113121034971
0.6582725063103778
0.6580717371410325
0.6992113121031542
0.658272506310431
0.6580717371409819
0.6992113121031727
0.6582725063103655
0.6580717371411378
0.6992113121028465
0.6582725063105398
0.658071737140975
0.6992113121032318
0.6582725063104573
0.6580717371410002
0.6992113121029979
0.6582725063104556
0.658071737141031
0.6992113121028105
0.6582725063103676
0.6580717371412043
0.6992113121024123
0.6582725063102268
0.6580717371412981
0.6992113121022154
0.6582725063102266
0.6580717371411944
0.6992113121024387
0.6582725063103365
0.6580717371411129
0.6992113121027543
0.6582725063103518
0.6580717371411595
0.6992113121028377
0.6582725063103425
0.6580717371410769
0.6992113121030077
0.6582725063105086
0.6580717371408551
0.6992113121036726
0.658272506310664
0.6580717371407765
0.6992113121041511
0.658272506310642
0.6580717371408342
0.6992113121039194
0.658272506310627
0.6580717371407727
0.6992113121038063
0.6582725063107226
0.658071737140689
0.6992113121040536
0.6582725063106943
0.6580717371408074
0.6992113121038033
0.658272506310689
0.6580717371407787
0.6992113121039193
0.6582725063106749
0.6580717371406788
0.6992113121041352
0.6582725063107149
0.6580717371406529
0.6992113121042449
0.6582725063106719
0.6580717371407829
0.6992113121039997
0.658272506310552
0.6580717371408782
0.6992113121037455
0.6582725063104322
0.6580717371408842
0.6992113121034937
0.6582725063103948
0.6580717371410016
0.6992113121031208
0.658272506310353
0.6580717371411824
0.6992113121027648
0.658272506310263
0.6580717371412032
0.6992113121024897
0.6582725063102393
0.6580717371411382
0.6992113121024603
0.6582725063103652
0.6580717371411549
0.6992113121026335
0.6582725063104344
0.6580717371411469
0.6992113121026355
0.6582725063104387
0.6580717371410092
0.6992113121027933
0.6582725063105576
0.6580717371408525
0.6992113121034047
0.6582725063106918
0.6580717371408081
0.6992113121038276
0.6582725063104067
0.6580717371410988
0.6992113121030683
0.6582725063104167
0.6580717371409354
0.6992113121032736
0.6582725063104942
0.6580717371408765
0.69921131210357
0.6582725063106393
0.6580717371408557
0.6992113121039133
0.6582725063106944
0.6580717371407372
0.6992113121040577
0.6582725063106766
0.6580717371406655
0.6992113121040238
0.6582725063106826
0.6580717371407627
0.6992113121038677
0.658272506310704
0.658071737140862
0.6992113121036869
0.6582725063106198
0.6580717371408612
0.6992113121035105
0.6582725063104503
0.6580717371409375
0.6992113121031048
0.6582725063103865
0.6580717371411162
0.6992113121026833
0.6582725063103868
0.6580717371411944
0.6992113121025931
0.6582725063102843
0.6580717371411494
0.6992113121025709
0.6582725063102057
0.6580717371411536
0.6992113121025011
0.6582725063103128
0.6580717371411934
0.6992113121027185