0.6582725063100494
0.6580717371405207
0.699211312105397
0.658272506309965
0.6580717371405055
0.6992113121051441
0.6582725063098442
0.6580717371406284
0.6992113121048031
0.6582725063099478
0.6580717371406333
0.6992113121050361
0.6582725063100918
0.6580717371404472
0.69921131210546
0.658272506310089
0.6580717371403526
0.6992113121055672
0.6582725063101238
0.6580717371403623
0.699211312105736
0.6582725063102838
0.6580717371402597
0.699211312106317
0.6582725063103725
0.6580717371400666
0.6992113121068741
0.6582725063103072
0.6580717371400544
0.6992113121068029
0.6582725063102418
0.658071737140178
0.6992113121065249
0.6582725063102923
0.6580717371401839
0.6992113121066882
0.6582725063102394
0.6580717371401408
0.6992113121066688
0.6582725063100462
0.6580717371403186
0.6992113121059356
0.6582725063099721
0.6580717371405305
0.6992113121053973
0.6582725063103705
0.6580717371401378
0.6992113121064008
0.6582725063103205
0.6580717371401426
0.6992113121063628
0.6582725063100515
0.658071737140379
0.6992113121056648
0.6582725063099719
0.6580717371405147
0.699211312105354
0.658272506310079
0.6580717371404426
0.6992113121056178
0.6582725063099605
0.6580717371404771
0.6992113121053531
0.6582725063097932
0.6580717371406364
0.6992113121049479
0.6582725063098951
0.6580717371405713
0.6992113121053981
0.6582725063100846
0.6580717371403417
0.69921131210597
0.6582725063100717
0.6580717371403065
0.6992113121058934
0.6582725063100787
0.6580717371403643
0.699211312105914
0.6582725063102752
0.6580717371401811
0.6992113121065067
0.6582725063104243
0.6580717371399893
0.6992113121069206
0.6582725063103342
0.6580717371400884
0.699211312106595
0.6582725063102606
0.65807173714022
0.6992113121062209
0.6582725063103014
0.658071737140107
0.6992113121066363
0.6582725063104311
0.658071737139938
0.6992113121071836
0.6582725063102739
0.6580717371400688
0.6992113121068486
0.6582725063102084
0.6580717371401557
0.6992113121066655
0.6582725063103725
0.658071737140032
0.6992113121070266
0.6582725063103221
0.6580717371400872
0.6992113121067365
0.658272506310006
0.6580717371403713
0.6992113121058179
0.658272506309961
0.6580717371404577
0.6992113121055783
0.6582725063101149
0.6580717371403599
0.6992113121056799
0.6582725063099806
0.6580717371404815
0.6992113121051147
0.6582725063098016
0.658071737140659
0.6992113121046473
0.6582725063099748
0.6580717371405268
0.6992113121051395
0.6582725063101766
0.6580717371403134
0.6992113121057411
0.6582725063101054
0.6580717371403375
0.6992113121056969
0.6582725063100808
0.6580717371403481
0.6992113121058119
0.6582725063099475
0.6580717371404841
0.6992113121056012
0.6582725063101408
0.6580717371403098
0.6992113121059913
0.6582725063100419
0.6580717371403987
0.6992113121056944
0.6582725063100441
0.6580717371403924
0.6992113121058261
0.6582725063103454
0.6580717371401141
0.6992113121065959
0.6582725063104735
0.6580717371400067
0.6992113121068969
0.6582725063102683
0.6580717371401705
0.6992113121064285
0.6582725063102468
0.6580717371401932
0.6992113121062962
0.6582725063104464
0.6580717371400504
0.6992113121066763
0.6582725063103245
0.6580717371401694
0.6992113121063053
0.6582725063099781
0.6580717371404488
0.6992113121054551
0.6582725063099903
0.6580717371404627
0.6992113121055231
0.6582725063101194
0.6580717371403667
0.6992113121058361
0.6582725063099311
0.6580717371405242
0.6992113121052559
0.6582725063097412
0.6580717371406704
0.6992113121049359
0.6582725063099926
0.658071737140453
0.69921131210554
0.6582725063101601
0.658071737140423
0.6992113121055293
0.6582725063099357
0.6580717371406342
0.6992113121048085
0.6582725063097552
0.6580717371407301
0.6992113121045173
0.6582725063100097
0.65807173714052
0.6992113121052066
0.6582725063101682
0.6580717371403858
0.6992113121056843
0.6582725063100174
0.6580717371404697
0.699211312105516
0.6582725063100265
0.6580717371403806
0.6992113121057842
0.6582725063103501
0.6580717371400966
0.6992113121066897
0.6582725063104354
0.658071737140036
0.6992113121070059
0.6582725063102044
0.6580717371401918
0.6992113121066388
0.6582725063101903
0.6580717371401501
0.6992113121066932
0.6582725063104116
0.6580717371400391
0.6992113121069328
0.6582725063102748
0.6580717371402242
0.6992113121063153
0.6582725063099242
0.6580717371404796
0.6992113121055261
0.6582725063102554
0.658071737140131
0.6992113121064858
0.6582725063104864
0.6580717371400358
0.6992113121068217
0.6582725063102794
0.6580717371402178
0.6992113121062478
0.6582725063099402
0.6580717371404297
0.6992113121055739
0.6582725063100261
0.6580717371403819
0.6992113121058497
0.6582725063101436
0.6580717371403695
0.6992113121058888
0.658272506309875
0.6580717371405621
0.6992113121051522
0.6582725063097317
0.6580717371406282
0.6992113121050068
0.6582725063100088
0.6580717371404374
0.6992113121056152
0.6582725063101651
0.6580717371403425
0.6992113121058492
0.6582725063100037
0.6580717371404172
0.699211312105706
0.6582725063100542
0.6580717371403271
0.6992113121059383
0.6582725063104091
0.6580717371400826
0.6992113121065096
0.6582725063104671
0.6580717371400573
0.6992113121066512
0.6582725063102095
0.658071737140193
0.6992113121063483
0.6582725063100607
0.6580717371402847
0.6992113121061128
0.6582725063104045
0.6580717371400469
0.6992113121069266
0.6582725063104096
0.6580717371400158
0.69921131210704
0.6582725063101513
0.6580717371401188
0.6992113121067116
0.6582725063102601
0.658071737140063
0.6992113121069191
0.6582725063104948
0.658071737140001
0.6992113121070467
0.6582725063102494
0.6580717371401829
0.6992113121062655
0.6582725063099486
0.6580717371404001
0.6992113121055837
0.6582725063101018
0.658071737140384
0.699211312105681
0.6582725063101926
0.6580717371403881
0.6992113121055603
0.6582725063098787
0.6580717371405738
0.6992113121048984
0.6582725063097797
0.6580717371406283
0.6992113121047567
0.6582725063100717
0.6580717371404436
0.6992113121053553
0.6582725063101726
0.6580717371403558
0.6992113121057183
0.6582725063099728
0.6580717371404072
0.6992113121056822
0.6582725063097398
0.6580717371406432
0.699211312104963
0.6582725063100543
0.6580717371404876
0.6992113121054515
0.6582725063101353
0.6580717371403868
0.6992113121057293
0.6582725063099316
0.6580717371404352
0.699211312105571
0.6582725063100747
0.658071737140344
0.6992113121057513
0.6582725063104504
0.6580717371401144
0.699211312106458
0.6582725063104231
0.658071737140085
0.699211312106644
0.6582725063101673
0.6580717371401915
0.6992113121062695
0.6582725063103196
0.6580717371401306
0.6992113121065049
0.6582725063105004
0.6580717371400596
0.6992113121068724
0.658272506310194
0.6580717371402351
0.6992113121062368
0.6582725063099022
0.658071737140415
0.6992113121055841
0.6582725063100654
0.658071737140399
0.6992113121058143
0.6582725063101156
0.658071737140411
0.6992113121058177
0.6582725063097985
0.6580717371405832
0.6992113121051678
0.6582725063099595
0.6580717371404792
0.6992113121053454
0.6582725063101325
0.6580717371404342
0.6992113121054297
0.6582725063101331
0.6580717371404361
0.699211312105454
0.6582725063098332
0.6580717371406395
0.6992113121048663
0.6582725063098016
0.6580717371406855
0.6992113121046126
0.6582725063100775
0.6580717371404876
0.6992113121052073
0.6582725063101109
0.6580717371403981
0.699211312105729
0.6582725063099368
0.6580717371404522
0.6992113121057043
0.6582725063100869
0.6580717371403272
0.6992113121060336
0.6582725063104082
0.6580717371400795
0.699211312106848
0.6582725063103523
0.6580717371400695
0.6992113121069544
0.6582725063101473
0.6580717371401941
0.6992113121065036
0.6582725063103146
0.6580717371401262
0.6992113121067012
0.6582725063104626
0.6580717371400495
0.6992113121069428
0.6582725063101723
0.6580717371402656
0.6992113121061567
0.6582725063102003
0.6580717371401914
0.6992113121062606
0.6582725063103702
0.6580717371400705
0.6992113121066802
0.6582725063104431
0.6580717371399986
0.6992113121070165
0.6582725063101464
0.6580717371402259
0.699211312106331
0.6582725063099946
0.6580717371404019
0.699211312105751
0.6582725063101255
0.6580717371403388
0.6992113121059095
0.6582725063100606
0.6580717371403565
0.6992113121058459
0.6582725063098067
0.6580717371405831
0.6992113121052752
0.6582725063098208
0.6580717371406158
0.6992113121050455
0.6582725063100766
0.6580717371404153
0.6992113121054496
0.6582725063100947
0.6580717371403692
0.6992113121056827
0.6582725063099839
0.6580717371404654
0.6992113121055051
0.6582725063101689
0.6580717371403058
0.699211312105888
0.6582725063104594
0.6580717371400451
0.6992113121067243
0.6582725063103578
0.6580717371400797
0.6992113121066902
0.6582725063099532
0.6580717371404419
0.6992113121056804
0.6582725063101366
0.6580717371402348
0.6992113121062414
0.6582725063103856
0.6580717371400011
0.6992113121070443
0.6582725063102999
0.6580717371400736
0.6992113121068859
0.6582725063102165
0.6580717371401651
0.6992113121065087
0.6582725063103836
0.6580717371400202
0.6992113121069026
0.6582725063104251
0.6580717371400103
0.6992113121069361
0.6582725063101609
0.6580717371402787
0.6992113121060313
0.6582725063100521
0.6580717371404139
0.6992113121054858
0.6582725063101509
0.6580717371403313
0.6992113121056294
0.658272506310078
0.6580717371404234
0.6992113121054517
0.6582725063098424
0.6580717371406413
0.6992113121049266
0.6582725063098664
0.6580717371406033
0.6992113121049788
0.6582725063100775
0.6580717371403886
0.6992113121055972
0.6582725063100618
0.658071737140384
0.6992113121058059
0.6582725063098405
0.6580717371406611
0.6992113121050247
0.6582725063098646
0.6580717371405748
0.6992113121049971
0.6582725063100376
0.6580717371404394
0.6992113121053732
0.6582725063100598
0.6580717371405033
0.6992113121053576
0.6582725063100028
0.6580717371404979
0.6992113121052626
0.6582725063101829
0.6580717371402618
0.699211312105956
0.6582725063103855
0.6580717371401122
0.6992113121065964
0.6582725063103148
0.6580717371401967
0.6992113121063411
0.6582725063102486
0.6580717371401839
0.6992113121062928
0.6582725063103745
0.6580717371400353
0.699211312106885
0.6582725063103602
0.6580717371400908
0.6992113121068929
0.6582725063101276
0.658071737140327
0.6992113121062058
0.658272506310025
0.6580717371403775
0.6992113121058625
0.6582725063100794
0.6580717371403285
0.699211312105881
0.6582725063100123
0.6580717371404836
0.699211312105555
0.6582725063101872
0.6580717371403207
0.6992113121059402
0.6582725063101046
0.6580717371403475
0.699211312105706
0.6582725063101031
0.6580717371403761
0.6992113121055172
0.658272506310015
0.6580717371405485
0.6992113121051186
0.6582725063098751
0.658071737140644
0.6992113121049253
0.6582725063098742
0.6580717371405405
0.6992113121051486
0.6582725063099835
0.6580717371404589
0.6992113121054615
0.6582725063099996
0.6580717371405058
0.6992113121055434
0.6582725063099903
0.658071737140423
0.6992113121057153
0.6582725063101567
0.6580717371402014
0.6992113121063827
0.658272506310311
0.658071737140123
0.6992113121068598
0.6582725063102901
0.6580717371401801
0.6992113121066251
0.6582725063102743
0.6580717371401188
0.6992113121065137
0.6582725063103712
0.6580717371400355
0.6992113121067629
0.658272506310341
0.6580717371401523
0.6992113121065118
0.6582725063103356
0.6580717371401238
0.6992113121066272
0.65827250631032
0.6580717371400235
0.6992113121068424
0.6582725063103612
0.6580717371399984
0.6992113121069536
0.6582725063103181
0.6580717371401305
0.6992113121067076
0.6582725063101986
0.6580717371402245
0.6992113121064529
0.6582725063100776
0.6580717371402292
0.6992113121061996
0.6582725063100411
0.6580717371403466
0.6992113121058298
0.6582725063099992
0.6580717371405259
0.6992113121054754
0.6582725063099095
0.6580717371405473
0.6992113121051982
0.6582725063098853
0.6580717371404843
0.699211312105166
0.6582725063100107
0.6580717371405016
0.6992113121053413
0.6582725063100808
0.6580717371404935
0.6992113121053436
0.6582725063100836
0.6580717371403545
0.6992113121055017
0.6582725063102044
0.6580717371401963
0.6992113121061116
0.6582725063103374
0.6580717371401531
0.6992113121065355
0.658272506310055
0.6580717371404441
0.6992113121057769
0.6582725063100637
0.6580717371402797
0.6992113121059813
0.6582725063101424
0.658071737140222
0.6992113121062793
0.6582725063102866
0.6580717371402005
0.6992113121066217
0.6582725063103416
0.6580717371400799
0.699211312106766
0.6582725063103241
0.6580717371400115
0.6992113121067327
0.6582725063103307
0.6580717371401089
0.699211312106576
0.6582725063103514
0.6580717371402063
0.6992113121063939
0.6582725063102681
0.6580717371402074
0.6992113121062191
0.6582725063100975
0.6580717371402836
0.6992113121058146
0.658272506310033
0.6580717371404593
0.6992113121053908
0.6582725063100343
0.6580717371405389
0.6992113121053013
0.6582725063099316
0.6580717371404948
0.6992113121052799
0.6582725063098538
0.6580717371404974
0.6992113121052096
0.6582725063099599
0.6580717371405391
0.6992113121054273