0.6580717371409818
0.6582725063105013
0.6992113121031278
0.6580717371410585
0.6582725063105783
0.6992113121026826
0.6580717371412133
0.6582725063103949
0.6992113121020997
0.6580717371411379
0.6582725063103909
0.6992113121023014
0.6580717371409819
0.6582725063106161
0.6992113121028132
0.6580717371410375
0.6582725063105992
0.6992113121027514
0.6580717371411029
0.6582725063103989
0.6992113121027315
0.6580717371409347
0.6582725063104871
0.6992113121034226
0.6580717371408094
0.6582725063106449
0.6992113121039732
0.6580717371409126
0.6582725063105093
0.6992113121038344
0.6580717371409588
0.6582725063103467
0.6992113121037962
0.6580717371408402
0.6582725063104744
0.6992113121040806
0.6580717371408614
0.6582725063105741
0.6992113121039013
0.6580717371410431
0.658272506310416
0.6992113121032856
0.6580717371410778
0.6582725063103174
0.6992113121030629
0.6580717371408229
0.6582725063104735
0.6992113121040315
0.65807173714087
0.6582725063105357
0.6992113121039036
0.6580717371410134
0.6582725063103845
0.699211312103321
0.6580717371409096
0.6582725063104571
0.6992113121034939
0.6580717371407624
0.658272506310675
0.6992113121037716
0.6580717371409006
0.6582725063106392
0.6992113121031538
0.6580717371410549
0.6582725063105014
0.6992113121026746
0.6580717371409355
0.658272506310593
0.6992113121029839
0.6580717371408679
0.6582725063107038
0.6992113121030806
0.6580717371410543
0.6582725063105408
0.6992113121027532
0.6580717371411221
0.6582725063103714
0.6992113121027997
0.658071737140941
0.6582725063104482
0.6992113121032626
0.6580717371409203
0.6582725063105117
0.6992113121034631
0.658071737141076
0.6582725063103307
0.6992113121032822
0.6580717371410263
0.6582725063102703
0.6992113121034648
0.6580717371407654
0.6582725063106496
0.6992113121038831
0.6580717371407965
0.658272506310589
0.6992113121038919
0.6580717371409682
0.6582725063104161
0.6992113121036313
0.6580717371408664
0.6582725063104429
0.6992113121039972
0.6580717371407308
0.6582725063105542
0.6992113121042719
0.6580717371408997
0.6582725063104466
0.6992113121037183
0.6580717371410851
0.6582725063103141
0.6992113121031603
0.6580717371409761
0.6582725063104213
0.6992113121032777
0.6580717371409168
0.6582725063105592
0.6992113121032398
0.6580717371411171
0.6582725063104594
0.6992113121025534
0.6580717371411826
0.6582725063103902
0.6992113121022832
0.6580717371409732
0.6582725063105737
0.6992113121028163
0.6580717371409116
0.6582725063106428
0.6992113121029896
0.6580717371410647
0.6582725063104915
0.6992113121026788
0.6580717371409992
0.6582725063104826
0.6992113121030742
0.6580717371409303
0.6582725063106357
0.6992113121029752
0.6580717371409821
0.6582725063105644
0.6992113121027037
0.6580717371411795
0.6582725063104222
0.6992113121024159
0.658071737141128
0.6582725063104446
0.6992113121027381
0.6580717371409426
0.6582725063104995
0.6992113121031719
0.6580717371410136
0.6582725063103982
0.699211312103135
0.6580717371411398
0.6582725063102817
0.6992113121030992
0.6580717371409687
0.6582725063103909
0.699211312103694
0.6580717371408146
0.6582725063104944
0.6992113121041165
0.6580717371409606
0.6582725063104141
0.6992113121036161
0.6580717371410421
0.658272506310413
0.6992113121033554
0.6580717371408581
0.6582725063105965
0.6992113121037964
0.6580717371408269
0.6582725063106326
0.6992113121035961
0.6580717371410375
0.6582725063105146
0.6992113121027708
0.6580717371410834
0.6582725063105364
0.6992113121026757
0.6580717371409817
0.658272506310442
0.6992113121031895
0.6580717371409965
0.6582725063104522
0.6992113121029828
0.6580717371411661
0.6582725063104092
0.699211312102475
0.6580717371411327
0.6582725063104862
0.6992113121024716
0.6580717371409489
0.6582725063106036
0.6992113121028112
0.6580717371409781
0.6582725063105731
0.6992113121027262
0.658071737141084
0.658272506310511
0.6992113121026915
0.6580717371409406
0.6582725063105783
0.6992113121033016
0.6580717371407865
0.6582725063106114
0.6992113121037512
0.6580717371409044
0.6582725063104886
0.6992113121035682
0.6580717371410112
0.6582725063104269
0.6992113121035972
0.6580717371408741
0.6582725063104737
0.6992113121040262
0.6580717371408349
0.65827250631045
0.6992113121040082
0.6580717371410364
0.6582725063103416
0.6992113121034174
0.6580717371411184
0.6582725063103476
0.6992113121030881
0.6580717371408575
0.6582725063104565
0.6992113121039052
0.6580717371407723
0.6582725063104633
0.699211312104123
0.6580717371409162
0.6582725063104536
0.699211312103809
0.6580717371409138
0.6582725063105139
0.6992113121037347
0.6580717371407716
0.6582725063105903
0.6992113121038632
0.6580717371408307
0.6582725063105774
0.6992113121034812
0.6580717371410155
0.6582725063105694
0.699211312102973
0.6580717371409994
0.6582725063105997
0.6992113121029069
0.6580717371409058
0.6582725063105834
0.6992113121028631
0.6580717371410116
0.6582725063105168
0.6992113121025579
0.6580717371411501
0.6582725063104736
0.6992113121024777
0.6580717371410452
0.6582725063104765
0.6992113121028924
0.6580717371409079
0.6582725063104471
0.699211312103318
0.658071737141009
0.658272506310392
0.6992113121033343
0.6580717371410569
0.658272506310388
0.6992113121034074
0.658071737140907
0.6582725063105861
0.6992113121033643
0.6580717371407832
0.6582725063105523
0.6992113121036565
0.6580717371409107
0.6582725063105006
0.6992113121036481
0.6580717371409988
0.6582725063104627
0.6992113121036343
0.65807173714087
0.6582725063104181
0.6992113121038364
0.658071737140848
0.658272506310401
0.6992113121039191
0.6580717371410337
0.6582725063103985
0.6992113121035392
0.6580717371410795
0.658272506310392
0.6992113121031822
0.6580717371409447
0.6582725063104008
0.6992113121032162
0.6580717371409648
0.6582725063104582
0.6992113121030319
0.6580717371411184
0.6582725063105003
0.699211312102602
0.6580717371410665
0.6582725063105442
0.6992113121026653
0.6580717371408984
0.6582725063105886
0.6992113121029658
0.6580717371409399
0.6582725063106012
0.6992113121029232
0.65807173714104
0.6582725063105902
0.699211312102962
0.6580717371411089
0.658272506310501
0.6992113121025737
0.6580717371409899
0.658272506310523
0.6992113121026466
0.658071737141086
0.6582725063105088
0.6992113121025219
0.6580717371412342
0.6582725063104331
0.6992113121023071
0.6580717371411019
0.6582725063104138
0.6992113121026408
0.6580717371409441
0.6582725063104629
0.6992113121032623
0.6580717371410383
0.6582725063104378
0.6992113121033268
0.6580717371410796
0.6582725063103891
0.6992113121032668
0.6580717371408775
0.6582725063104345
0.699211312103831
0.6580717371407803
0.6582725063104868
0.6992113121042376
0.658071737140936
0.6582725063104818
0.6992113121038668
0.6580717371409763
0.6582725063104804
0.6992113121035406
0.6580717371408499
0.6582725063105357
0.6992113121035863
0.6580717371408984
0.658272506310565
0.6992113121033342
0.6580717371411078
0.6582725063105358
0.6992113121027959
0.6580717371411067
0.658272506310338
0.699211312103089
0.6580717371409335
0.6582725063104633
0.6992113121033499
0.6580717371409721
0.6582725063105077
0.6992113121031085
0.6580717371411247
0.6582725063104536
0.6992113121026273
0.6580717371410352
0.658272506310543
0.6992113121027732
0.6580717371408613
0.658272506310666
0.6992113121030954
0.658071737140947
0.6582725063106225
0.6992113121029411
0.6580717371410649
0.6582725063105481
0.6992113121027583
0.6580717371409195
0.6582725063105934
0.6992113121031892
0.6580717371407921
0.6582725063105961
0.6992113121037602
0.6580717371409479
0.6582725063104601
0.6992113121036337
0.6580717371410498
0.6582725063103652
0.6992113121033173
0.6580717371409015
0.6582725063104011
0.6992113121036553
0.6580717371408862
0.6582725063104233
0.6992113121038568
0.6580717371410879
0.6582725063103337
0.6992113121033257
0.6580717371409657
0.6582725063104102
0.6992113121035534
0.65807173714076
0.6582725063105603
0.6992113121042474
0.6580717371407501
0.6582725063105288
0.6992113121043331
0.6580717371409146
0.658272506310429
0.6992113121038308
0.6580717371408886
0.6582725063104946
0.6992113121037717
0.6580717371407653
0.6582725063106118
0.699211312103881
0.6580717371408948
0.6582725063105352
0.6992113121033483
0.6580717371410947
0.6582725063104425
0.6992113121026414
0.6580717371410323
0.6582725063105351
0.699211312102612
0.658071737140938
0.6582725063106178
0.6992113121028335
0.6580717371410865
0.658272506310461
0.6992113121025213
0.6580717371411655
0.658272506310378
0.6992113121022789
0.6580717371409719
0.6582725063105124
0.6992113121029095
0.6580717371408613
0.6582725063105319
0.6992113121035247
0.6580717371409845
0.6582725063103849
0.6992113121034107
0.6580717371410295
0.6582725063105352
0.699211312102796
0.6580717371408746
0.6582725063106623
0.69921131210337
0.6580717371408811
0.6582725063105643
0.699211312103641
0.6580717371410559
0.6582725063103624
0.6992113121032448
0.6580717371410285
0.6582725063103823
0.6992113121033087
0.65807173714088
0.658272506310479
0.6992113121038847
0.658071737140959
0.658272506310351
0.6992113121037196
0.6580717371411069
0.6582725063102398
0.6992113121031933
0.6580717371410088
0.658272506310425
0.6992113121033693
0.6580717371408927
0.6582725063105624
0.6992113121035137
0.6580717371410214
0.6582725063104523
0.6992113121029635
0.6580717371410938
0.6582725063104555
0.6992113121026404
0.6580717371409279
0.6582725063106751
0.6992113121029911
0.658071737140844
0.6582725063106947
0.6992113121031913
0.6580717371409965
0.658272506310527
0.6992113121028667
0.6580717371411526
0.6582725063104293
0.6992113121024677
0.6580717371410422
0.6582725063106052
0.6992113121026674
0.6580717371410711
0.6582725063105175
0.6992113121026111
0.6580717371412157
0.6582725063103412
0.6992113121021988
0.6580717371411566
0.6582725063104828
0.699211312102358
0.6580717371409784
0.6582725063106073
0.6992113121030241
0.6580717371409879
0.6582725063104196
0.6992113121032657
0.6580717371410474
0.6582725063103412
0.699211312103317
0.6580717371409179
0.6582725063105368
0.6992113121038259
0.6580717371407899
0.658272506310574
0.6992113121041859
0.6580717371408806
0.6582725063103967
0.6992113121039067
0.6580717371409753
0.6582725063104152
0.6992113121036891
0.6580717371408873
0.6582725063105888
0.6992113121038145
0.6580717371408781
0.6582725063105663
0.6992113121035798
0.6580717371410671
0.6582725063103753
0.6992113121028443
0.6580717371410191
0.6582725063103642
0.6992113121033585
0.6580717371409048
0.6582725063105661
0.6992113121036809
0.658071737140923
0.6582725063104535
0.6992113121034746
0.6580717371410206
0.658272506310385
0.6992113121030632
0.6580717371409679
0.6582725063106193
0.6992113121030539
0.6580717371408792
0.6582725063107434
0.6992113121031296
0.6580717371409475
0.6582725063105576
0.6992113121029632
0.6580717371410125
0.6582725063105098
0.699211312102823
0.6580717371409426
0.6582725063106657
0.6992113121030052
0.6580717371409024
0.6582725063106227
0.6992113121032597
0.6580717371409881
0.6582725063103749
0.6992113121032203
0.6580717371410211
0.6582725063103578
0.6992113121032537
0.6580717371409444
0.6582725063105099
0.6992113121036612
0.6580717371409319
0.6582725063104174
0.6992113121037417
0.6580717371410294
0.6582725063102283
0.6992113121033418
0.6580717371408586
0.6582725063105437
0.6992113121036998
0.6580717371407816
0.6582725063106558
0.6992113121041257
0.6580717371408153
0.6582725063104533
0.6992113121041033
0.6580717371408514
0.6582725063103607
0.6992113121039727
0.6580717371408284
0.6582725063105458
0.6992113121040385
0.6580717371408553
0.6582725063106019
0.6992113121039126
0.6580717371409692
0.6582725063104004
0.6992113121033433
0.6580717371410314
0.6582725063103653
0.6992113121028738
0.6580717371410107
0.6582725063105861
0.6992113121028016
0.6580717371410394
0.6582725063105763
0.6992113121026391
0.6580717371411118
0.6582725063103614
0.6992113121023398
0.6580717371410696
0.6582725063104424
0.6992113121024885
0.6580717371409766
0.6582725063106666
0.6992113121029444
0.6580717371409617
0.6582725063105378
0.699211312103118
0.6580717371409635
0.6582725063103742
0.6992113121032336
0.6580717371409301
0.6582725063106389
0.6992113121030348
0.6580717371409586
0.6582725063106833
0.6992113121029457
0.6580717371410663
0.6582725063104355
0.6992113121027722
0.658071737141034
0.6582725063103156
0.6992113121029624
0.6580717371409623
0.6582725063104886
0.6992113121034098
0.658071737141013
0.6582725063104802
0.699211312103557
0.6580717371410698
0.6582725063102304
0.6992113121033374
0.6580717371409968
0.6582725063102601
0.6992113121034798
0.6580717371409266
0.6582725063105253
0.6992113121038261
0.6580717371409674
0.6582725063104873
0.6992113121035257
0.658071737141002
0.6582725063103294
0.6992113121031274
0.6580717371409296
0.6582725063105264
0.6992113121033099
0.6580717371409
0.6582725063107415
0.6992113121032798
0.6580717371409914
0.6582725063106025
0.6992113121028296
0.6580717371410105
0.6582725063104692
0.6992113121027946