0.35337294305620137
0.3547710157224979
0.3586210233243742
0.3721433706936532
0.3646062535392315
0.36061472559488394
0.3624623388131075
0.37262751933915866
0.35638587755370044
0.35488738312696766
0.35168575633168303
0.3750375887069802
0.37045183338653676
0.36887780294712436
0.35930691806898807
0.3629494463783395
0.3472795763471498
0.35183200895063205
0.3682564992909246
0.3707405459003017
0.3765386970436052
0.3750348388554504
0.3804603304372999
0.36111077460603785
0.3584170001791056
0.3571797277536667
0.369525758918862
0.37278334970689186
0.37565925030081565
0.3735719736969687
0.3703993584642311
0.3637679535723228
0.3673825776295531
0.3644746742520029
0.3634460631443236
0.3739606952583915
0.36983329416979843
0.3685009737037961
0.35545547061118843
0.35758926003646074
0.35559782153691044
0.3620182745039855
0.36305436574146116
0.36724232888807395
0.3794719140332582
0.3665475503041027
0.37447987277755024
0.3733591450325078
0.36840729170313985
0.35505816691680164
0.3444916716491086
0.35195570765556805
0.3801988743920736
0.3722890747381094
0.36912036301832574
0.3608899587006208
0.35871557151466094
0.35468314422291786
0.35729610806813467
0.3694644239024327
0.35692636820287404
0.36789871600463964
0.3758417012875723
0.36136219837007055
0.35652507906433845
0.31862235091795615
0.3441914380097547
0.3626322496519535
0.3656863356432401
0.3684184258687454
0.36895949263694927
0.35909641583515733
0.3517240359035927
0.35658709712608827
0.3527625160951358
0.35191683408685664
0.3579413612618829
0.37492067956012487
0.36165383477403357
0.347493609732568
0.3522353267067282
0.40616496333305474
0.3747144607904508
0.35693890050578586
0.359568634935809
0.36705764149112635
0.36164597026723255
0.35500767316179566
0.36156249657640954
0.35852786818473825
0.36182146686162914
0.3581843887859636
0.3575222883172653
0.3532290227481539
0.3566329230703187
0.3855057348344544
0.4973455994199868
0.45644546784567464
0.4008659788769192
0.3647402724116382
0.3657225361469719
0.36600557870287925
0.363575326401711
0.3744940570736984
0.37495825106196934
0.3859853103423001
0.3814207449568913
0.36351194602758186
0.37151806090717066
0.36373984572143125
0.37466335583327914
0.4552713024395037
0.3899961362675788
0.4552713024395042
0.374663355833279
0.3637398457214318
0.3715180609071701
0.36351194602758186
0.3814207449568913
0.38598531034230016
0.3749582510619693
0.374494057073698
0.3635753264017113
0.3660055787028792
0.36572253614697214
0.36474027241163864
0.40086597887691916
0.45644546784567475
0.49734559941998696
0.3855057348344546
0.3566329230703188
0.3532290227481536
0.3575222883172658
0.3581843887859636
0.36182146686162864
0.3585278681847382
0.36156249657640926
0.35500767316179555
0.3616459702672331
0.367057641491126
0.35956863493580904
0.35693890050578614
0.3747144607904511
0.4061649633330549
0.3522353267067276
0.34749360973256765
0.36165383477403434
0.37492067956012465
0.35794136126188303
0.35191683408685676
0.35276251609513587
0.3565870971260885
0.3517240359035929
0.359096415835158
0.3689594926369496
0.3684184258687456
0.36568633564324005
0.3626322496519535
0.3441914380097546
0.31862235091795593
0.3565250790643382
0.36136219837007033
0.3758417012875725
0.36789871600463964
0.3569263682028745
0.3694644239024327
0.3572961080681341
0.35468314422291775
0.3587155715146606
0.36088995870062046
0.3691203630183265
0.37228907473810924
0.38019887439207395
0.35195570765556816
0.34449167164910854
0.3550581669168014
0.3684072917031396
0.37335914503250756
0.3744798727775496
0.3665475503041029
0.3794719140332583
0.3672423288880738
0.36305436574146077
0.3620182745039852
0.3555978215369102
0.3575892600364613
0.3554554706111886
0.3685009737037961
0.3698332941697988
0.3739606952583918
0.3634460631443237
0.3644746742520023
0.36738257762955373
0.3637679535723227
0.37039935846423117
0.37357197369696804
0.37565925030081565
0.3727833497068918
0.3695257589188624
0.35717972775366696
0.35841700017910527
0.36111077460603813
0.3804603304372995
0.3750348388554505
0.37653869704360476
0.37074054590030103
0.36825649929092374
0.35183200895063216
0.34727957634714934
0.3629494463783391
0.359306918068988
0.3688778029471245
0.370451833386537
0.3750375887069809
0.351685756331683
0.35488738312696755
0.3563858775537002
0.37262751933915866
0.3624623388131072
0.3606147255948837
0.36460625353923226
0.37214337069365333
0.3586210233243739
0.3547710157224968
0.3533729430562012