-0.36461677206140497
-0.35763500182782226
-0.3580192579558575
-0.36633002367757533
-0.36447198911226275
-0.3680734806413244
-0.3643166673708162
-0.36052815215638934
-0.3628388147936468
-0.3630622024913245
-0.36627686814113203
-0.36297969976341954
-0.36953527803097047
-0.3739485860007068
-0.36595968224498854
-0.3544884120443982
-0.353539590784101
-0.3599462928655277
-0.3648667703277434
-0.3678385131618424
-0.3655804106412935
-0.3707425410908351
-0.3617713412444602
-0.35363621726387073
-0.3562332782294595
-0.36342526774306594
-0.36399846000753905
-0.36005503310856113
-0.36516583357616816
-0.36282190768078687
-0.3582344445579676
-0.3717828295518551
-0.3649450528052398
-0.36574176038741657
-0.36852775679916716
-0.36270630559263434
-0.3675477840894063
-0.36152785107229307
-0.36341064551309066
-0.3651912269395008
-0.3620399866242955
-0.35718045619455197
-0.3605480947161337
-0.3606499408004575
-0.36469418706594925
-0.36668020090005116
-0.37929257241762193
-0.37581489843323745
-0.36639457090580074
-0.37017455617178585
-0.35813975774018364
-0.3610490354609487
-0.360267676667233
-0.39681806662894736
-0.37870378524837467
-0.36352246527438925
-0.36139403646567736
-0.363546251161738
-0.3698973536093667
-0.3709545714331396
-0.36340859297094374
-0.3697669284553826
-0.37051717372525866
-0.36757913560556693
-0.37718274440446764
-0.3697552653910241
-0.3768284330270394
-0.3690596126650547
-0.40339167429407013
-0.38622207529934616
-0.3761420612710038
-0.363382726073083
-0.3595904358409716
-0.3715767607958617
-0.3701800578363534
-0.35238264920122714
-0.35876819937644416
-0.3642670617363746
-0.36374789072760555
-0.37020874079972804
-0.3543592396447456
-0.3210600239642546
-0.28218901206793284
-0.33156683798198394
-0.3840404708463947
-0.388514033693213
-0.3644095102594113
-0.3627878941642812
-0.3725872207934936
-0.36131525404054404
-0.35047519155627804
-0.36496044251750687
-0.3643332539909795
-0.3590784303786083
-0.37172022787741876
-0.31673717659785805
-0.27700036495954455
-0.22851284637984304
-0.2761588894578359
-0.358615208765364
-0.36384249625989495
-0.36664500329704974
-0.3703666873736122
-0.3651755209140815
-0.3669707803299779
-0.36517552091408184
-0.37036668737361245
-0.36664500329704985
-0.36384249625989484
-0.3586152087653638
-0.27615888945783656
-0.2285128463798431
-0.2770003649595447
-0.31673717659785783
-0.37172022787741915
-0.35907843037860854
-0.36433325399098
-0.36496044251750726
-0.35047519155627826
-0.36697078032997765
-0.3725872207934939
-0.3627878941642815
-0.3644095102594114
-0.3885140336932128
-0.384040470846395
-0.3315668379819846
-0.28218901206793345
-0.32106002396425437
-0.3543592396447456
-0.370208740799728
-0.3637478907276056
-0.36426706173637485
-0.3587681993764449
-0.35238264920122664
-0.36131525404054415
-0.3715767607958622
-0.3595904358409726
-0.3633827260730836
-0.3761420612710035
-0.38622207529934577
-0.40339167429407047
-0.3690596126650544
-0.3768284330270395
-0.36975526539102443
-0.3771827444044678
-0.3675791356055667
-0.3705171737252592
-0.3697669284553826
-0.3634085929709441
-0.3701800578363532
-0.3698973536093665
-0.36354625116173883
-0.36139403646567764
-0.3635224652743899
-0.3787037852483741
-0.39681806662894686
-0.360267676667233
-0.3610490354609488
-0.35813975774018275
-0.37017455617178596
-0.3663945709058002
-0.37581489843323734
-0.3792925724176225
-0.3666802009000508
-0.3709545714331396
-0.3606499408004569
-0.3605480947161338
-0.3571804561945514
-0.3620399866242948
-0.3651912269395009
-0.36341064551309027
-0.361527851072293
-0.3675477840894069
-0.36270630559263406
-0.3685277567991669
-0.36574176038741624
-0.3649450528052393
-0.3717828295518556
-0.35823444455796805
-0.3646941870659491
-0.36516583357616816
-0.3600550331085611
-0.36399846000753966
-0.363425267743066
-0.3562332782294598
-0.3536362172638702
-0.36177134124446064
-0.370742541090835
-0.3655804106412931
-0.36783851316184396
-0.364866770327743
-0.3599462928655275
-0.35353959078410135
-0.35448841204439885
-0.36282190768078726
-0.37394858600070763
-0.36953527803097064
-0.3629796997634202
-0.3662768681411326
-0.3630622024913251
-0.3628388147936473
-0.36052815215638956
-0.3643166673708161
-0.3680734806413246
-0.3644719891122633
-0.36633002367757594
-0.35801925795585743
-0.35763500182782304
-0.3646167720614049
-0.36595968224498876
-0.3717228211085263
-0.3669386953726495
-0.36485343279118543
-0.36778681094670024
-0.3681335678082587
-0.3658372854116049
-0.3820095835137585
-0.3820095835137585
-0.36583728541160554
-0.3681335678082587
-0.3677868109466995
-0.36485343279118543
-0.36693869537264984
-0.37172282110852656
-0.3754346343712518