0.6545887561337242
0.6523776744207391
0.6738151394679197
0.6546679655340018
0.6522702170222254
0.6723137510984046
0.6556938116032021
0.6530735376479617
0.674150135501415
0.655432133042835
0.6522220580291309
0.6741860344623917
0.6553359757016806
0.6522543310435827
0.6749088405754847
0.6552451629374669
0.652018866890389
0.6745176526628149
0.6552219993130363
0.6519680539200725
0.6735592589250482
0.655075887618189
0.652285571240936
0.6734619785907632
0.6555164243726078
0.6523290240551218
0.6736635305072802
0.6552095323227504
0.6528906078198453
0.673211254856785
0.6553305236791026
0.6531996017502818
0.6735693699632829
0.6558274368595478
0.6533899840985413
0.6746424451568982
0.6547410364607202
0.6525861023609285
0.6737314342281764
0.6550042685336261
0.6520435870196429
0.6742569005389052
0.6546385028566715
0.6518066535072664
0.6717409858049452
0.6558818389765354
0.6533327101082883
0.6746923608603101
0.6560742702949345
0.6532306649023565
0.6732306956116008
0.6555026653195131
0.6535202485420026
0.6732088780277096
0.655558868759613
0.6529836655060643
0.6738003765098275
0.655245253408929
0.6526771695643409
0.6746737519949736
0.65543609019259
0.6529499082332164
0.674565375962957
0.6559503746512809
0.6533930054321828
0.6752624074581512
0.6561078905510456
0.6533287937999576
0.6753257623704703
0.6558807340668286
0.6531847623670555
0.6743634252799173
0.6555359038193443
0.6531196117899658
0.6736620105131103
0.656698327737975
0.6535801456599843
0.6734494017762229
0.6559311424754682
0.6532742449346132
0.6741026141820221
0.6561971865960368
0.6539370790530582
0.6746888654892647
0.6558362803777372
0.6534078978595016
0.675385199983822
0.6557907944818765
0.6529257422052397
0.6741524463030386
0.6562285732469496
0.6528537211547252
0.6740924498827853
0.6558951099770465
0.6526795382779993
0.6736438490671405
0.6563619482774334
0.6532841595780517
0.6726849757502146
0.6551361799870902
0.6523627545773978
0.6732501282283763
0.6540825126784494
0.6530855678577046
0.6737665921473375
0.6553844458964554
0.652796261625828
0.6731453258419219
0.6557503152849437
0.653342020390907
0.6750870580286323
0.6559461361771226
0.6531995107376888
0.6750247836147947
0.655494550107824
0.6528018109923162
0.6740211295059995
0.6561656226092025
0.6518094430511924
0.6739643811280366
0.6562546200582221
0.6528367682067369
0.6734290342857142
0.6560256285200459
0.6540410692430676
0.6733344148341298
0.6560938544144375
0.6531044747792212
0.6739376031402827
0.655739981917143
0.6535582598080263
0.6739630943058603
0.6560814130665389
0.6535283612261638
0.6745454764088105
0.6551018028504643
0.651218860942302
0.672461256934082
0.6557591603534751
0.6523720287524146
0.673917055051072
0.6552758463982027
0.6526505087534893
0.6726187574199526
0.6545265144290019
0.6516674824230086
0.6733824170302771
0.6531911599347775
0.6519613538785888
0.6727083730031139
0.6550087049396607
0.6516731925550603
0.6713982879403386
0.6543794590769502
0.6526495927007651
0.6734784718216944
0.6551124469733508
0.6516104415343789
0.673489444638627
0.6546475290840474
0.6518114318666829
0.6729879373547193
0.6554616694442458
0.6502563848869447
0.6739817741625103
0.6553386147146691
0.6518532421449014
0.6744151002503335
0.655841049586243
0.6524818014706641
0.6727665076087327
0.6562938067373749
0.652522329866594
0.6730109021407802
0.6544813308590525
0.65194375421359
0.6717123212399265
0.6553478628577734
0.6519030365216143
0.6731239874906224
0.654513134169833
0.651363462735698
0.6719658867903577
0.6550111841139192
0.651529304253984
0.6738530037518851
0.6542272825957252
0.6523511504907353
0.6727992150570117
0.653618937514148
0.6517105888096413
0.6730479588938094
0.654528205925055
0.6513083951095959
0.6731532823412526
0.6554730578079877
0.6515181010947533
0.6711080542291181
0.6539031238897444
0.6522057863012549
0.677081306762034
0.6548599484707593
0.6512134677047559
0.6760123095012283
0.6541156374327084
0.6514705756251356
0.671863588197313
0.6549684844140743
0.6508244591797179
0.6738430847829937
0.654934371050864
0.650743860895985
0.6743596215148128
0.6556539150835784
0.6514467422870084
0.6731203377766053
0.6552980189417316
0.6518264933914748
0.6733105953768896
0.6547669675951268
0.6517067991360264
0.6712387065840748
0.655109304367709
0.6512781116807648
0.6726864032750738
0.6547781883142167
0.6523804931075717
0.6731951690862654
0.6549857112385775
0.6524753894224455
0.673881843319903
0.6550492291607442
0.6526203296606794
0.6729903578962393
0.6560645175144191
0.652815370000492
0.6737783746829582
0.6555112039314723
0.6522276500048789
0.674121730267271
0.6565249690902124
0.653297406774884
0.6781523412535952
0.6555524060123867
0.6533264001559695
0.6831595147569272
0.6565938399692688
0.6525819991679607
0.6821196355414619
0.654449748862496
0.6543073877302028
0.6780276548743376
0.6547576027438907
0.652953542125441
0.6735217726038205
0.655092409254475
0.6535116447298823
0.674457418131171
0.6552718219926278
0.652765417560927
0.6733057637889744
0.6556076761013104
0.652420504407599
0.6738932309296759
0.6555068653813398
0.6522572309529006
0.6733588512629984
0.655413731309389
0.6523400783809699
0.6738168776025771
0.6560042351680179
0.6536411495205254
0.6755154140099249
0.6555351477400464
0.6536297263278545
0.6749189296144982
0.6554376309995138
0.6526499475142858
0.6740991867465769
0.6550265134577467
0.6536401802152398
0.6746803479613569
0.6549506181949142
0.653190640824133
0.6791521203941044
0.6557050652255296
0.6550954351052214
0.6844863583104728
0.6801365132633221
0.6633902696838565
0.7021853377404943
0.6652803538872024
0.678332927199319
0.7022355214953393
0.6557580801525389
0.6550533131157461
0.6843561966496656
0.6556999154151453
0.6529980191278435
0.6787882139930815
0.6554894251379644
0.653378337871602
0.6749458935770796
0.6553566871207717
0.6529741663575055
0.6744982932441161
0.6559051058626906
0.6532255494180796
0.6752878071228037
0.6561729761895128
0.6536790929636036
0.6755298149446514
0.6560921630153718
0.6535861597153904
0.6770552759100518
0.6561729761895123
0.6536790929636035
0.6755298149446517
0.6559051058626911
0.6532255494180795
0.675287807122804
0.6553566871207721
0.6529741663575055
0.674498293244116
0.6554894251379642
0.6533783378716023
0.6749458935770793
0.6556999154151456
0.6529980191278432
0.678788213993081
0.6557580801525389
0.6550533131157462
0.6843561966496654
0.6652803538872021
0.6783329271993195
0.7022355214953395
0.6801365132633217
0.6633902696838567
0.7021853377404943
0.6557050652255301
0.6550954351052212
0.6844863583104728
0.6549506181949136
0.6531906408241328
0.6791521203941044
0.6550265134577467
0.6536401802152402
0.6746803479613566
0.655437630999514
0.6526499475142862
0.6740991867465767
0.6555351477400468
0.6536297263278545
0.674918929614498
0.6560042351680179
0.6536411495205252
0.6755154140099249
0.6560921630153721
0.65358615971539
0.6770552759100517
0.6555068653813396
0.6522572309529003
0.6733588512629982
0.65560767610131
0.6524205044075984
0.6738932309296759
0.6552718219926282
0.652765417560927
0.6733057637889743
0.655092409254475
0.6535116447298819
0.6744574181311713
0.6547576027438907
0.6529535421254411
0.6735217726038202
0.6544497488624963
0.6543073877302024
0.6780276548743376
0.6565938399692683
0.6525819991679602
0.6821196355414618
0.6555524060123865
0.6533264001559694
0.6831595147569275
0.656524969090212
0.6532974067748842
0.6781523412535955
0.6555112039314726
0.652227650004879
0.6741217302672713
0.6560645175144189
0.6528153700004917
0.6737783746829584
0.6550492291607439
0.652620329660679
0.6729903578962393
0.6549857112385777
0.6524753894224455
0.6738818433199032
0.6547781883142165
0.6523804931075716
0.6731951690862652
0.6554137313093882
0.6523400783809699
0.6738168776025768
0.6547669675951261
0.6517067991360261
0.6712387065840741
0.6552980189417323
0.6518264933914748
0.6733105953768901
0.6556539150835782
0.6514467422870082
0.6731203377766054
0.6549343710508645
0.6507438608959851
0.6743596215148129
0.6549684844140743
0.6508244591797179
0.6738430847829937
0.6541156374327082
0.6514705756251354
0.6718635881973125
0.6548599484707596
0.651213467704756
0.6760123095012283
0.6539031238897439
0.6522057863012548
0.6770813067620343
0.6554730578079879
0.6515181010947533
0.6711080542291179
0.6545282059250546
0.6513083951095959
0.6731532823412528
0.6536189375141481
0.6517105888096413
0.6730479588938099
0.6542272825957252
0.6523511504907358
0.6727992150570117
0.6550111841139195
0.651529304253984
0.6738530037518857
0.6545131341698327
0.6513634627356979
0.6719658867903572
0.6551093043677085
0.6512781116807651
0.6726864032750739
0.6544813308590529
0.6519437542135902
0.671712321239927
0.6562938067373746
0.6525223298665942
0.6730109021407797
0.6558410495862428
0.6524818014706639
0.6727665076087326
0.6553386147146691
0.6518532421449013
0.6744151002503336
0.6554616694442463
0.6502563848869445
0.6739817741625097
0.6546475290840472
0.6518114318666832
0.6729879373547201
0.6551124469733501
0.6516104415343793
0.6734894446386267
0.6543794590769504
0.6526495927007652
0.6734784718216942
0.6550087049396609
0.6516731925550603
0.6713982879403384
0.6531911599347775
0.6519613538785884
0.6727083730031138
0.6545265144290018
0.6516674824230086
0.6733824170302773
0.6552758463982028
0.6526505087534887
0.6726187574199523
0.6557591603534749
0.6523720287524145
0.6739170550510724
0.6551018028504645
0.6512188609423019
0.672461256934082
0.6553478628577738
0.6519030365216143
0.6731239874906225
0.655739981917143
0.6535582598080261
0.6739630943058604
0.6560938544144371
0.6531044747792213
0.6739376031402816
0.6560256285200456
0.6540410692430674
0.6733344148341303
0.656254620058222
0.6528367682067364
0.6734290342857143
0.656165622609202
0.6518094430511918
0.6739643811280366
0.6554945501078242
0.6528018109923166
0.6740211295059999
0.6559461361771227
0.6531995107376884
0.6750247836147949
0.6557503152849435
0.6533420203909072
0.6750870580286323
0.6553844458964553
0.6527962616258284
0.6731453258419217
0.6540825126784493
0.653085567857704
0.6737665921473377
0.6551361799870904
0.6523627545773978
0.6732501282283763
0.6563619482774334
0.6532841595780516
0.6726849757502142
0.6558951099770467
0.6526795382779992
0.6736438490671406
0.6562285732469495
0.6528537211547257
0.6740924498827856
0.6560814130665389
0.6535283612261636
0.6745454764088106
0.6558362803777371
0.6534078978595019
0.675385199983822
0.6561971865960372
0.6539370790530585
0.6746888654892644
0.6559311424754677
0.6532742449346132
0.6741026141820221
0.6566983277379752
0.653580145659984
0.6734494017762231
0.6555359038193442
0.6531196117899658
0.6736620105131108
0.6558807340668286
0.6531847623670559
0.6743634252799177
0.6561078905510453
0.6533287937999575
0.67532576237047
0.6559503746512807
0.653393005432183
0.6752624074581516
0.6554360901925901
0.6529499082332169
0.6745653759629573
0.6552452534089293
0.6526771695643403
0.6746737519949739
0.6555588687596131
0.6529836655060647
0.6738003765098277
0.6555026653195133
0.6535202485420026
0.6732088780277092
0.6560742702949347
0.6532306649023565
0.6732306956116009
0.6558818389765352
0.6533327101082883
0.6746923608603097
0.6557907944818765
0.6529257422052392
0.6741524463030379
0.6550042685336259
0.6520435870196426
0.674256900538905
0.6547410364607198
0.6525861023609285
0.6737314342281772
0.6558274368595473
0.6533899840985409
0.6746424451568982
0.6553305236791026
0.6531996017502822
0.6735693699632829
0.6552095323227505
0.6528906078198451
0.6732112548567845
0.6555164243726077
0.652329024055122
0.6736635305072805
0.655075887618189
0.6522855712409363
0.6734619785907632
0.6552219993130364
0.6519680539200727
0.6735592589250481
0.6552451629374675
0.652018866890389
0.6745176526628152
0.6553359757016811
0.6522543310435827
0.674908840575485
0.6554321330428348
0.6522220580291314
0.674186034462392
0.6556938116032022
0.6530735376479619
0.6741501355014156
0.6546679655340015
0.652270217022225
0.6723137510984047
0.654588756133724
0.6523776744207395
0.6738151394679199
0.6546385028566712
0.6518066535072667
0.6717409858049453
0.6540659285766929
0.6516713605773983
0.6733005684731135
0.6542636798239716
0.6518567539385431
0.6722549827656146
0.6557945349107386
0.653236286186873
0.6745397252359966
0.6553107466462496
0.6524766885664297
0.673919613270856
0.6547920552877073
0.6521074068664556
0.6734986367652174
0.6550318270679933
0.6518734883822839
0.6730822580951868
0.6547904358885566
0.6512554262134089
0.6732068109845495
0.6547904358885566
0.6512554262134089
0.6732068109845497
0.6550318270679936
0.6518734883822837
0.6730822580951871
0.6547920552877077
0.6521074068664556
0.673498636765217
0.6553107466462498
0.6524766885664295
0.6739196132708558
0.655794534910739
0.6532362861868728
0.6745397252359968
0.654263679823972
0.6518567539385436
0.672254982765615
0.6540659285766931
0.6516713605773989
0.6733005684731134
0.654132676465751
0.6513502129970783
0.6703609585805839