0.653491502948109
0.6565252853502469
0.6750550622493603
0.6534861325022201
0.6557887729428972
0.6749546252364333
0.6523552697089954
0.6555991230902339
0.6741733475313725
0.6524383823718523
0.6549607417184786
0.6738450908762668
0.652261710515156
0.6551728284108245
0.674809496159684
0.6534386190870943
0.6555396586997368
0.6740248011068124
0.6534248727555523
0.6556290635792833
0.6749407203683865
0.6535151613205793
0.6562500890621281
0.6749509382496355
0.653633459293142
0.6555257228543372
0.6753081765312672
0.6538054826269802
0.6557485901812572
0.6751771997879877
0.6532175734401512
0.6554183060507828
0.676224795950757
0.6525581073750415
0.6550655059536032
0.6738232960392223
0.6522170162190529
0.6552277468691781
0.6738264610589766
0.6529298000743325
0.6561770127530333
0.6739616478932722
0.6536621368112734
0.6563946542953578
0.6744770380872116
0.6518658502052956
0.6553991909715474
0.6730504358849798
0.6526979269263189
0.6552802211030084
0.6744308904111798
0.6523123254902141
0.6548887178646204
0.6742809765137976
0.6526177072258847
0.6547733341794721
0.6742605370587229
0.6518716385420962
0.6549969956963326
0.6740759069331934
0.6524642794684767
0.6553726012215633
0.672843348303729
0.6523127891732923
0.6547243089488974
0.6733984454963546
0.6521316935171675
0.6548481243649216
0.6743604183329
0.6523665379430413
0.6551509289127313
0.6739106842526408
0.6537506284937638
0.6551617031682397
0.6750172379110012
0.6534304945753926
0.6550337029175861
0.6765668955796632
0.6527357897914898
0.654966664182772
0.6746526749675928
0.6518329523412281
0.654514694040575
0.6742349865495848
0.6518758470285975
0.6554356407810671
0.6726457917773861
0.6516953369843451
0.6551898030039922
0.6725436639758281
0.6507132480085067
0.654986094800377
0.6716423433117135
0.6516391251692345
0.6543063263366095
0.6729997424047256
0.6518011702096517
0.6550665478020419
0.6740238322583603
0.6524805440039165
0.6545558988616089
0.6747744353432992
0.653678616838953
0.6546201600613444
0.6748272489286196
0.6532069641251403
0.6551610617416165
0.6738672797525194
0.651394577073266
0.6542783046616629
0.6727186792772734
0.6511442448390099
0.6547121045747607
0.6728538745716963
0.6514842875268243
0.6541709166151453
0.6727350179398769
0.6526650378915814
0.6555347941824898
0.6750826832722183
0.653248440672896
0.6551707279565294
0.6760211841539646
0.6531243266608702
0.654981168905288
0.6762116666234333
0.6525420428627968
0.6543177281232292
0.6762719192520028
0.6513408681614247
0.654736105551925
0.6724940831526194
0.6512409737298794
0.6542888330907253
0.6718362485950574
0.6514957017155297
0.6549940859044912
0.6728102445042403
0.6516041264215915
0.6544041307482172
0.6732627487033591
0.652326353215978
0.6550622962812338
0.6741776124293666
0.6526284054546345
0.655766798439954
0.6751481487293689
0.655070647231398
0.6552945127276569
0.6756248721083646
0.6548219213439125
0.6555768489849485
0.6757655248780111
0.6525056666598744
0.6547712750170636
0.674530986890264
0.652211800042072
0.6551298432256905
0.6752332320434578
0.652195422959998
0.654541811129262
0.6734759738414875
0.652797006911292
0.6563276634440321
0.6747968027444364
0.6535863544019389
0.656154926656197
0.6752209490906865
0.6540515127264268
0.655164686228533
0.6765323765303962
0.6533385765290345
0.6548390121350608
0.6768113270207995
0.6526525362870909
0.6555924076289624
0.6749616851507361
0.6523922912553813
0.6547019930176163
0.6736894288123713
0.6531199061679775
0.6556657379067914
0.67485184474469
0.652395062803547
0.655543885462295
0.6746113175667647
0.6538523421458704
0.6555995117466761
0.6747644929252865
0.6539215209077187
0.6551335010023476
0.6755935230882149
0.6559130125858266
0.6559310342424955
0.6766704399884131
0.6560325703216845
0.6560245017372964
0.6774351011685169
0.6536669526459835
0.6558366577585317
0.6750419516201666
0.6536209888783893
0.6554837516413902
0.6741390364153491
0.6532426685632964
0.6561757632881802
0.6750368261470269
0.6538806675417708
0.6577463042147776
0.6753670929551865
0.6544051361978863
0.6567708164636595
0.6750488995995966
0.6538913623699028
0.6565806223976316
0.6766481911984673
0.6542010489520453
0.6564328320257444
0.6764028629792372
0.6542400136175075
0.6556203512334213
0.6767963053332257
0.6538201360657518
0.6558414745508578
0.676057802071195
0.6535496589994698
0.6553925203339296
0.6746975621126938
0.6532880540476451
0.6553701691331296
0.6744614545032526
0.6540697862254645
0.6554438720847471
0.6743735432559842
0.6540473508130877
0.6553317583457263
0.6750033362165342
0.6548213956707674
0.6563140267288456
0.6752971424310572
0.6533018168611291
0.655823018228871
0.6735082327170966
0.6536218208961593
0.6554273401388826
0.6704200409833454
0.6514644958233545
0.6535023765244183
0.667328304634824
0.6533256612339534
0.6567670157263881
0.6734435561378833
0.6540034131066922
0.6560780981722925
0.6740835859822679
0.6540938183859163
0.6569192400995436
0.6744861847593646
0.6531775364922607
0.6567056988924143
0.6752909215713515
0.6539333283015375
0.65622697621177
0.674580753767171
0.6534026969911331
0.6557245094641896
0.6755915067668834
0.6529978692356263
0.6557620321389778
0.6751851280556235
0.6520352930243092
0.6545675555013635
0.6730679590984994
0.6525804130346569
0.6544972962026291
0.6742148502821261
0.6527547146047232
0.6550294200623523
0.6746239939609208
0.6529896638283214
0.6550709720369825
0.675557807110204
0.6535909419650954
0.6552942788296793
0.6743217873342177
0.6525080302576187
0.654318266773132
0.6691965939269549
0.6477104644264442
0.6528410606782056
0.6615563703748482
0.6429643946577921
0.6482705001814798
0.6576604286366372
0.6498627141121331
0.6531239534450365
0.6646212327824312
0.6524227577320589
0.6561631112125875
0.6707597387370656
0.653206225267452
0.6556443606047434
0.6744558633502835
0.6529351491590597
0.6548466392325073
0.6756568797751683
0.6524561948808156
0.6548619686806523
0.6738860324608781
0.6518196236083371
0.6549336815123793
0.6740486978954661
0.6512830071386988
0.6546403827038074
0.672521941784439
0.650813776329517
0.6542663480591132
0.671245232958968
0.6515658257850431
0.6545288155933994
0.6739307995975633
0.6526325197925761
0.6544650916215942
0.6734170628060034
0.6525553408284899
0.6550333516995555
0.676184871534397
0.652338993790831
0.6551998810169745
0.6731211955646168
0.6499548424990274
0.6529494101805762
0.6649990173554636
0.6456670549499574
0.6478249683478615
0.6598259494860447
0.4641275680575696
0.4676326211340004
0.45158016069568385
0.6456670549499575
0.6478249683478613
0.6598259494860441
0.6499548424990271
0.6529494101805763
0.6649990173554641
0.6523389937908308
0.6551998810169747
0.6731211955646164
0.6525553408284894
0.6550333516995555
0.6761848715343969
0.6526325197925762
0.6544650916215942
0.6734170628060033
0.651565825785043
0.654528815593399
0.6739307995975636
0.6508137763295171
0.6542663480591131
0.6712452329589682
0.651283007138699
0.6546403827038078
0.672521941784439
0.6518196236083375
0.6549336815123794
0.6740486978954661
0.6524561948808156
0.6548619686806518
0.6738860324608777
0.6529351491590596
0.6548466392325072
0.6756568797751683
0.653206225267452
0.6556443606047436
0.6744558633502835
0.6524227577320587
0.6561631112125876
0.6707597387370652
0.6498627141121331
0.6531239534450364
0.6646212327824312
0.6429643946577922
0.6482705001814797
0.6576604286366369
0.647710464426444
0.6528410606782058
0.6615563703748487
0.6525080302576185
0.6543182667731318
0.6691965939269553
0.6535909419650956
0.6552942788296793
0.6743217873342173
0.6529896638283214
0.6550709720369827
0.675557807110204
0.6527547146047233
0.655029420062352
0.6746239939609208
0.652580413034657
0.6544972962026291
0.6742148502821264
0.652035293024309
0.6545675555013631
0.6730679590984991
0.6529978692356266
0.6557620321389775
0.6751851280556236
0.6534026969911334
0.6557245094641899
0.6755915067668833
0.6539333283015373
0.6562269762117696
0.6745807537671715
0.6531775364922608
0.6567056988924144
0.6752909215713516
0.6540938183859164
0.656919240099544
0.6744861847593646
0.6540034131066919
0.6560780981722927
0.674083585982268
0.6533256612339534
0.6567670157263883
0.6734435561378831
0.6514644958233546
0.6535023765244183
0.6673283046348235
0.6536218208961593
0.6554273401388826
0.6704200409833452
0.6533018168611293
0.6558230182288711
0.6735082327170967
0.6548213956707674
0.6563140267288456
0.6752971424310572
0.6540473508130876
0.6553317583457261
0.6750033362165342
0.6540697862254647
0.6554438720847473
0.6743735432559843
0.6532880540476451
0.6553701691331292
0.6744614545032529
0.6535496589994698
0.6553925203339293
0.6746975621126938
0.6538201360657521
0.6558414745508581
0.6760578020711944
0.6542400136175075
0.6556203512334213
0.6767963053332255
0.6542010489520454
0.6564328320257447
0.6764028629792371
0.6538913623699028
0.6565806223976314
0.6766481911984675
0.654405136197886
0.6567708164636596
0.6750488995995967
0.6538806675417705
0.6577463042147775
0.6753670929551863
0.6532426685632962
0.6561757632881798
0.675036826147027
0.653620988878389
0.6554837516413901
0.6741390364153488
0.6536669526459836
0.6558366577585315
0.675041951620166
0.6560325703216848
0.6560245017372963
0.6774351011685167
0.6559130125858268
0.6559310342424955
0.6766704399884127
0.6539215209077184
0.6551335010023472
0.6755935230882146
0.6538523421458705
0.6555995117466764
0.674764492925287
0.6523950628035468
0.655543885462295
0.6746113175667648
0.6531199061679773
0.6556657379067916
0.6748518447446901
0.6523922912553813
0.6547019930176163
0.6736894288123709
0.6526525362870906
0.6555924076289626
0.6749616851507361
0.6533385765290344
0.6548390121350605
0.6768113270207992
0.654051512726427
0.655164686228533
0.6765323765303961
0.6535863544019391
0.6561549266561972
0.6752209490906864
0.6527970069112919
0.6563276634440325
0.6747968027444367
0.6521954229599983
0.654541811129262
0.6734759738414873
0.652211800042072
0.6551298432256906
0.6752332320434575
0.6525056666598743
0.6547712750170636
0.674530986890264
0.6548219213439124
0.6555768489849485
0.6757655248780108
0.6550706472313981
0.655294512727657
0.6756248721083646
0.6526284054546343
0.6557667984399541
0.6751481487293687
0.6523263532159778
0.655062296281234
0.6741776124293664
0.6516041264215915
0.6544041307482175
0.6732627487033593
0.6514957017155296
0.6549940859044913
0.6728102445042405
0.6512409737298797
0.654288833090725
0.6718362485950578
0.6513408681614246
0.6547361055519251
0.6724940831526194
0.652542042862797
0.6543177281232289
0.676271919252003
0.6531243266608701
0.654981168905288
0.6762116666234331
0.6532484406728959
0.6551707279565294
0.6760211841539643
0.6526650378915815
0.6555347941824898
0.6750826832722181
0.6514842875268245
0.6541709166151454
0.6727350179398768
0.6511442448390097
0.6547121045747608
0.6728538745716958
0.6513945770732655
0.6542783046616631
0.6727186792772737
0.6532069641251405
0.6551610617416161
0.6738672797525196
0.6536786168389532
0.6546201600613442
0.6748272489286196
0.6524805440039165
0.6545558988616087
0.6747744353432993
0.6518011702096519
0.655066547802042
0.6740238322583603
0.6516391251692345
0.6543063263366096
0.6729997424047258
0.6507132480085065
0.654986094800377
0.6716423433117138
0.651695336984345
0.6551898030039919
0.6725436639758283
0.6518758470285976
0.655435640781067
0.6726457917773863
0.6518329523412281
0.6545146940405749
0.6742349865495849
0.6527357897914898
0.654966664182772
0.6746526749675932
0.6534304945753926
0.6550337029175863
0.6765668955796632
0.6537506284937638
0.6551617031682397
0.6750172379110012
0.6523665379430411
0.6551509289127313
0.6739106842526408
0.6521316935171677
0.6548481243649213
0.6743604183328997
0.6523127891732923
0.6547243089488974
0.673398445496355
0.6524642794684767
0.6553726012215634
0.6728433483037288
0.6518716385420965
0.6549969956963326
0.6740759069331936
0.6526177072258847
0.6547733341794721
0.6742605370587225
0.6523123254902143
0.6548887178646208
0.6742809765137976
0.6526979269263191
0.6552802211030083
0.6744308904111801
0.6518658502052962
0.6553991909715475
0.6730504358849798
0.6536621368112736
0.6563946542953578
0.6744770380872114
0.6529298000743327
0.6561770127530333
0.6739616478932722
0.6522170162190527
0.6552277468691783
0.6738264610589769
0.6525581073750415
0.6550655059536032
0.6738232960392224
0.6532175734401513
0.6554183060507828
0.6762247959507575
0.6538054826269802
0.6557485901812572
0.6751771997879882
0.6536334592931419
0.6555257228543372
0.6753081765312676
0.6535151613205794
0.6562500890621279
0.6749509382496357
0.6534248727555525
0.6556290635792834
0.6749407203683867
0.6534386190870944
0.6555396586997373
0.6740248011068122
0.6522617105151561
0.6551728284108245
0.6748094961596836
0.6524383823718523
0.6549607417184787
0.673845090876267
0.6523552697089957
0.6555991230902342
0.674173347531372
0.6534861325022207
0.6557887729428968
0.6749546252364337
0.6534915029481091
0.6565252853502471
0.6750550622493605