0.6534915029481083
0.6565252853502486
0.6750550622493608
0.653486132502221
0.6557887729428955
0.6749546252364346
0.6523552697089952
0.6555991230902343
0.6741733475313719
0.6524383823718515
0.6549607417184797
0.6738450908762676
0.652261710515157
0.6551728284108258
0.674809496159684
0.6534386190870938
0.6555396586997376
0.6740248011068092
0.6534248727555512
0.655629063579283
0.674940720368387
0.6535151613205795
0.6562500890621288
0.6749509382496361
0.6536334592931416
0.6555257228543366
0.6753081765312685
0.6538054826269807
0.6557485901812591
0.675177199787987
0.6532175734401522
0.6554183060507817
0.6762247959507555
0.6525581073750422
0.6550655059536039
0.673823296039223
0.6522170162190537
0.6552277468691775
0.6738264610589784
0.6529298000743329
0.6561770127530331
0.6739616478932717
0.6536621368112745
0.6563946542953584
0.6744770380872117
0.6518658502052975
0.6553991909715482
0.6730504358849809
0.6526979269263182
0.655280221103007
0.674430890411179
0.6523123254902146
0.654888717864619
0.6742809765137981
0.6526177072258854
0.6547733341794733
0.6742605370587238
0.6518716385420966
0.654996995696334
0.6740759069331929
0.6524642794684774
0.6553726012215652
0.6728433483037266
0.6523127891732929
0.6547243089488987
0.6733984454963533
0.6521316935171685
0.65484812436492
0.6743604183329033
0.6523665379430446
0.6551509289127343
0.6739106842526403
0.6537506284937639
0.6551617031682389
0.6750172379109999
0.6534304945753927
0.6550337029175883
0.6765668955796633
0.6527357897914896
0.654966664182773
0.6746526749675913
0.6518329523412272
0.6545146940405733
0.6742349865495852
0.6518758470285964
0.655435640781068
0.6726457917773845
0.651695336984346
0.6551898030039924
0.672543663975826
0.6507132480085059
0.6549860948003767
0.6716423433117125
0.6516391251692362
0.6543063263366109
0.6729997424047259
0.6518011702096531
0.6550665478020429
0.6740238322583612
0.6524805440039145
0.6545558988616093
0.6747744353432965
0.6536786168389531
0.6546201600613453
0.6748272489286209
0.6532069641251403
0.6551610617416154
0.6738672797525207
0.6513945770732661
0.6542783046616614
0.672718679277273
0.6511442448390115
0.6547121045747609
0.672853874571694
0.6514842875268245
0.654170916615145
0.672735017939878
0.6526650378915806
0.655534794182492
0.6750826832722183
0.6532484406728953
0.6551707279565282
0.6760211841539643
0.6531243266608697
0.6549811689052868
0.6762116666234316
0.6525420428627977
0.6543177281232279
0.6762719192520038
0.6513408681614246
0.6547361055519256
0.6724940831526192
0.65124097372988
0.654288833090725
0.6718362485950571
0.6514957017155298
0.6549940859044907
0.6728102445042401
0.6516041264215893
0.6544041307482169
0.6732627487033578
0.6523263532159786
0.655062296281234
0.6741776124293662
0.6526284054546327
0.6557667984399531
0.6751481487293696
0.6550706472313969
0.6552945127276546
0.6756248721083644
0.6548219213439135
0.6555768489849485
0.675765524878007
0.6525056666598744
0.654771275017064
0.6745309868902619
0.6522118000420712
0.65512984322569
0.6752332320434575
0.6521954229599971
0.6545418111292634
0.673475973841485
0.6527970069112919
0.6563276634440319
0.6747968027444335
0.6535863544019385
0.6561549266561953
0.6752209490906876
0.654051512726425
0.6551646862285314
0.676532376530397
0.6533385765290329
0.6548390121350589
0.6768113270208005
0.6526525362870906
0.655592407628963
0.6749616851507338
0.6523922912553811
0.6547019930176159
0.6736894288123678
0.653119906167978
0.6556657379067921
0.6748518447446881
0.6523950628035461
0.6555438854622961
0.6746113175667618
0.6538523421458708
0.6555995117466755
0.6747644929252872
0.6539215209077178
0.6551335010023471
0.6755935230882142
0.6559130125858279
0.6559310342424962
0.676670439988412
0.6560325703216832
0.6560245017372958
0.6774351011685162
0.653666952645983
0.6558366577585323
0.6750419516201654
0.6536209888783893
0.6554837516413887
0.6741390364153472
0.6532426685632958
0.65617576328818
0.6750368261470274
0.6538806675417692
0.6577463042147778
0.675367092955184
0.6544051361978866
0.656770816463661
0.6750488995995959
0.653891362369902
0.656580622397632
0.6766481911984665
0.6542010489520443
0.6564328320257456
0.6764028629792371
0.6542400136175074
0.6556203512334215
0.6767963053332244
0.6538201360657526
0.6558414745508585
0.676057802071193
0.653549658999471
0.6553925203339297
0.6746975621126914
0.6532880540476452
0.6553701691331294
0.6744614545032527
0.6540697862254651
0.6554438720847473
0.6743735432559859
0.6540473508130897
0.6553317583457272
0.6750033362165319
0.6548213956707678
0.6563140267288448
0.6752971424310567
0.6533018168611304
0.6558230182288727
0.6735082327170976
0.6536218208961591
0.6554273401388826
0.6704200409833458
0.6514644958233533
0.6535023765244176
0.6673283046348253
0.6533256612339522
0.6567670157263903
0.6734435561378838
0.6540034131066932
0.6560780981722949
0.6740835859822671
0.6540938183859177
0.6569192400995416
0.6744861847593633
0.653177536492262
0.6567056988924167
0.675290921571351
0.6539333283015376
0.6562269762117721
0.6745807537671697
0.653402696991134
0.6557245094641918
0.6755915067668818
0.6529978692356267
0.6557620321389798
0.6751851280556228
0.6520352930243086
0.6545675555013639
0.6730679590985003
0.6525804130346557
0.6544972962026286
0.6742148502821241
0.652754714604723
0.6550294200623505
0.6746239939609197
0.6529896638283221
0.6550709720369832
0.6755578071102031
0.6535909419650949
0.6552942788296781
0.6743217873342165
0.6525080302576185
0.6543182667731314
0.6691965939269551
0.647710464426444
0.6528410606782045
0.6615563703748493
0.6429643946577921
0.648270500181479
0.6576604286366358
0.6498627141121331
0.6531239534450368
0.6646212327824321
0.6524227577320575
0.656163111212588
0.6707597387370667
0.6532062252674525
0.6556443606047442
0.6744558633502815
0.6529351491590589
0.6548466392325075
0.6756568797751672
0.6524561948808164
0.6548619686806507
0.6738860324608782
0.6518196236083378
0.6549336815123792
0.6740486978954662
0.6512830071386994
0.6546403827038052
0.6725219417844375
0.6508137763295161
0.6542663480591131
0.67124523295897
0.6515658257850423
0.6545288155934004
0.6739307995975612
0.6526325197925745
0.6544650916215956
0.6734170628059997
0.652555340828489
0.6550333516995577
0.6761848715343967
0.652338993790832
0.655199881016974
0.6731211955646164
0.6499548424990269
0.6529494101805763
0.6649990173554641
0.6456670549499557
0.6478249683478627
0.6598259494860421
0.4641275680575668
0.4676326211339993
0.45158016069568374
0.6456670549499561
0.6478249683478629
0.6598259494860425
0.6499548424990268
0.6529494101805762
0.6649990173554642
0.6523389937908317
0.6551998810169744
0.673121195564616
0.652555340828489
0.6550333516995581
0.6761848715343968
0.6526325197925744
0.6544650916215953
0.6734170628059997
0.6515658257850424
0.6545288155934004
0.6739307995975607
0.6508137763295154
0.6542663480591132
0.6712452329589702
0.6512830071386995
0.6546403827038059
0.672521941784437
0.6518196236083377
0.6549336815123792
0.6740486978954663
0.6524561948808162
0.6548619686806507
0.673886032460878
0.6529351491590591
0.6548466392325074
0.675656879775167
0.6532062252674524
0.6556443606047445
0.6744558633502812
0.6524227577320576
0.6561631112125876
0.6707597387370667
0.6498627141121335
0.6531239534450372
0.6646212327824315
0.6429643946577923
0.6482705001814795
0.657660428636636
0.647710464426444
0.6528410606782042
0.6615563703748488
0.6525080302576185
0.6543182667731314
0.6691965939269555
0.6535909419650947
0.6552942788296782
0.6743217873342169
0.6529896638283227
0.6550709720369831
0.6755578071102035
0.652754714604723
0.6550294200623505
0.6746239939609198
0.652580413034656
0.654497296202629
0.6742148502821241
0.6520352930243091
0.6545675555013639
0.6730679590985004
0.6529978692356267
0.6557620321389799
0.6751851280556234
0.6534026969911338
0.6557245094641919
0.6755915067668821
0.6539333283015378
0.6562269762117723
0.6745807537671693
0.6531775364922621
0.6567056988924165
0.6752909215713512
0.654093818385918
0.6569192400995421
0.6744861847593631
0.6540034131066927
0.6560780981722949
0.6740835859822671
0.6533256612339521
0.6567670157263907
0.673443556137884
0.6514644958233534
0.6535023765244174
0.6673283046348253
0.6536218208961594
0.6554273401388827
0.6704200409833463
0.6533018168611306
0.6558230182288729
0.6735082327170971
0.6548213956707677
0.656314026728845
0.6752971424310568
0.6540473508130893
0.6553317583457274
0.6750033362165322
0.6540697862254652
0.6554438720847471
0.6743735432559854
0.6532880540476452
0.6553701691331295
0.6744614545032523
0.6535496589994709
0.6553925203339297
0.6746975621126918
0.6538201360657527
0.6558414745508585
0.6760578020711927
0.6542400136175073
0.6556203512334215
0.6767963053332244
0.6542010489520446
0.656432832025746
0.6764028629792371
0.6538913623699019
0.6565806223976318
0.6766481911984665
0.6544051361978868
0.6567708164636613
0.6750488995995959
0.653880667541769
0.6577463042147776
0.675367092955184
0.6532426685632955
0.6561757632881798
0.6750368261470272
0.6536209888783895
0.6554837516413886
0.6741390364153472
0.6536669526459828
0.6558366577585322
0.6750419516201651
0.6560325703216834
0.6560245017372961
0.6774351011685162
0.655913012585828
0.6559310342424967
0.676670439988412
0.6539215209077177
0.6551335010023471
0.6755935230882144
0.6538523421458706
0.6555995117466751
0.6747644929252876
0.652395062803546
0.6555438854622964
0.6746113175667624
0.6531199061679778
0.655665737906792
0.6748518447446883
0.6523922912553812
0.6547019930176159
0.6736894288123674
0.6526525362870905
0.6555924076289632
0.6749616851507341
0.6533385765290332
0.6548390121350589
0.6768113270208007
0.654051512726425
0.6551646862285314
0.6765323765303971
0.6535863544019387
0.6561549266561953
0.6752209490906882
0.6527970069112922
0.6563276634440323
0.6747968027444338
0.6521954229599967
0.6545418111292631
0.673475973841485
0.6522118000420712
0.6551298432256898
0.6752332320434576
0.6525056666598744
0.6547712750170642
0.674530986890262
0.6548219213439133
0.6555768489849481
0.6757655248780075
0.6550706472313967
0.6552945127276548
0.6756248721083643
0.6526284054546332
0.6557667984399537
0.6751481487293697
0.6523263532159786
0.6550622962812336
0.6741776124293664
0.6516041264215896
0.6544041307482164
0.6732627487033578
0.6514957017155292
0.6549940859044905
0.6728102445042401
0.6512409737298792
0.654288833090725
0.6718362485950569
0.6513408681614246
0.6547361055519256
0.6724940831526194
0.6525420428627978
0.654317728123228
0.6762719192520044
0.65312432666087
0.6549811689052868
0.6762116666234312
0.6532484406728953
0.655170727956528
0.6760211841539641
0.6526650378915806
0.655534794182492
0.6750826832722185
0.6514842875268243
0.6541709166151455
0.6727350179398783
0.6511442448390113
0.6547121045747606
0.672853874571694
0.6513945770732662
0.6542783046616616
0.6727186792772732
0.6532069641251401
0.6551610617416153
0.6738672797525207
0.653678616838953
0.654620160061345
0.6748272489286212
0.6524805440039145
0.6545558988616089
0.6747744353432965
0.6518011702096531
0.6550665478020425
0.6740238322583612
0.6516391251692364
0.6543063263366107
0.6729997424047259
0.6507132480085063
0.6549860948003763
0.6716423433117124
0.6516953369843461
0.6551898030039922
0.672543663975826
0.6518758470285964
0.655435640781068
0.6726457917773847
0.651832952341227
0.654514694040574
0.6742349865495856
0.6527357897914894
0.6549666641827732
0.674652674967591
0.6534304945753924
0.655033702917588
0.6765668955796633
0.6537506284937641
0.6551617031682392
0.6750172379110004
0.6523665379430446
0.655150928912734
0.6739106842526401
0.6521316935171682
0.6548481243649202
0.6743604183329032
0.6523127891732929
0.6547243089488983
0.6733984454963534
0.6524642794684774
0.6553726012215653
0.6728433483037264
0.6518716385420965
0.6549969956963339
0.6740759069331925
0.6526177072258859
0.6547733341794735
0.6742605370587239
0.6523123254902143
0.6548887178646188
0.6742809765137985
0.6526979269263186
0.6552802211030071
0.6744308904111798
0.6518658502052979
0.6553991909715484
0.6730504358849807
0.6536621368112747
0.6563946542953589
0.6744770380872118
0.6529298000743329
0.6561770127530332
0.673961647893272
0.6522170162190537
0.6552277468691774
0.6738264610589779
0.6525581073750422
0.6550655059536034
0.6738232960392232
0.6532175734401523
0.6554183060507817
0.676224795950756
0.6538054826269806
0.6557485901812588
0.675177199787987
0.6536334592931414
0.6555257228543365
0.6753081765312685
0.6535151613205796
0.6562500890621289
0.6749509382496361
0.6534248727555514
0.6556290635792831
0.674940720368387
0.6534386190870933
0.6555396586997377
0.674024801106809
0.6522617105151569
0.6551728284108262
0.6748094961596839
0.6524383823718514
0.6549607417184795
0.6738450908762679
0.6523552697089954
0.6555991230902344
0.6741733475313718
0.6534861325022209
0.6557887729428955
0.6749546252364342
0.6534915029481083
0.656525285350249
0.6750550622493611