0.6576699381893447
0.6572540677554044
0.6828455649515857
0.6576851237580654
0.6574133993964026
0.6824220505091942
0.6600595844763595
0.6597360959462437
0.6834024880804803
0.6586323766145987
0.6585651668586769
0.6837684678573668
0.6584169629059211
0.657506743144298
0.6814861268152064
0.6571645629016326
0.6571022048546205
0.6821352401031524
0.659630866612202
0.6587916773389162
0.6828760086937892
0.659229834774587
0.659274855627199
0.6828552298653465
0.6570906314473459
0.6573960410962288
0.6820757875763928
0.6577782113186479
0.6585907871532781
0.6815802112941354
0.6579756813131836
0.659754626265566
0.6839256134192071
0.6594428348413628
0.6608696876940573
0.6834906343811433
0.6573695920508265
0.6579162020895013
0.6825116506779887
0.6572540966877003
0.6576698069237836
0.682845524103335
0.6585346059163526
0.6584131694331528
0.6832022349269087
0.6579173543507766
0.6573707039670731
0.6825127654447897
0.6570617933833856
0.6557844039562044
0.6826683157087003
0.6581793507024389
0.6580764587498287
0.6824184335129556
0.6577199534654568
0.6576784793334327
0.6834244958012996
0.655565319027303
0.6564424343347208
0.6805247913869075
0.655844178889502
0.6562285526339358
0.6812476686020306
0.65790920624069
0.6581432417966518
0.6812075593382826
0.6581254981889013
0.6578098599885115
0.6810897037529898
0.6564166593873018
0.65568479241104
0.680943625073779
0.6559395872674796
0.6563703170868911
0.6803476054020334
0.657020637252762
0.6586219762883606
0.6832842832482813
0.657710641402651
0.6585930619657835
0.6822869396279927
0.6557845218357196
0.6570615796885244
0.6826681973500341
0.6574146413444333
0.6576859629331985
0.6824230134569612
0.6589800489818606
0.6586230473102019
0.6835691169713541
0.6608694699841974
0.6594424813979459
0.6834903728091
0.6585918175704246
0.6577090370703431
0.6822856353663381
0.65990970913317
0.6594558697699437
0.683884949969902
0.6594026913781592
0.6584425749289168
0.6846911777277129
0.655125530058379
0.6562549965435531
0.6816623804458365
0.6568310975253753
0.656572980098193
0.6805878124878739
0.6587636329506561
0.6580646456984139
0.6820563567488951
0.6583552577831131
0.6584008681130382
0.6819387907294638
0.6571196611443226
0.656304893939252
0.6803841049604559
0.6568817918736669
0.6551204988809803
0.6816318027917919
0.6587613280580651
0.6593228390723366
0.6845982296216673
0.6594558445660015
0.6599097009303143
0.6838849450081776
0.6580750962124742
0.6581777473622756
0.6824169741432788
0.6597357627115938
0.6600591112717094
0.6834020805583817
0.660015755675967
0.6599483405122942
0.6843615026725105
0.65975366756371
0.6579746450144073
0.6839246033541329
0.6586199548539899
0.6570183240959252
0.6832822139189447
0.6593221749155501
0.6587606397707628
0.6845975958885915
0.6579127590392666
0.6588486957770212
0.6857672709388172
0.654419780385695
0.6565426595653496
0.6813386073402823
0.658198187470997
0.6571560649387701
0.6811586961364745
0.65895981997973
0.6601226056451694
0.6827833840702273
0.6599204153050263
0.6589138996862187
0.6826131334271407
0.6575877367728458
0.6574099311063109
0.6810644546988431
0.6569706773748986
0.6543399121688234
0.6815468572752443
0.6588486006470795
0.657912912834018
0.6857672957800718
0.658441817689307
0.6594020814221184
0.6846905627685128
0.6576763936792804
0.6577176694531239
0.683422315354988
0.6585641230527071
0.6586312629021926
0.6837673367318926
0.6600841759648876
0.6596342425468638
0.6859449172800065
0.6585915807637379
0.6577786435517555
0.6815806990285389
0.656369857124766
0.6559388526382115
0.6803470083431107
0.6551213824635395
0.6568826091699431
0.681632684539079
0.6543415020705221
0.6569723798667828
0.6815483392621082
0.6543851310523316
0.6559752987794008
0.6794032677126234
0.6573932404052802
0.6561484122510286
0.6799306903026372
0.6570884701571289
0.6587265980591381
0.6863745451256846
0.6584869605016627
0.6571058498788642
0.6859671590515222
0.6568170235899675
0.6555900173516458
0.6795173946667185
0.6559755183158177
0.6543851039340931
0.6794033866746122
0.6565444641066667
0.6544214902952162
0.6813402168218314
0.6562558993073316
0.6551263858336793
0.6816633044716827
0.6564420782475006
0.655564513023021
0.6805241486345429
0.6575074852427732
0.6584173142359094
0.6814865556240168
0.6587877290804972
0.6588093459677803
0.6823483467939888
0.6573972096649703
0.6570915466749327
0.6820768011311704
0.6556847931534057
0.6564161587256121
0.6809434367655558
0.6563064098211406
0.6571208670869974
0.6803853628706298
0.6574117780125748
0.657589560511421
0.6810662080998828
0.6555902201422616
0.6568169175842651
0.6795173770987841
0.6602068320123363
0.6581592765091825
0.6851497186181981
0.6601682214676143
0.6603710981061445
0.6926042277561596
0.6611460196761614
0.6594280569917232
0.6924314532802291
0.6581594561430074
0.6602067474193897
0.6851498044441301
0.6561487138625415
0.6573931893391022
0.6799309139930582
0.6571581328599234
0.6581999478774843
0.6811606139068969
0.6565743323790391
0.6568324356421009
0.6805891418577938
0.6562284595922427
0.6558437516318316
0.6812474789926295
0.6571034119692218
0.6571653629632552
0.6821362298024825
0.6579260675205734
0.6584889466487773
0.6832959921976316
0.6592740598717229
0.6592288241398643
0.6828543563467901
0.6578078129383116
0.6581232314495341
0.6810875837415864
0.6584002479463442
0.6583546568278691
0.6819382197628963
0.6589139886958157
0.6599203907947782
0.6826131542650321
0.6571043624505275
0.6584853086100603
0.6859654737828077
0.6594265687996251
0.661144160477659
0.6924298640234182
0.6876071342041906
0.6713327017984616
0.7112694325783437
0.6713329030389367
0.6876070865595603
0.7112694252719761
0.6603695926740331
0.660166550491915
0.6926026849520008
0.6587250952860062
0.6570869547834032
0.6863729518844098
0.6601225419289591
0.6589598677665118
0.6827834787937543
0.658063987727122
0.658763131000347
0.6820558296958369
0.6581411250677504
0.6579070427421252
0.6812054475484709
0.6587908022747101
0.6596299270464012
0.6828751282548402
0.660186506594528
0.6604771420237563
0.6840615787742516
0.6587908022747051
0.6596299270464038
0.6828751282548403
0.6581411250677458
0.6579070427421209
0.6812054475484711
0.6580639877271215
0.6587631310003463
0.682055829695837
0.6601225419289642
0.6589598677665114
0.6827834787937542
0.6587250952860166
0.6570869547834037
0.6863729518844102
0.6603695926740332
0.6601665504919082
0.6926026849520013
0.6713329030389359
0.6876070865595628
0.7112694252719762
0.6876071342041925
0.6713327017984627
0.711269432578344
0.6594265687996259
0.6611441604776473
0.6924298640234181
0.6571043624505365
0.658485308610057
0.6859654737828073
0.6589139886958157
0.6599203907947814
0.6826131542650328
0.6584002479463451
0.6583546568278735
0.6819382197628964
0.6578078129383091
0.6581232314495312
0.6810875837415862
0.6592740598717215
0.6592288241398566
0.6828543563467904
0.6601865065945215
0.6604771420237566
0.6840615787742517
0.6571034119692215
0.6571653629632497
0.6821362298024823
0.6562284595922434
0.6558437516318381
0.6812474789926294
0.656574332379044
0.6568324356421036
0.6805891418577938
0.6571581328599347
0.6581999478774813
0.6811606139068969
0.6561487138625369
0.6573931893390981
0.6799309139930579
0.6581594561430066
0.6602067474193918
0.6851498044441301
0.6611460196761596
0.6594280569917206
0.692431453280229
0.6601682214676152
0.6603710981061437
0.692604227756159
0.6602068320123353
0.65815927650918
0.6851497186181981
0.655590220142258
0.6568169175842709
0.6795173770987837
0.6574117780125881
0.6575895605114308
0.6810662080998828
0.6563064098211402
0.6571208670869886
0.6803853628706298
0.6556847931534009
0.6564161587256092
0.6809434367655557
0.6573972096649644
0.6570915466749389
0.6820768011311702
0.6579260675205741
0.6584889466487777
0.6832959921976316
0.6575074852427711
0.658417314235904
0.6814865556240162
0.6564420782475178
0.6555645130230141
0.680524148634543
0.6562558993073395
0.6551263858336773
0.6816633044716833
0.6565444641066633
0.6544214902952217
0.6813402168218321
0.6559755183158205
0.6543851039340927
0.6794033866746128
0.6568170235899689
0.6555900173516418
0.6795173946667186
0.6584869605016641
0.65710584987885
0.6859671590515223
0.6570884701571257
0.6587265980591424
0.6863745451256849
0.657393240405282
0.656148412251039
0.6799306903026374
0.6543851310523348
0.6559752987793984
0.6794032677126236
0.6543415020705274
0.6569723798667767
0.6815483392621078
0.655121382463551
0.6568826091699357
0.6816326845390789
0.6563698571247697
0.655938852638213
0.6803470083431105
0.6585915807637506
0.6577786435517547
0.681580699028539
0.6587877290804988
0.6588093459677773
0.6823483467939889
0.6585641230527135
0.6586312629021819
0.6837673367318922
0.6576763936792824
0.6577176694531286
0.6834223153549878
0.658441817689306
0.659402081422119
0.6846905627685127
0.6588486006470734
0.6579129128340195
0.6857672957800716
0.6569706773749154
0.6543399121688157
0.6815468572752443
0.6575877367728435
0.6574099311063034
0.6810644546988429
0.6599204153050223
0.6589138996862092
0.682613133427141
0.6589598199797431
0.6601226056451643
0.6827833840702275
0.6581981874710043
0.6571560649387618
0.6811586961364743
0.6544197803856933
0.6565426595653525
0.6813386073402823
0.6579127590392642
0.6588486957770245
0.6857672709388172
0.6593221749155604
0.658760639770759
0.6845975958885913
0.6586199548540008
0.6570183240959189
0.6832822139189447
0.6597536675637032
0.6579746450144053
0.6839246033541329
0.6600841759648877
0.6596342425468591
0.6859449172800071
0.659735762711594
0.660059111271718
0.6834020805583819
0.6580750962124715
0.6581777473622858
0.682416974143279
0.6594558445660024
0.6599097009303145
0.6838849450081776
0.6587613280580686
0.6593228390723267
0.6845982296216667
0.6568817918736589
0.6551204988809808
0.681631802791792
0.657119661144326
0.6563048939392488
0.6803841049604556
0.6583552577831144
0.6584008681130309
0.6819387907294636
0.6587636329506622
0.6580646456984159
0.6820563567488948
0.6568310975253718
0.6565729800981948
0.6805878124878737
0.6551255300583734
0.6562549965435522
0.6816623804458364
0.6594026913781676
0.6584425749289191
0.684691177727713
0.6599097091331707
0.6594558697699459
0.6838849499699018
0.65859181757041
0.6577090370703371
0.6822856353663379
0.6608694699842018
0.6594424813979463
0.6834903728091
0.6600157556759715
0.6599483405122958
0.6843615026725107
0.6574146413444283
0.6576859629332
0.6824230134569618
0.6557845218357243
0.6570615796885219
0.6826681973500344
0.6577106414026531
0.6585930619657923
0.6822869396279929
0.6570206372527514
0.6586219762883552
0.6832842832482814
0.6559395872674821
0.6563703170868787
0.6803476054020337
0.656416659387309
0.655684792411042
0.6809436250737793
0.6581254981889031
0.6578098599885163
0.6810897037529899
0.6579092062406772
0.6581432417966641
0.6812075593382827
0.6558441788895033
0.6562285526339402
0.6812476686020305
0.6555653190273067
0.6564424343347118
0.6805247913869075
0.6577199534654525
0.6576784793334307
0.6834244958012996
0.6581793507024327
0.6580764587498343
0.6824184335129554
0.6570617933833842
0.6557844039562033
0.6826683157087002
0.6579173543507849
0.6573707039670645
0.6825127654447893
0.6589800489818731
0.6586230473102076
0.6835691169713545
0.6572540966876997
0.6576698069237854
0.6828455241033345
0.6573695920508246
0.6579162020894962
0.6825116506779884
0.6594428348413593
0.6608696876940543
0.683490634381143
0.657975681313187
0.6597546262655583
0.6839256134192071
0.6577782113186539
0.6585907871532721
0.681580211294135
0.6570906314473477
0.6573960410962354
0.6820757875763928
0.6592298347745827
0.6592748556272037
0.6828552298653471
0.659630866612205
0.6587916773389042
0.6828760086937893
0.6571645629016376
0.6571022048546189
0.6821352401031524
0.6584169629059244
0.6575067431442998
0.6814861268152064
0.6586323766145938
0.6585651668586743
0.6837684678573663
0.6600595844763576
0.659736095946237
0.6834024880804801
0.6576851237580692
0.6574133993964038
0.6824220505091941
0.657669938189342
0.6572540677554071
0.6828455649515854
0.6585346059163507
0.65841316943315
0.6832022349269082
0.6584118963447748
0.6585334732244666
0.6832010184754964
0.6586206712108631
0.65897745277479
0.6835667921522965
0.65994748204262
0.6600148135748479
0.6843605323222831
0.6596339535893978
0.6600839149286966
0.6859446857434164
0.6588074269302509
0.658785725223131
0.6823465846107322
0.6584867358840715
0.6579236501458618
0.6832936548715894
0.6604765913951393
0.6601859790621654
0.6840611103437106
0.660476591395138
0.6601859790621638
0.6840611103437104
0.6584867358840761
0.6579236501458678
0.6832936548715896
0.6588074269302504
0.658785725223126
0.6823465846107326
0.6596339535893965
0.6600839149286913
0.6859446857434159
0.6599474820426203
0.6600148135748523
0.6843605323222831
0.6586206712108573
0.6589774527747956
0.683566792152297
0.658411896344774
0.6585334732244635
0.6832010184754966
0.6621326702059065
0.6621327411954945
0.6848719396514816