0.6579067245218817
0.658264081599667
0.6810090787071734
0.6584311134039709
0.6580445545730488
0.6820932377228353
0.6567456946518282
0.6571048029912403
0.6811486608476855
0.6545413399602712
0.6560304721074353
0.6800167471145522
0.6560673381553088
0.6567924960535103
0.6816680522973215
0.658282605196878
0.6580197484371909
0.6825937017304688
0.6565458899074461
0.6561919163780096
0.6819896911757328
0.6557548367005244
0.6549911769550003
0.6810834307132121
0.6569244455912582
0.656228030097045
0.6820390408357764
0.6581871399883115
0.6580812382085952
0.6825552796578204
0.6565593737305878
0.656602572013874
0.6814853797262523
0.6552957864038989
0.6548121361367364
0.6798235882985397
0.6566686951747089
0.6568748262100641
0.6809734386271211
0.658470853358194
0.6580508196257139
0.6819739331025518
0.6582639789253281
0.6579068871576301
0.6810090814065306
0.6580489926710659
0.6584690466383203
0.6819722553460187
0.6619001942608218
0.6617279042877644
0.6832904145109411
0.6587235356460948
0.6597784802600328
0.682521795296966
0.6572123438692015
0.6576233653860795
0.681549514213419
0.656895459775532
0.6580250527787868
0.6831539393165887
0.6608968412615692
0.6595256542706189
0.6835921475213902
0.658791925082999
0.65860775758568
0.6837206022263127
0.6573911035236342
0.6576070340376365
0.6833255189479598
0.6597382181976119
0.658926131017438
0.6839505545004814
0.660261239188392
0.6608425321896567
0.6838023482596869
0.658525149242597
0.6577796518611339
0.6831748415576665
0.6574763313541716
0.6578059645662186
0.681641038703637
0.6588685403532636
0.6597297772817323
0.6825349304076012
0.6617280201696343
0.6619003136383271
0.6832905127112998
0.6580427506759574
0.6584294656079448
0.682091614567289
0.6568731772277439
0.6566671729138673
0.6809719438262978
0.6597298974666502
0.6588686476512368
0.6825350553353928
0.6582647900286926
0.6586930396928765
0.6815993876485772
0.6566604651729028
0.6579648407468728
0.6808241418955949
0.6600629027883058
0.6588463807614966
0.6822302761842074
0.661705044841115
0.6600226670209999
0.6838299018980286
0.6583471135704609
0.6581614117208158
0.6845273774332967
0.6570646463583991
0.6572663040586165
0.6834479635004879
0.65918450513972
0.6590259437575177
0.6848907390528615
0.6607503815380604
0.6618979828591043
0.6842153925291201
0.6593450984824861
0.6601134225537071
0.682459532299311
0.6577314539568142
0.6575155909767612
0.6811459030760476
0.6586931681621973
0.6582648775154082
0.6815994832529737
0.6597788307050219
0.6587238383272787
0.6825221495433493
0.6571032065770347
0.6567443165404289
0.6811472367919151
0.654812009616706
0.6552958692259137
0.6798236650604503
0.6578075571176718
0.657478280310023
0.6816428257105329
0.6575169926260895
0.6577333101946921
0.6811474638351593
0.6554573209414739
0.655814826920682
0.679728540182533
0.6592775066568448
0.6579034269803818
0.6817975069488765
0.6609041128829538
0.6591007851259738
0.683218605934317
0.6574730024994129
0.6575034168051461
0.684704104605689
0.6565274940536112
0.6562533818096334
0.6822751255028267
0.6585098014731169
0.6577706442429113
0.6848870322076523
0.6595958110693679
0.6605407532660239
0.6830476659915747
0.6577526901965087
0.6584483796660519
0.6815558596067532
0.6558146021056588
0.6554575013453546
0.6797285075489676
0.6579665918996467
0.6566623129624536
0.6808257857237714
0.6576253032416377
0.6572143699211375
0.6815514652065953
0.6560302182178196
0.6545415748747243
0.6800168802772316
0.656601804716757
0.656558933788526
0.681484823588115
0.6577808353131767
0.658526535699179
0.6831760314025921
0.6601139316439552
0.6593461069719713
0.6824603994358736
0.658447547615218
0.6577521930311403
0.6815551234327009
0.660331487302869
0.6589949781068406
0.682934594313446
0.6620955203134263
0.6599899867214016
0.684435613489909
0.6589141133515015
0.6580312330682854
0.682828181387048
0.6567587414175975
0.6563664799341016
0.6814552553785811
0.6587775059072594
0.6594454834583665
0.6833462156826583
0.6605261435760292
0.6624455065234306
0.6843263324371203
0.6589947508844889
0.6603314822006807
0.6829345130513271
0.6579025302804222
0.6592768258309446
0.6817966788553462
0.6588472785766275
0.6600635584172441
0.6822311774353853
0.6580263700235667
0.6568967453956401
0.683155221291489
0.6567919128825137
0.6560668799279852
0.6816675421061964
0.6580790780765347
0.6581851911365852
0.682553279978305
0.660842330840066
0.660260893831445
0.6838021541369357
0.6618974547585555
0.6607499149877871
0.6842149110086686
0.6605386084021037
0.6595937313493506
0.6830455833695508
0.6624443327502192
0.6605249587205085
0.6843251938531109
0.6619753540799589
0.6618578179141771
0.6827438097002494
0.6597929901581014
0.6585453547887892
0.6807034997999936
0.6551840588058353
0.6551583908070251
0.6753361731573535
0.6584447291404503
0.6609950229727062
0.6816312661712342
0.6618576565342038
0.6619752973311324
0.6827436874831825
0.6599884635558619
0.6620942338547308
0.6844342629173572
0.6590984372106442
0.6609020263476465
0.6832164104347458
0.6600222260210333
0.6617044774191392
0.6838294312281022
0.659525455225572
0.660896600992172
0.6835920138434954
0.6580177433738671
0.6582806116491136
0.6825917455074086
0.6562267975199036
0.6569234270865025
0.6820379421777965
0.6589270446564944
0.6597391872744611
0.6839513248442486
0.6590264800943065
0.6591851702227131
0.684891253595934
0.6577694242682525
0.6585091171374842
0.6848858665935447
0.6594452257524948
0.6587775009298135
0.6833460516162794
0.6609961857378912
0.6584459586998158
0.681632350888475
0.6533842505559939
0.6541796874485757
0.6737005877789187
0.6459566811855827
0.6484887076330482
0.6688632894993012
0.6541795559885117
0.6533842889860064
0.6737005202916878
0.6585464750282612
0.6597940614605458
0.6807043961035858
0.6580309071410326
0.6589138057950776
0.6828278051717759
0.657502314508438
0.6574720126477902
0.6847027904729095
0.6581619970798461
0.6583476714571455
0.6845278372571935
0.6586086590632976
0.6587928199196653
0.6837213626747127
0.6561907391066197
0.6565449211476486
0.6819886042038033
0.6549913927271794
0.6557555346866885
0.6810838711828958
0.6576093079909525
0.6573934677813613
0.6833278197189836
0.6572682421659882
0.6570667796796146
0.683449981504862
0.6562535184817022
0.6565279782143384
0.6822753900485587
0.6563675532395599
0.6567600059018159
0.681456424394118
0.6551608523897106
0.6551866237144774
0.6753384295658127
0.6484897962339753
0.6459582301729055
0.6688644864244413
0.46207959092177553
0.46207976153330005
0.4697308492456357
0.6484897962339802
0.6459582301729057
0.6688644864244413
0.6551608523897134
0.655186623714473
0.6753384295658127
0.6563675532395542
0.6567600059018205
0.6814564243941177
0.6562535184817018
0.6565279782143445
0.682275390048559
0.6572682421659942
0.6570667796796079
0.683449981504862
0.6576093079909491
0.6573934677813611
0.6833278197189832
0.6549913927271809
0.6557555346866912
0.6810838711828959
0.6561907391066202
0.656544921147646
0.6819886042038029
0.6586086590632899
0.6587928199196634
0.6837213626747125
0.6581619970798507
0.6583476714571446
0.6845278372571935
0.6575023145084429
0.6574720126477849
0.6847027904729097
0.6580309071410365
0.6589138057950772
0.6828278051717761
0.6585464750282637
0.65979406146055
0.6807043961035866
0.6541795559885093
0.6533842889860064
0.6737005202916876
0.6459566811855899
0.6484887076330474
0.6688632894993014
0.6533842505559948
0.6541796874485777
0.6737005877789193
0.6609961857378899
0.658445958699811
0.681632350888475
0.6594452257525072
0.6587775009298142
0.6833460516162795
0.6577694242682535
0.6585091171374946
0.6848858665935449
0.6590264800943025
0.6591851702227096
0.6848912535959341
0.6589270446564955
0.6597391872744528
0.6839513248442485
0.6562267975199021
0.6569234270865056
0.6820379421777967
0.6580177433738605
0.6582806116491124
0.6825917455074084
0.6595254552255749
0.660896600992162
0.683592013843495
0.6600222260210364
0.6617044774191414
0.6838294312281021
0.6590984372106551
0.6609020263476528
0.6832164104347456
0.6599884635558542
0.6620942338547295
0.6844342629173567
0.6618576565342018
0.6619752973311315
0.6827436874831821
0.6584447291404478
0.6609950229727102
0.6816312661712334
0.6551840588058266
0.6551583908070153
0.675336173157353
0.6597929901580966
0.6585453547887953
0.6807034997999939
0.6619753540799562
0.6618578179141803
0.6827438097002493
0.6624443327502227
0.660524958720503
0.6843251938531106
0.6605386084021079
0.6595937313493553
0.6830455833695502
0.6618974547585553
0.660749914987788
0.6842149110086687
0.6608423308400689
0.6602608938314407
0.6838021541369358
0.6580790780765292
0.6581851911365976
0.6825532799783052
0.6567919128825181
0.656066879927985
0.6816675421061968
0.6580263700235713
0.6568967453956363
0.6831552212914892
0.6588472785766376
0.6600635584172421
0.6822311774353852
0.6579025302804206
0.6592768258309478
0.6817966788553467
0.6589947508844878
0.6603314822006813
0.6829345130513266
0.6605261435760252
0.6624455065234266
0.68432633243712
0.658777505907254
0.6594454834583606
0.683346215682658
0.6567587414175977
0.6563664799340965
0.6814552553785806
0.6589141133515004
0.6580312330682847
0.6828281813870485
0.6620955203134328
0.6599899867214211
0.684435613489909
0.6603314873028678
0.6589949781068422
0.6829345943134462
0.6584475476152156
0.6577521930311294
0.6815551234327006
0.660113931643964
0.6593461069719772
0.6824603994358736
0.6577808353131714
0.6585265356991787
0.6831760314025925
0.6566018047167451
0.6565589337885245
0.6814848235881152
0.6560302182178295
0.6545415748747254
0.6800168802772311
0.6576253032416428
0.6572143699211379
0.6815514652065955
0.657966591899646
0.6566623129624464
0.6808257857237714
0.6558146021056599
0.6554575013453566
0.679728507548968
0.657752690196508
0.6584483796660521
0.6815558596067535
0.6595958110693716
0.6605407532660131
0.6830476659915748
0.6585098014731288
0.6577706442429084
0.6848870322076529
0.6565274940536188
0.6562533818096267
0.6822751255028261
0.6574730024994232
0.657503416805145
0.6847041046056888
0.6609041128829501
0.6591007851259749
0.6832186059343168
0.6592775066568523
0.6579034269803811
0.6817975069488762
0.6554573209414758
0.6558148269206796
0.6797285401825328
0.6575169926260878
0.6577333101946929
0.6811474638351593
0.6578075571176745
0.6574782803100161
0.6816428257105327
0.6548120096167067
0.6552958692259068
0.6798236650604502
0.6571032065770426
0.6567443165404327
0.6811472367919147
0.659778830705018
0.6587238383272823
0.6825221495433496
0.6586931681621967
0.6582648775154041
0.6815994832529731
0.6577314539568202
0.6575155909767594
0.6811459030760472
0.6593450984824906
0.6601134225536938
0.6824595322993108
0.6607503815380613
0.6618979828590936
0.6842153925291201
0.6591845051397232
0.6590259437575181
0.6848907390528618
0.6570646463584047
0.6572663040586152
0.6834479635004873
0.658347113570457
0.6581614117208078
0.6845273774332967
0.6617050448411206
0.6600226670209955
0.6838299018980286
0.6600629027883045
0.658846380761487
0.6822302761842076
0.6566604651729089
0.657964840746871
0.680824141895595
0.6582647900286914
0.6586930396928756
0.6815993876485776
0.6597298974666487
0.6588686476512318
0.6825350553353924
0.6568731772277508
0.6566671729138633
0.6809719438262979
0.6580427506759614
0.6584294656079475
0.6820916145672892
0.6617280201696345
0.6619003136383265
0.6832905127113003
0.6588685403532737
0.6597297772817291
0.6825349304076009
0.6574763313541674
0.6578059645662135
0.6816410387036369
0.6585251492425886
0.6577796518611361
0.6831748415576664
0.6602612391883947
0.660842532189646
0.6838023482596868
0.6597382181976135
0.6589261310174426
0.6839505545004811
0.6573911035236295
0.6576070340376421
0.6833255189479597
0.6587919250829987
0.6586077575856785
0.6837206022263127
0.6608968412615717
0.6595256542706264
0.6835921475213902
0.6568954597755428
0.6580250527787805
0.6831539393165884
0.6572123438691917
0.6576233653860768
0.6815495142134191
0.6587235356460854
0.6597784802600408
0.6825217952969667
0.6619001942608219
0.6617279042877648
0.6832904145109414
0.6580489926710684
0.6584690466383152
0.6819722553460188
0.658263978925328
0.6579068871576292
0.6810090814065307
0.6584708533582004
0.6580508196257079
0.6819739331025518
0.6566686951747065
0.6568748262100582
0.6809734386271209
0.6552957864038997
0.6548121361367304
0.67982358829854
0.6565593737305901
0.6566025720138748
0.6814853797262524
0.6581871399883178
0.6580812382085962
0.6825552796578205
0.6569244455912552
0.6562280300970502
0.6820390408357757
0.6557548367005201
0.6549911769550029
0.6810834307132123
0.6565458899074555
0.6561919163780097
0.6819896911757326
0.6582826051968846
0.6580197484371851
0.6825937017304686
0.6560673381553017
0.6567924960535081
0.6816680522973212
0.6545413399602678
0.6560304721074353
0.6800167471145517
0.6567456946518269
0.6571048029912407
0.6811486608476862
0.6584311134039744
0.658044554573052
0.6820932377228353
0.6579067245218807
0.6582640815996657
0.6810090787071731