0.6892589142389899
0.6926422297471544
0.6325427552598744
0.6892589142389952
0.692642229747166
0.6325427552597661
0.6892589142390395
0.6926422297471508
0.6325427552598435
0.6892589142389985
0.6926422297471049
0.632542755259872
0.689258914238905
0.6926422297471306
0.6325427552598711
0.6892589142389347
0.6926422297471367
0.632542755259878
0.68925891423896
0.6926422297470909
0.6325427552598213
0.6892589142389
0.6926422297471811
0.6325427552598533
0.6892589142389205
0.6926422297471215
0.6325427552598377
0.689258914238985
0.6926422297470934
0.6325427552598161
0.6892589142389545
0.692642229747152
0.6325427552598574
0.6892589142389205
0.6926422297470727
0.6325427552598102
0.6892589142389999
0.6926422297471391
0.632542755259883
0.6892589142390231
0.6926422297472148
0.632542755259917
0.6892589142389728
0.6926422297471715
0.6325427552598173
0.6892589142390009
0.6926422297471689
0.6325427552597669
0.6892589142390371
0.6926422297471742
0.6325427552598921
0.6892589142389627
0.6926422297471375
0.632542755259806
0.6892589142389751
0.6926422297471869
0.6325427552598863
0.6892589142390149
0.6926422297471174
0.6325427552598505
0.6892589142389444
0.6926422297470884
0.6325427552598324
0.6892589142388978
0.6926422297471819
0.6325427552599125
0.6892589142389457
0.6926422297470769
0.6325427552598422
0.6892589142389682
0.6926422297471385
0.6325427552598106
0.6892589142389464
0.6926422297471464
0.6325427552597968
0.6892589142389376
0.6926422297470751
0.632542755259798
0.6892589142389242
0.6926422297471583
0.632542755259908
0.6892589142389567
0.6926422297471562
0.6325427552598981
0.6892589142390004
0.6926422297471362
0.6325427552598836
0.68925891423899
0.6926422297471295
0.632542755259827
0.6892589142390455
0.6926422297471508
0.6325427552598455
0.6892589142389716
0.6926422297471384
0.6325427552598035
0.6892589142389762
0.6926422297472146
0.632542755259935
0.6892589142389876
0.6926422297471534
0.6325427552597842
0.6892589142390217
0.6926422297471488
0.6325427552598519
0.6892589142389776
0.6926422297471647
0.6325427552598882
0.6892589142389255
0.6926422297470711
0.6325427552598542
0.6892589142389621
0.6926422297471377
0.6325427552598677
0.6892589142389844
0.6926422297471087
0.6325427552598036
0.6892589142389194
0.6926422297471242
0.6325427552597922
0.6892589142389284
0.6926422297471571
0.6325427552598495
0.689258914238985
0.6926422297471663
0.6325427552598888
0.6892589142389267
0.6926422297471551
0.6325427552599079
0.68925891423892
0.6926422297470716
0.6325427552598086
0.6892589142390309
0.6926422297471351
0.6325427552598328
0.6892589142389935
0.6926422297471013
0.632542755259871
0.6892589142389742
0.6926422297471873
0.6325427552598869
0.6892589142389828
0.69264222974715
0.6325427552597822
0.6892589142390066
0.6926422297471704
0.6325427552599017
0.6892589142389473
0.6926422297471975
0.6325427552598217
0.6892589142389954
0.6926422297471293
0.632542755259872
0.689258914239039
0.6926422297471199
0.6325427552598452
0.6892589142389549
0.6926422297471018
0.6325427552598137
0.6892589142389141
0.6926422297471235
0.6325427552598539
0.6892589142389516
0.6926422297471114
0.6325427552598553
0.68925891423895
0.6926422297472046
0.6325427552598827
0.6892589142389229
0.6926422297471526
0.6325427552598479
0.689258914238942
0.6926422297470778
0.6325427552597975
0.689258914238952
0.6926422297471543
0.6325427552598586
0.6892589142389681
0.6926422297470917
0.6325427552598283
0.6892589142389032
0.6926422297471295
0.63254275525987
0.6892589142390132
0.6926422297471175
0.6325427552598504
0.689258914239018
0.6926422297471484
0.6325427552598528
0.6892589142389425
0.6926422297471955
0.6325427552598215
0.6892589142389896
0.6926422297471511
0.6325427552599219
0.6892589142390091
0.6926422297471528
0.6325427552597779
0.6892589142390235
0.6926422297471564
0.6325427552598311
0.6892589142389892
0.6926422297471058
0.6325427552598273
0.689258914238931
0.6926422297471069
0.632542755259867
0.689258914238955
0.692642229747207
0.6325427552599439
0.6892589142389511
0.6926422297471109
0.6325427552598542
0.6892589142389121
0.6926422297471215
0.6325427552597922
0.689258914238953
0.6926422297471515
0.6325427552597964
0.6892589142389891
0.6926422297470953
0.6325427552598163
0.6892589142389156
0.6926422297471199
0.6325427552598988
0.6892589142389403
0.6926422297471383
0.6325427552598785
0.6892589142389451
0.692642229747089
0.6325427552598328
0.6892589142389777
0.6926422297471624
0.6325427552598885
0.6892589142389972
0.692642229747127
0.6325427552598706
0.6892589142390089
0.6926422297471526
0.6325427552597782
0.6892589142390324
0.6926422297471877
0.6325427552598828
0.689258914238966
0.6926422297471403
0.6325427552597613
0.6892589142389982
0.6926422297471629
0.6325427552598845
0.6892589142390297
0.6926422297471866
0.6325427552599181
0.6892589142389329
0.692642229747106
0.6325427552598666
0.6892589142389185
0.6926422297471239
0.6325427552598528
0.6892589142389813
0.6926422297471103
0.6325427552598045
0.6892589142389678
0.6926422297471404
0.6325427552598111
0.6892589142389276
0.6926422297471226
0.6325427552598372
0.689258914238928
0.6926422297471372
0.6325427552598589
0.6892589142389611
0.6926422297470933
0.6325427552598217
0.6892589142388965
0.6926422297471799
0.632542755259912
0.6892589142389249
0.6926422297470698
0.6325427552598535
0.6892589142390386
0.69264222974712
0.6325427552598437
0.6892589142390251
0.6926422297471584
0.6325427552598324
0.6892589142389551
0.692642229747136
0.6325427552597598
0.6892589142389989
0.692642229747188
0.632542755259933
0.6892589142389953
0.6926422297472185
0.632542755259849
0.6892589142389945
0.6926422297471625
0.6325427552598832
0.6892589142389927
0.6926422297471044
0.6325427552598274
0.6892589142389591
0.6926422297471027
0.6325427552598152
0.6892589142389625
0.6926422297471407
0.6325427552598673
0.6892589142389388
0.692642229747073
0.6325427552598417
0.6892589142388992
0.6926422297471782
0.6325427552598526
0.6892589142389423
0.6926422297471391
0.6325427552598173
0.6892589142388981
0.6926422297471772
0.6325427552598525
0.6892589142389389
0.6926422297470732
0.6325427552598414
0.689258914238962
0.6926422297471415
0.6325427552598684
0.6892589142389585
0.6926422297471024
0.6325427552598154
0.6892589142389927
0.6926422297471049
0.6325427552598275
0.6892589142389952
0.6926422297471623
0.6325427552598832
0.6892589142389948
0.6926422297472179
0.632542755259849
0.689258914239
0.6926422297471894
0.6325427552599336
0.6892589142389558
0.6926422297471371
0.6325427552597602
0.6892589142390259
0.6926422297471593
0.632542755259833
0.6892589142390395
0.6926422297471204
0.6325427552598447
0.6892589142389263
0.6926422297470711
0.6325427552598546
0.6892589142388973
0.6926422297471804
0.632542755259912
0.6892589142389616
0.6926422297470933
0.6325427552598222
0.6892589142389427
0.6926422297471387
0.6325427552598172
0.6892589142389276
0.6926422297471226
0.6325427552598373
0.6892589142389671
0.6926422297471397
0.6325427552598102
0.6892589142389811
0.6926422297471098
0.6325427552598037
0.6892589142389189
0.6926422297471234
0.6325427552598526
0.689258914238933
0.6926422297471062
0.6325427552598661
0.6892589142390309
0.692642229747188
0.632542755259919
0.6892589142389991
0.6926422297471628
0.6325427552598846
0.6892589142389659
0.6926422297471402
0.6325427552597612
0.6892589142390337
0.6926422297471884
0.6325427552598826
0.6892589142390093
0.692642229747152
0.6325427552597782
0.6892589142389969
0.6926422297471275
0.6325427552598699
0.6892589142389778
0.6926422297471629
0.6325427552598888
0.6892589142389447
0.6926422297470887
0.632542755259833
0.6892589142389396
0.6926422297471375
0.6325427552598782
0.6892589142389276
0.6926422297471366
0.632542755259859
0.6892589142389896
0.6926422297470957
0.6325427552598168
0.6892589142389529
0.692642229747152
0.6325427552597971
0.6892589142389121
0.6926422297471215
0.6325427552597926
0.6892589142389518
0.6926422297471101
0.6325427552598534
0.6892589142389558
0.6926422297472081
0.6325427552599443
0.6892589142389318
0.6926422297471067
0.6325427552598666
0.6892589142389893
0.6926422297471057
0.6325427552598273
0.6892589142390233
0.6926422297471566
0.6325427552598308
0.6892589142390098
0.692642229747153
0.6325427552597792
0.6892589142389902
0.692642229747152
0.6325427552599223
0.6892589142389411
0.6926422297471944
0.6325427552598211
0.6892589142390166
0.6926422297471468
0.6325427552598524
0.6892589142390126
0.6926422297471168
0.6325427552598504
0.6892589142389025
0.6926422297471292
0.63254275525987
0.6892589142389153
0.6926422297471195
0.6325427552598989
0.6892589142389527
0.6926422297471547
0.6325427552598586
0.6892589142389418
0.6926422297470773
0.632542755259797
0.6892589142389234
0.6926422297471533
0.6325427552598482
0.6892589142389507
0.6926422297472049
0.6325427552598829
0.6892589142389522
0.6926422297471122
0.6325427552598547
0.6892589142389141
0.6926422297471237
0.6325427552598537
0.6892589142389551
0.6926422297471007
0.6325427552598135
0.6892589142390388
0.6926422297471191
0.6325427552598446
0.6892589142389962
0.6926422297471293
0.6325427552598715
0.6892589142389475
0.6926422297471979
0.6325427552598216
0.6892589142390059
0.6926422297471695
0.6325427552599012
0.6892589142389827
0.6926422297471511
0.6325427552597833
0.6892589142389738
0.6926422297471866
0.6325427552598869
0.6892589142389942
0.6926422297471022
0.6325427552598717
0.6892589142389687
0.6926422297470916
0.6325427552598281
0.6892589142389198
0.692642229747072
0.6325427552598091
0.6892589142389266
0.6926422297471546
0.6325427552599081
0.6892589142389847
0.6926422297471663
0.6325427552598886
0.6892589142389269
0.6926422297471564
0.6325427552598494
0.6892589142389187
0.6926422297471245
0.6325427552597918
0.6892589142389841
0.6926422297471083
0.6325427552598042
0.689258914238962
0.6926422297471382
0.6325427552598679
0.6892589142389256
0.692642229747071
0.6325427552598548
0.6892589142389778
0.6926422297471648
0.6325427552598893
0.6892589142390206
0.6926422297471485
0.6325427552598516
0.6892589142389868
0.6926422297471524
0.6325427552597841
0.6892589142389763
0.6926422297472148
0.6325427552599351
0.6892589142389722
0.6926422297471391
0.6325427552598044
0.6892589142390457
0.6926422297471504
0.6325427552598448
0.6892589142390317
0.6926422297471351
0.6325427552598331
0.6892589142390013
0.6926422297471366
0.632542755259883
0.6892589142389572
0.692642229747156
0.6325427552598972
0.6892589142389245
0.6926422297471578
0.6325427552599082
0.6892589142389367
0.6926422297470746
0.6325427552597975
0.6892589142389463
0.6926422297471463
0.6325427552597966
0.6892589142389676
0.6926422297471386
0.6325427552598102
0.6892589142389456
0.6926422297470769
0.6325427552598422
0.6892589142388974
0.692642229747181
0.6325427552599114
0.6892589142389443
0.6926422297470887
0.6325427552598324
0.6892589142390152
0.6926422297471163
0.6325427552598506
0.6892589142389749
0.6926422297471873
0.6325427552598868
0.6892589142389633
0.6926422297471384
0.6325427552598057
0.6892589142390373
0.6926422297471745
0.6325427552598918
0.6892589142390007
0.6926422297471684
0.6325427552597662
0.6892589142389893
0.6926422297471289
0.632542755259826
0.6892589142390244
0.6926422297472163
0.6325427552599172
0.689258914239001
0.6926422297471392
0.6325427552598831
0.6892589142389205
0.6926422297470729
0.63254275525981
0.6892589142389545
0.6926422297471518
0.6325427552598575
0.6892589142389852
0.6926422297470942
0.6325427552598162
0.6892589142389208
0.6926422297471219
0.632542755259838
0.6892589142389006
0.6926422297471815
0.6325427552598537
0.6892589142389596
0.6926422297470899
0.6325427552598211
0.6892589142389343
0.6926422297471354
0.6325427552598777
0.6892589142389058
0.6926422297471312
0.6325427552598709
0.6892589142389998
0.6926422297471061
0.6325427552598721
0.6892589142390402
0.6926422297471507
0.6325427552598435
0.6892589142389962
0.6926422297471659
0.6325427552597662
0.6892589142389904
0.6926422297471555
0.6325427552598754
0.6892589142389728
0.6926422297471722
0.6325427552598177
0.6892589142389743
0.6926422297471735
0.632542755259818
0.6892589142389911
0.69264222974713
0.6325427552598264
0.6892589142390295
0.692642229747134
0.6325427552598331
0.6892589142389717
0.69264222974709
0.632542755259828
0.6892589142389223
0.6926422297471246
0.6325427552598998
0.6892589142389269
0.6926422297471371
0.6325427552598593
0.6892589142389444
0.6926422297471371
0.632542755259817
0.6892589142389454
0.6926422297471375
0.6325427552598172
0.689258914238927
0.6926422297471377
0.6325427552598596
0.6892589142389214
0.692642229747124
0.6325427552598992
0.6892589142389731
0.6926422297470908
0.6325427552598288
0.6892589142390306
0.6926422297471339
0.6325427552598328
0.6892589142389904
0.69264222974713
0.6325427552598263
0.6892589142389749
0.6926422297471744
0.6325427552598181
0.6892589142390426
0.6926422297472488
0.6325427552599722