0.6558336131928943
0.6560654041898271
0.7036373009786691
0.655833613192885
0.6560654041897898
0.7036373009786805
0.6558336131928687
0.6560654041897805
0.703637300978682
0.655833613192847
0.6560654041897913
0.703637300978684
0.6558336131928666
0.6560654041897922
0.7036373009786783
0.6558336131928586
0.6560654041897703
0.703637300978694
0.6558336131929003
0.6560654041897993
0.7036373009786628
0.6558336131928674
0.6560654041897866
0.7036373009786716
0.6558336131928237
0.6560654041897356
0.7036373009786883
0.6558336131928519
0.6560654041897545
0.703637300978661
0.6558336131928397
0.6560654041897842
0.703637300978691
0.6558336131928764
0.6560654041898044
0.7036373009786852
0.6558336131928715
0.6560654041897845
0.7036373009786661
0.6558336131928779
0.6560654041897891
0.7036373009786827
0.6558336131929002
0.6560654041898383
0.703637300978674
0.6558336131928776
0.6560654041897859
0.7036373009786889
0.655833613192883
0.6560654041898162
0.7036373009786538
0.6558336131928622
0.6560654041897984
0.7036373009786907
0.6558336131928499
0.656065404189762
0.7036373009786804
0.6558336131928636
0.6560654041897785
0.7036373009786753
0.6558336131929136
0.6560654041898365
0.703637300978678
0.6558336131928966
0.656065404189818
0.7036373009786794
0.6558336131928557
0.6560654041897507
0.7036373009786812
0.6558336131928157
0.6560654041897391
0.7036373009786631
0.6558336131928052
0.6560654041897506
0.7036373009786852
0.6558336131928594
0.6560654041897631
0.7036373009786718
0.6558336131928649
0.6560654041897742
0.7036373009786693
0.655833613192885
0.6560654041898157
0.703637300978689
0.655833613192886
0.6560654041898297
0.7036373009786603
0.6558336131928821
0.6560654041897894
0.7036373009786789
0.6558336131928695
0.6560654041897777
0.703637300978655
0.655833613192855
0.656065404189799
0.7036373009786946
0.655833613192865
0.6560654041898017
0.7036373009786683
0.655833613192883
0.6560654041897864
0.7036373009786739
0.6558336131928961
0.6560654041898082
0.7036373009786909
0.655833613192903
0.6560654041898252
0.7036373009786614
0.6558336131928764
0.656065404189793
0.7036373009786853
0.6558336131928428
0.6560654041897711
0.7036373009786852
0.6558336131928404
0.6560654041897661
0.7036373009786667
0.6558336131928276
0.6560654041897522
0.7036373009786725
0.6558336131928295
0.6560654041897398
0.7036373009786762
0.655833613192871
0.6560654041897777
0.7036373009786763
0.6558336131928793
0.656065404189824
0.7036373009786606
0.6558336131928906
0.6560654041898191
0.7036373009786848
0.6558336131928656
0.6560654041897802
0.7036373009786865
0.6558336131928431
0.6560654041897898
0.7036373009786834
0.655833613192853
0.6560654041897653
0.7036373009786716
0.6558336131928809
0.6560654041897855
0.7036373009786845
0.6558336131929122
0.6560654041898457
0.7036373009786828
0.6558336131929253
0.6560654041898335
0.7036373009786571
0.6558336131928605
0.6560654041897626
0.7036373009786911
0.6558336131928489
0.6560654041897787
0.7036373009786756
0.655833613192868
0.6560654041898066
0.7036373009786647
0.6558336131928546
0.6560654041897833
0.7036373009786969
0.655833613192863
0.6560654041897531
0.7036373009786663
0.6558336131928457
0.6560654041897647
0.703637300978667
0.6558336131928424
0.6560654041897886
0.7036373009786754
0.6558336131928764
0.6560654041897798
0.7036373009786652
0.6558336131928627
0.6560654041897763
0.7036373009786834
0.6558336131928804
0.6560654041898042
0.7036373009786754
0.6558336131928606
0.6560654041897919
0.7036373009786938
0.655833613192865
0.6560654041897792
0.7036373009786785
0.6558336131929021
0.6560654041898114
0.7036373009786772
0.6558336131929212
0.6560654041898331
0.703637300978674
0.6558336131928776
0.6560654041897993
0.7036373009786818
0.6558336131928708
0.6560654041897873
0.7036373009786718
0.6558336131928488
0.6560654041897772
0.7036373009786747
0.6558336131928596
0.656065404189792
0.7036373009786963
0.6558336131928886
0.6560654041897971
0.7036373009786687
0.655833613192873
0.6560654041897962
0.7036373009786876
0.6558336131928737
0.6560654041898016
0.7036373009786763
0.6558336131928522
0.6560654041897674
0.7036373009786496
0.6558336131928246
0.656065404189741
0.7036373009786929
0.6558336131928623
0.6560654041897653
0.7036373009786728
0.6558336131928444
0.656065404189784
0.7036373009786714
0.6558336131928656
0.6560654041897735
0.7036373009786601
0.6558336131929097
0.6560654041898357
0.703637300978692
0.6558336131929005
0.6560654041898251
0.7036373009786795
0.655833613192871
0.6560654041897642
0.7036373009786663
0.655833613192865
0.6560654041897844
0.7036373009786911
0.6558336131928593
0.6560654041898131
0.703637300978676
0.6558336131928821
0.6560654041897995
0.7036373009786832
0.6558336131928677
0.656065404189768
0.7036373009786797
0.6558336131928785
0.6560654041898037
0.7036373009786855
0.6558336131928983
0.6560654041898434
0.703637300978673
0.6558336131928784
0.6560654041897978
0.7036373009786658
0.6558336131928532
0.6560654041897505
0.703637300978691
0.6558336131928348
0.656065404189756
0.7036373009786602
0.6558336131928092
0.6560654041897496
0.7036373009786763
0.6558336131928373
0.6560654041897487
0.7036373009786919
0.6558336131928888
0.6560654041897943
0.70363730097869
0.6558336131929006
0.6560654041898175
0.7036373009786657
0.6558336131928831
0.656065404189793
0.7036373009786756
0.6558336131928414
0.6560654041897764
0.7036373009787016
0.6558336131928534
0.6560654041897789
0.7036373009786563
0.6558336131928797
0.6560654041897982
0.7036373009786863
0.6558336131928756
0.6560654041898024
0.7036373009786874
0.6558336131929043
0.6560654041898155
0.7036373009786596
0.6558336131928806
0.6560654041898135
0.7036373009786748
0.6558336131928795
0.6560654041898047
0.7036373009786749
0.6558336131928784
0.6560654041897941
0.7036373009786778
0.6558336131928584
0.656065404189786
0.7036373009786789
0.6558336131928384
0.6560654041897642
0.7036373009786808
0.6558336131928129
0.656065404189738
0.7036373009786775
0.655833613192832
0.6560654041897387
0.7036373009786621
0.655833613192867
0.6560654041897852
0.7036373009786666
0.6558336131928595
0.6560654041897536
0.7036373009786756
0.6558336131928444
0.6560654041897731
0.7036373009786867
0.6558336131928644
0.6560654041898085
0.7036373009786697
0.6558336131928565
0.65606540418979
0.7036373009786924
0.6558336131928678
0.6560654041897668
0.7036373009786725
0.6558336131929043
0.6560654041898168
0.7036373009786597
0.6558336131928867
0.6560654041898495
0.7036373009786842
0.6558336131929041
0.6560654041898161
0.7036373009786596
0.6558336131928678
0.6560654041897664
0.7036373009786727
0.6558336131928568
0.65606540418979
0.7036373009786929
0.6558336131928646
0.6560654041898089
0.7036373009786674
0.6558336131928437
0.6560654041897727
0.7036373009786869
0.6558336131928593
0.6560654041897533
0.7036373009786762
0.655833613192867
0.6560654041897852
0.7036373009786694
0.655833613192832
0.6560654041897389
0.7036373009786621
0.6558336131928126
0.6560654041897376
0.7036373009786767
0.6558336131928385
0.656065404189764
0.7036373009786816
0.655833613192858
0.6560654041897853
0.7036373009786787
0.6558336131928779
0.6560654041897938
0.7036373009786778
0.6558336131928794
0.6560654041898044
0.7036373009786749
0.6558336131928804
0.6560654041898129
0.7036373009786749
0.6558336131929046
0.6560654041898151
0.7036373009786598
0.6558336131928753
0.656065404189802
0.7036373009786863
0.65583361319288
0.6560654041897983
0.7036373009786868
0.655833613192853
0.6560654041897791
0.7036373009786558
0.6558336131928411
0.6560654041897769
0.7036373009787031
0.6558336131928824
0.6560654041897926
0.703637300978674
0.6558336131929005
0.656065404189818
0.7036373009786668
0.6558336131928889
0.6560654041897942
0.7036373009786883
0.6558336131928374
0.6560654041897485
0.7036373009786916
0.6558336131928093
0.6560654041897496
0.703637300978677
0.6558336131928348
0.6560654041897556
0.7036373009786606
0.6558336131928524
0.6560654041897507
0.7036373009786903
0.6558336131928786
0.6560654041897985
0.7036373009786663
0.6558336131928983
0.6560654041898433
0.7036373009786718
0.6558336131928785
0.6560654041898042
0.7036373009786857
0.6558336131928677
0.6560654041897684
0.7036373009786784
0.655833613192882
0.6560654041897998
0.7036373009786846
0.655833613192859
0.6560654041898131
0.7036373009786738
0.6558336131928652
0.656065404189785
0.703637300978692
0.6558336131928708
0.6560654041897638
0.7036373009786663
0.6558336131929001
0.6560654041898246
0.7036373009786809
0.6558336131929097
0.6560654041898355
0.7036373009786907
0.6558336131928657
0.6560654041897739
0.7036373009786587
0.6558336131928442
0.6560654041897843
0.7036373009786714
0.6558336131928625
0.6560654041897658
0.7036373009786743
0.6558336131928248
0.6560654041897412
0.7036373009786929
0.6558336131928524
0.6560654041897678
0.703637300978651
0.6558336131928737
0.6560654041898013
0.7036373009786757
0.6558336131928736
0.6560654041897959
0.7036373009786885
0.6558336131928886
0.6560654041897969
0.7036373009786665
0.6558336131928592
0.6560654041897922
0.7036373009786976
0.6558336131928484
0.6560654041897769
0.7036373009786749
0.6558336131928706
0.6560654041897866
0.7036373009786727
0.6558336131928773
0.6560654041897989
0.7036373009786807
0.6558336131929214
0.6560654041898333
0.7036373009786738
0.6558336131929023
0.6560654041898115
0.7036373009786776
0.6558336131928655
0.6560654041897789
0.7036373009786786
0.6558336131928608
0.656065404189792
0.7036373009786936
0.6558336131928799
0.656065404189804
0.7036373009786777
0.655833613192863
0.6560654041897759
0.7036373009786827
0.655833613192877
0.6560654041897793
0.7036373009786664
0.6558336131928426
0.6560654041897884
0.7036373009786738
0.6558336131928456
0.6560654041897643
0.7036373009786682
0.655833613192863
0.6560654041897531
0.7036373009786656
0.6558336131928546
0.6560654041897832
0.7036373009786991
0.6558336131928673
0.6560654041898071
0.7036373009786646
0.6558336131928488
0.6560654041897785
0.7036373009786754
0.6558336131928615
0.6560654041897622
0.7036373009786907
0.6558336131929258
0.6560654041898341
0.7036373009786576
0.655833613192912
0.6560654041898462
0.7036373009786825
0.655833613192881
0.6560654041897853
0.7036373009786843
0.6558336131928536
0.6560654041897649
0.7036373009786723
0.6558336131928431
0.65606540418979
0.7036373009786834
0.6558336131928655
0.6560654041897807
0.703637300978685
0.6558336131928906
0.6560654041898195
0.7036373009786857
0.6558336131928791
0.6560654041898237
0.7036373009786597
0.6558336131928713
0.6560654041897782
0.7036373009786756
0.6558336131928293
0.6560654041897396
0.7036373009786754
0.6558336131928275
0.6560654041897528
0.7036373009786736
0.6558336131928406
0.6560654041897664
0.7036373009786686
0.6558336131928422
0.6560654041897712
0.7036373009786845
0.6558336131928767
0.6560654041897926
0.7036373009786836
0.6558336131929036
0.6560654041898252
0.7036373009786615
0.6558336131928963
0.6560654041898084
0.7036373009786925
0.655833613192883
0.6560654041897863
0.7036373009786734
0.6558336131928648
0.6560654041898015
0.703637300978669
0.6558336131928548
0.6560654041897982
0.7036373009786939
0.6558336131928699
0.656065404189778
0.7036373009786571
0.6558336131928819
0.6560654041897898
0.7036373009786783
0.6558336131928859
0.6560654041898297
0.7036373009786593
0.6558336131928852
0.6560654041898154
0.7036373009786894
0.6558336131928645
0.6560654041897747
0.703637300978669
0.6558336131928583
0.6560654041897627
0.7036373009786719
0.6558336131928046
0.6560654041897502
0.7036373009786858
0.6558336131928157
0.6560654041897394
0.7036373009786621
0.6558336131928559
0.6560654041897509
0.7036373009786802
0.6558336131928967
0.6560654041898175
0.7036373009786784
0.6558336131929136
0.6560654041898362
0.7036373009786796
0.6558336131928636
0.6560654041897782
0.7036373009786745
0.6558336131928503
0.656065404189762
0.703637300978682
0.6558336131928625
0.6560654041897984
0.7036373009786894
0.6558336131928829
0.6560654041898164
0.7036373009786553
0.6558336131928773
0.656065404189786
0.703637300978688
0.6558336131929001
0.6560654041898378
0.703637300978674
0.6558336131928777
0.6560654041897891
0.7036373009786837
0.6558336131928715
0.6560654041897848
0.7036373009786667
0.655833613192876
0.6560654041898046
0.703637300978685
0.6558336131928398
0.656065404189784
0.7036373009786926
0.6558336131928522
0.6560654041897546
0.7036373009786602
0.6558336131928241
0.6560654041897367
0.7036373009786874
0.655833613192867
0.6560654041897871
0.7036373009786696
0.6558336131929005
0.6560654041897995
0.7036373009786654
0.6558336131928579
0.6560654041897698
0.7036373009786929
0.6558336131928663
0.6560654041897923
0.703637300978678
0.6558336131928468
0.6560654041897913
0.7036373009786825
0.6558336131928688
0.6560654041897803
0.7036373009786826
0.6558336131928848
0.6560654041897891
0.7036373009786793
0.6558336131928943
0.6560654041898267
0.7036373009786681