0.6714411833336771
0.6688358710139866
0.6883855622307812
0.6714411833366106
0.6688358710139675
0.68838556223118
0.6714411833473095
0.668835871019235
0.6883855622390109
0.6714411833488791
0.6688358710272959
0.6883855622536936
0.6714411833389602
0.6688358710188376
0.6883855622424534
0.6714411833334092
0.6688358710039523
0.6883855622144179
0.671441183340718
0.6688358710116931
0.6883855622252302
0.6714411833484439
0.6688358710277804
0.6883855622568873
0.6714411833470579
0.6688358710262525
0.688385562256405
0.6714411833401016
0.6688358710133947
0.6883855622297971
0.6714411833352649
0.6688358710075097
0.6883855622171353
0.6714411833398249
0.6688358710169301
0.6883855622381863
0.6714411833478974
0.6688358710254128
0.6883855622563568
0.671441183348962
0.6688358710197825
0.688385562244376
0.6714411833418241
0.6688358710139969
0.6883855622317969
0.671441183339771
0.6688358710222405
0.6883855622481454
0.6714411833332139
0.6688358710118572
0.6883855622303876
0.6714411833399065
0.6688358710055495
0.6883855622153692
0.6714411833500211
0.6688358710230797
0.6883855622457931
0.6714411833482337
0.6688358710321028
0.6883855622670747
0.6714411833384157
0.6688358710137067
0.6883855622309341
0.6714411833348737
0.6688358710034867
0.6883855622052303
0.6714411833385737
0.6688358710161922
0.6883855622315902
0.6714411833452857
0.668835871028882
0.6883855622604618
0.671441183348174
0.6688358710237573
0.6883855622484679
0.6714411833408777
0.6688358710093499
0.6883855622199281
0.6714411833347725
0.6688358710103967
0.6883855622257276
0.6714411833394184
0.668835871020186
0.6883855622454061
0.671441183347679
0.6688358710190824
0.6883855622414585
0.6714411833488103
0.6688358710192093
0.6883855622414128
0.6714411833487597
0.6688358710299231
0.6883855622607623
0.6714411833400205
0.6688358710233678
0.688385562252608
0.6714411833351578
0.6688358710010243
0.6883855622084853
0.6714411833416327
0.6688358710083294
0.6883855622187978
0.6714411833481599
0.6688358710317008
0.6883855622678887
0.6714411833462324
0.6688358710279572
0.6883855622612006
0.6714411833408018
0.6688358710096731
0.688385562219691
0.6714411833353546
0.6688358710066291
0.6883855622157166
0.671441183337532
0.6688358710195142
0.6883855622454704
0.6714411833479027
0.6688358710264286
0.6883855622552906
0.6714411833493179
0.6688358710166957
0.6883855622344106
0.6714411833396532
0.668835871013006
0.688385562230625
0.6714411833334777
0.6688358710182201
0.6883855622396626
0.6714411833380087
0.6688358710136071
0.6883855622272219
0.671441183347513
0.668835871015344
0.6883855622304574
0.6714411833482138
0.6688358710235975
0.6883855622483243
0.6714411833478089
0.6688358710354476
0.6883855622742261
0.6714411833393452
0.668835871012554
0.6883855622291869
0.6714411833352023
0.6688358710005183
0.6883855622019832
0.6714411833388697
0.6688358710191269
0.6883855622421695
0.6714411833452927
0.668835871030378
0.6883855622672179
0.671441183349508
0.6688358710207252
0.6883855622442923
0.6714411833428733
0.6688358710093814
0.6883855622237937
0.6714411833339624
0.6688358710122935
0.6883855622335663
0.6714411833396108
0.6688358710207429
0.6883855622450796
0.6714411833495417
0.6688358710184341
0.6883855622371954
0.6714411833479863
0.6688358710190696
0.6883855622420118
0.6714411833385545
0.6688358710245628
0.6883855622525975
0.6714411833337104
0.6688358710126395
0.6883855622265999
0.6714411833395991
0.6688358710034459
0.6883855622086952
0.6714411833394894
0.6688358710082967
0.6883855622205128
0.67144118334674
0.6688358710326098
0.6883855622680508
0.6714411833469772
0.6688358710268176
0.6883855622552748
0.6714411833397546
0.6688358710076658
0.6883855622135584
0.6714411833341118
0.6688358710093594
0.6883855622193669
0.6714411833373634
0.6688358710204252
0.6883855622443835
0.6714411833486247
0.6688358710233606
0.6883855622468054
0.6714411833504378
0.6688358710182475
0.6883855622377062
0.671441183338577
0.6688358710156201
0.6883855622370286
0.6714411833333529
0.6688358710166449
0.68838556223575
0.6714411833405634
0.6688358710125973
0.6883855622248398
0.6714411833477527
0.6688358710166931
0.6883855622366573
0.6714411833471405
0.6688358710304253
0.6883855622648486
0.6714411833409517
0.6688358710221916
0.6883855622478319
0.6714411833364434
0.6688358710001365
0.6883855622055985
0.6714411833343228
0.6688358710025898
0.6883855622098498
0.6714411833386058
0.6688358710181098
0.6883855622406525
0.6714411833476802
0.6688358710284577
0.6883855622609771
0.671441183348542
0.6688358710204524
0.6883855622426585
0.6714411833406928
0.6688358710119421
0.6883855622278556
0.671441183334055
0.6688358710112595
0.6883855622283579
0.6714411833395368
0.6688358710162623
0.6883855622332552
0.6714411833483402
0.6688358710203195
0.6883855622398279
0.6714411833461118
0.6688358710221238
0.6883855622473662
0.6714411833381414
0.6688358710204596
0.6883855622430409
0.6714411833351384
0.6688358710098352
0.6883855622207512
0.6714411833394999
0.6688358710069078
0.6883855622184404
0.671441183346744
0.6688358710237827
0.6883855622524571
0.6714411833491067
0.6688358710313334
0.6883855622661791
0.6714411833420086
0.6688358710129858
0.6883855622310073
0.6714411833387879
0.6688358710130501
0.6883855622267916
0.6714411833337823
0.6688358710080172
0.6883855622186641
0.6714411833402952
0.668835871017309
0.6883855622385783
0.67144118334889
0.668835871025071
0.6883855622531043
0.6714411833492635
0.6688358710222656
0.6883855622503563
0.671441183340365
0.668835871014251
0.6883855622361628
0.6714411833345937
0.6688358710119036
0.6883855622266382
0.6714411833392245
0.6688358710150074
0.6883855622311685
0.6714411833468079
0.6688358710213025
0.6883855622466518
0.671441183347777
0.6688358710262201
0.6883855622550114
0.6714411833410743
0.6688358710181711
0.6883855622376053
0.6714411833354507
0.6688358710060259
0.6883855622159029
0.6714411833382987
0.6688358710109372
0.6883855622250602
0.6714411833468537
0.6688358710267623
0.6883855622541449
0.6714411833483058
0.6688358710276612
0.6883855622558945
0.671441183347408
0.6688358710274228
0.6883855622553894
0.6714411833389214
0.6688358710119082
0.6883855622264679
0.6714411833352574
0.6688358710061355
0.6883855622155848
0.6714411833401002
0.6688358710171216
0.6883855622351196
0.6714411833472635
0.6688358710254404
0.688385562253704
0.6714411833475207
0.6688358710218958
0.6883855622482753
0.6714411833402869
0.6688358710159741
0.6883855622334789
0.6714411833346868
0.668835871011764
0.6883855622267214
0.6714411833393499
0.6688358710131475
0.6883855622338251
0.6714411833485475
0.6688358710217835
0.6883855622486679
0.6714411833492515
0.6688358710257426
0.6883855622539611
0.6714411833410757
0.6688358710182072
0.6883855622402035
0.671441183334006
0.6688358710080713
0.6883855622190714
0.6714411833381007
0.6688358710119019
0.6883855622251982
0.6714411833478852
0.668835871026928
0.6883855622549998
0.6714411833488438
0.668835871030648
0.6883855622653614
0.6714411833473846
0.668835871024339
0.688385562253947
0.6714411833403471
0.6688358710079709
0.6883855622207515
0.6714411833349825
0.6688358710097675
0.6883855622201734
0.6714411833370517
0.6688358710194345
0.6883855622404618
0.6714411833454196
0.6688358710216289
0.6883855622459562
0.6714411833489444
0.6688358710209753
0.6883855622410224
0.6714411833406662
0.6688358710171797
0.688385562235581
0.671441183334176
0.668835871011141
0.6883855622287441
0.6714411833398911
0.6688358710109812
0.6883855622260806
0.6714411833479244
0.668835871019783
0.6883855622412809
0.6714411833479352
0.6688358710289337
0.688385562261421
0.6714411833393585
0.6688358710192841
0.6883855622422346
0.6714411833342546
0.6688358710026213
0.6883855622096864
0.6714411833412299
0.668835871011858
0.6883855622292406
0.6714411833401474
0.668835871021159
0.6883855622455213
0.6714411833467533
0.668835871029883
0.6883855622639039
0.6714411833485454
0.6688358710174823
0.6883855622389101
0.671441183341604
0.6688358710134829
0.688385562226987
0.6714411833333431
0.6688358710166221
0.688385562235747
0.671441183337476
0.6688358710147844
0.6883855622350705
0.6714411833496554
0.6688358710176294
0.688385562235968
0.6714411833491645
0.6688358710239635
0.6883855622476777
0.6714411833382721
0.6688358710215079
0.6883855622465328
0.671441183334308
0.6688358710095379
0.6883855622200248
0.6714411833391717
0.6688358710066481
0.6883855622123459
0.6714411833464781
0.6688358710260075
0.6883855622541294
0.6714411833471567
0.6688358710333758
0.6883855622692177
0.6714411833400689
0.6688358710094505
0.6883855622221756
0.6714411833362488
0.6688358710001139
0.6883855622051416
0.6714411833335096
0.6688358710124587
0.6883855622257499
0.6714411833374353
0.6688358710235667
0.6883855622500168
0.6714411833474515
0.6688358710186775
0.6883855622412276
0.6714411833502458
0.6688358710189213
0.6883855622383771
0.6714411833407767
0.6688358710217246
0.6883855622474415
0.6714411833341274
0.6688358710125145
0.6883855622345416
0.6714411833419072
0.6688358710082486
0.6883855622218844
0.6714411833488674
0.6688358710198747
0.6883855622424018
0.671441183345568
0.6688358710309927
0.6883855622677904
0.6714411833395519
0.668835871020292
0.6883855622439295
0.6714411833353815
0.6688358710005526
0.6883855622022361
0.6714411833387518
0.6688358710114243
0.6883855622274502
0.6714411833474715
0.6688358710349259
0.6883855622736266
0.6714411833487579
0.6688358710243261
0.6883855622500943
0.6714411833403768
0.6688358710043856
0.6883855622106081
0.6714411833389833
0.6688358710144603
0.6883855622291093
0.6714411833332352
0.6688358710181135
0.6883855622391899
0.6714411833385275
0.668835871012138
0.6883855622286639
0.6714411833485316
0.6688358710157901
0.6883855622321325
0.6714411833484504
0.6688358710268955
0.6883855622557948
0.6714411833386185
0.6688358710208764
0.6883855622482714
0.671441183335536
0.6688358710066993
0.6883855622164474
0.6714411833401812
0.6688358710084892
0.6883855622178001
0.6714411833456476
0.6688358710273035
0.688385562259886
0.6714411833483391
0.6688358710323449
0.68838556226879
0.6714411833422563
0.6688358710092012
0.6883855622201311
0.6714411833350832
0.6688358710008449
0.6883855622076908
0.6714411833392187
0.6688358710224044
0.6883855622506047
0.6714411833484106
0.6688358710293982
0.6883855622602165
0.6714411833483762
0.6688358710160303
0.6883855622324865
0.6714411833485525
0.6688358710197668
0.6883855622429668
0.6714411833404446
0.6688358710212652
0.6883855622478277
0.6714411833348921
0.6688358710107345
0.6883855622268285
0.6714411833398805
0.6688358710081213
0.6883855622173791
0.6714411833473678
0.668835871022741
0.6883855622459015
0.6714411833455964
0.6688358710296785
0.6883855622615205
0.6714411833393101
0.6688358710172955
0.6883855622336051
0.6714411833351099
0.6688358710033825
0.6883855622051309
0.6714411833378702
0.6688358710128555
0.6883855622295849
0.671441183347802
0.6688358710317206
0.6883855622667621
0.6714411833505001
0.6688358710236201
0.6883855622470925
0.6714411833405978
0.6688358710063653
0.6883855622165054
0.6714411833329386
0.6688358710118101
0.6883855622296273
0.6714411833386507
0.668835871021173
0.6883855622457986
0.671441183348436
0.6688358710186973
0.6883855622405142
0.6714411833483946
0.6688358710190265
0.6883855622424442
0.6714411833483915
0.6688358710259686
0.6883855622575118
0.6714411833409699
0.6688358710183813
0.6883855622416692
0.6714411833356282
0.6688358710076259
0.6883855622178346
0.6714411833393632
0.6688358710121335
0.6883855622276008
0.6714411833463789
0.6688358710257543
0.6883855622554423
0.6714411833486205
0.6688358710284144
0.6883855622578396
0.6714411833413686
0.6688358710123399
0.6883855622260657
0.6714411833334331
0.6688358710039027
0.6883855622141493
0.671441183338284
0.6688358710181661
0.6883855622415123
0.6714411833486145
0.668835871026767
0.6883855622533558
0.6714411833481375
0.6688358710198624
0.6883855622404733
0.6714411833375344
0.6688358710151181
0.6883855622333674
0.6714411833332803
0.6688358710138502
0.688385562230434
0.6714411833406949
0.6688358710128555
0.6883855622292405
0.6714411833390295
0.6688358710143986
0.6883855622299305
0.6714411833458568
0.668835871023071
0.6883855622479281
0.6714411833480143
0.6688358710250203
0.688385562250837
0.671441183340477
0.668835871017798
0.6883855622365674
0.6714411833339452
0.6688358710085491
0.6883855622227666
0.6714411833388538
0.668835871011439
0.6883855622299646
0.6714411833498373
0.6688358710259973
0.6883855622554798
0.6714411833502862
0.6688358710263238
0.6883855622558872
0.6714411833394699
0.6688358710121542
0.6883855622308701
0.6714411833336812
0.6688358710086771
0.6883855622227082
0.6714411833394779
0.6688358710167004
0.6883855622344996
0.6714411833477099
0.6688358710242863
0.6883855622494925
0.6714411833468164
0.6688358710240351
0.6883855622502076
0.6714411833399503
0.6688358710155635
0.6883855622327693
0.6714411833366247
0.6688358710099201
0.6883855622212447