0.6527738957407841
0.6557885138033124
0.6936477120092284
0.6527738951833433
0.6557885136599184
0.6936477062152684
0.6527738951899479
0.6557885133392078
0.693647705138619
0.6527738959397433
0.6557885133179258
0.6936477128059102
0.6527738962498901
0.6557885131388167
0.6936477161642257
0.652773895876246
0.6557885127518638
0.6936477113152268
0.6527738958106398
0.6557885129131631
0.6936477096239909
0.6527738960087232
0.6557885135788974
0.6936477120967617
0.6527738955802962
0.6557885138004244
0.6936477090801709
0.6527738950069719
0.6557885134779364
0.6936477045116407
0.6527738953904444
0.6557885133195454
0.6936477090052193
0.6527738961811753
0.6557885132728368
0.6936477158979599
0.6527738962264487
0.6557885129054268
0.6936477137359849
0.6527738958916705
0.6557885127201453
0.6936477092044594
0.6527738958966112
0.6557885132533078
0.6936477112540838
0.6527738960238356
0.6557885128329584
0.6936477125027664
0.6527738955134053
0.655788513022411
0.6936477082519468
0.6527738955878618
0.6557885137389272
0.6936477093886019
0.6527738956198492
0.6557885138850852
0.6936477095616531
0.6527738953357027
0.6557885133366335
0.6936477068293816
0.6527738955114453
0.655788513091369
0.693647709125288
0.65277389616981
0.655788513202831
0.6936477154545126
0.6527738963087649
0.6557885129772718
0.693647715250898
0.6527738958407068
0.6557885128013808
0.6936477094075164
0.6527738956070888
0.6557885133690434
0.6936477081344009
0.6527738956031297
0.6557885139515112
0.6936477103242524
0.6527738953404938
0.6557885136553241
0.6936477085532943
0.6527738953030155
0.6557885131274561
0.6936477070281291
0.6527738959628765
0.6557885131296827
0.6936477120250573
0.6527738964427923
0.6557885131303844
0.6936477162063392
0.6527738957020498
0.6557885128059568
0.693647709391545
0.6527738963339516
0.6557885129688872
0.6936477155981022
0.6527738963095872
0.6557885132142607
0.6936477152432784
0.652773895661089
0.6557885131206704
0.6936477079977357
0.6527738954281714
0.655788513338217
0.6936477063214272
0.6527738955890392
0.6557885138640072
0.6936477104141829
0.652773895424214
0.6557885137321791
0.6936477102077898
0.6527738953553901
0.655788513012828
0.6936477082338108
0.652773896020324
0.6557885128012229
0.6936477125123901
0.6527738965610972
0.6557885131295556
0.693647716377835
0.6527738960791307
0.6557885131897911
0.6936477114803725
0.6527738953816573
0.6557885131737325
0.6936477062116405
0.6527738953757797
0.6557885136293033
0.6936477087126977
0.6527738955281661
0.6557885139080573
0.6936477110547111
0.6527738954240621
0.6557885133642911
0.6936477083070347
0.6527738954651334
0.6557885137964914
0.6936477091817689
0.6527738958923641
0.6557885135411061
0.6936477126843867
0.652773895751666
0.6557885128998822
0.6936477103153189
0.6527738958909397
0.6557885128001575
0.6936477109534915
0.6527738963659121
0.6557885131724854
0.6936477151299429
0.6527738960927936
0.6557885132963178
0.6936477125373766
0.652773895231836
0.6557885133279392
0.69364770559732
0.6527738950879565
0.6557885136725401
0.6936477063665081
0.6527738956298561
0.6557885137717374
0.6936477120137344
0.6527738958311948
0.6557885131993308
0.693647711708764
0.6527738958427681
0.6557885127409805
0.6936477094366377
0.6527738962342433
0.6557885129796088
0.693647713103059
0.6527738963060284
0.6557885132938849
0.6936477152500605
0.6527738955358076
0.6557885132904874
0.6936477090738355
0.6527738950169271
0.6557885134703934
0.6936477047226621
0.6527738958269655
0.6557885136730806
0.6936477115459966
0.6527738952167987
0.6557885134468309
0.6936477059630071
0.6527738951627413
0.655788513413251
0.6936477064203372
0.6527738956690554
0.6557885136430368
0.6936477122093951
0.6527738959570906
0.6557885132595793
0.6936477133735777
0.6527738959994034
0.6557885126202455
0.6936477107164286
0.652773896191529
0.6557885128552934
0.6936477117693591
0.65277389612368
0.6557885135593866
0.6936477131513026
0.6527738954439148
0.6557885136081958
0.6936477088192026
0.6527738949795148
0.6557885133521975
0.6936477053529383
0.6527738953979865
0.6557885135388488
0.6936477092928717
0.652773895986787
0.6557885135445911
0.6936477134135558
0.6527738960572869
0.6557885128938188
0.6936477118068598
0.6527738960282106
0.6557885126128966
0.6936477109030463
0.6527738961310103
0.6557885132312551
0.6936477133143548
0.6527738959793711
0.6557885127653852
0.6936477106307625
0.6527738957893224
0.6557885129430567
0.693647709630544
0.6527738958897684
0.6557885135626111
0.6936477126741611
0.6527738954531006
0.6557885137294039
0.6936477097492618
0.6527738949551618
0.6557885134407377
0.6936477048876535
0.6527738954561491
0.6557885133511696
0.6936477088379066
0.6527738963169489
0.6557885133144066
0.6936477152667216
0.6527738963150416
0.6557885129324215
0.6936477131799643
0.6527738958740068
0.6557885127518295
0.6936477091585985
0.652773895825066
0.655788513254901
0.6936477115579178
0.6527738956719886
0.6557885137401332
0.6936477123596312
0.6527738951166262
0.6557885135997199
0.6936477066175086
0.6527738951492434
0.6557885133533815
0.6936477054778646
0.6527738959923981
0.6557885133612549
0.693647712624702
0.6527738963867915
0.6557885131518897
0.6936477153936538
0.652773895578263
0.6557885130770555
0.6936477085704282
0.652773896269992
0.6557885132264374
0.693647714794629
0.6527738963640821
0.6557885130306905
0.6936477149612678
0.6527738958419735
0.6557885128028897
0.6936477094800886
0.6527738955630896
0.6557885133193084
0.6936477084924549
0.65277389553004
0.6557885139218809
0.6936477108377372
0.6527738952873126
0.6557885136491846
0.6936477088382041
0.6527738953071243
0.6557885131155814
0.6936477068483958
0.6527738960078449
0.6557885131496728
0.693647711625148
0.6527738965039773
0.6557885131984066
0.6936477158656605
0.6527738960901619
0.6557885128640869
0.6936477122526743
0.6527738955370648
0.6557885129721319
0.6936477082691423
0.652773895513188
0.6557885136902051
0.6936477099357061
0.6527738954946555
0.6557885138922467
0.6936477103021939
0.6527738952861037
0.6557885133435242
0.6936477069970226
0.652773895526249
0.6557885138500148
0.6936477107602527
0.6527738955245921
0.6557885137158675
0.693647709715475
0.6527738955182479
0.6557885130569452
0.6936477074467433
0.6527738961277398
0.6557885128841612
0.6936477120027094
0.652773896565675
0.6557885131449406
0.6936477163220813
0.652773895984824
0.6557885131235297
0.6936477118808171
0.652773895239023
0.655788513115285
0.6936477068943646
0.652773895281042
0.6557885136137181
0.6936477092039279
0.6527738955467819
0.6557885139071318
0.6936477109830863
0.652773895530629
0.6557885133902954
0.6936477077964214
0.6527738958295709
0.6557885128695562
0.6936477087785651
0.6527738964247718
0.6557885130039245
0.6936477151314341
0.6527738963013603
0.6557885131778924
0.6936477152365917
0.6527738955238235
0.6557885130736013
0.6936477086700983
0.6527738952504969
0.6557885133263206
0.6936477072483158
0.6527738959865117
0.6557885132977723
0.6936477132801123
0.6527738951990293
0.6557885133032435
0.6936477059025316
0.6527738951471032
0.6557885136401379
0.6936477060938453
0.6527738956995899
0.6557885138048023
0.6936477116061657
0.6527738958587991
0.6557885132661402
0.6936477114202065
0.6527738958423461
0.6557885127501357
0.6936477092562721
0.652773896216512
0.6557885129451115
0.6936477131623859
0.6527738962645586
0.6557885132810535
0.6936477156415408
0.6527738954893894
0.6557885132795248
0.6936477095166892
0.6527738949973021
0.6557885134334671
0.6936477048818792
0.6527738954827147
0.6557885137936158
0.6936477090138392
0.6527738959462559
0.6557885135992583
0.6936477122510949
0.652773895823926
0.6557885129364174
0.6936477097518132
0.6527738959186057
0.6557885127733978
0.6936477107043726
0.6527738962982486
0.6557885131480963
0.6936477155640159
0.6527738959876745
0.655788512621243
0.6936477108529477
0.6527738960769881
0.6557885128353478
0.6936477123758087
0.6527738960066902
0.6557885135045013
0.693647713731762
0.6527738953893027
0.6557885135569329
0.6936477090624746
0.6527738949909854
0.6557885133682922
0.6936477052178565
0.6527738954715632
0.6557885136094139
0.6936477088406912
0.6527738961070746
0.655788513593971
0.6936477128272744
0.6527738961510646
0.6557885128919012
0.6936477114582086
0.6527738960070744
0.6557885125863593
0.6936477111117274
0.6527738959951983
0.6557885131950406
0.6936477140049053
0.6527738956779331
0.6557885136341572
0.6936477122481923
0.6527738951647186
0.6557885134383235
0.6936477061598465
0.6527738952445084
0.6557885134503849
0.693647705936018
0.6527738958273296
0.655788513687779
0.693647711384242
0.6527738960738859
0.6557885132789716
0.6936477128398635
0.6527738955209983
0.6557885133657002
0.6936477083772721
0.6527738962780076
0.6557885133000315
0.693647715309048
0.6527738962034739
0.6557885129271301
0.6936477137231044
0.6527738957793912
0.6557885127216487
0.6936477097403033
0.6527738958025835
0.6557885131985225
0.6936477117690036
0.6527738957084475
0.6557885137378356
0.6936477122277125
0.6527738951927096
0.6557885136650996
0.6936477062593936
0.6527738952517885
0.655788513394725
0.6936477049040761
0.652773896056918
0.6557885133459647
0.6936477121422202
0.6527738963334903
0.6557885131392427
0.6936477155479013
0.65277389583328
0.6557885127610976
0.6936477114218957
0.6527738956769367
0.6557885129033711
0.6936477103550907
0.6527738958983255
0.6557885135259298
0.6936477127666385
0.6527738955594172
0.6557885137634841
0.6936477092872726
0.6527738950797748
0.6557885135036772
0.693647704244106
0.6527738955559022
0.6557885139546686
0.693647710566643
0.6527738953572907
0.6557885136686459
0.6936477083417503
0.6527738953694118
0.6557885131496219
0.693647706520435
0.6527738960223465
0.6557885131827111
0.6936477116901705
0.6527738964763234
0.6557885131602705
0.6936477161654062
0.652773896029945
0.6557885127814671
0.6936477126326033
0.6527738954570234
0.6557885129538479
0.6936477086582786
0.6527738954764041
0.6557885137415194
0.693647710015965
0.6527738955618212
0.6557885139237842
0.6936477097853245
0.65277389540705
0.6557885133442812
0.6936477062589242
0.6527738956351082
0.655788513095781
0.6936477083305435
0.6527738962263681
0.6557885132348275
0.6936477151873313
0.6527738962825778
0.6557885129822281
0.6936477155148528
0.6527738957790625
0.6557885127514238
0.6936477098340657
0.6527738955370612
0.6557885133277729
0.6936477085629214
0.6527738959526306
0.65578851311951
0.693647712072526
0.6527738953023081
0.6557885131550463
0.6936477066213191
0.6527738954118156
0.6557885136433397
0.6936477085384782
0.6527738956618505
0.6557885139394417
0.6936477103804362
0.6527738955548217
0.6557885134187933
0.6936477076844207
0.6527738957542994
0.655788512838538
0.6936477091594401
0.6527738962870824
0.6557885129331212
0.693647715796675
0.6527738961690341
0.6557885131582585
0.6936477159136636
0.65277389549993
0.655788513109847
0.6936477088600208
0.6527738953874878
0.6557885133471899
0.6936477065981682
0.6527738957224228
0.65578851385829
0.6936477097392628
0.6527738956068854
0.6557885137546069
0.693647709254853
0.6527738954348331
0.6557885130782088
0.6936477078337886
0.6527738959750191
0.6557885128269503
0.6936477127227803
0.6527738964502809
0.6557885130710609
0.6936477168680653
0.6527738958263827
0.6557885126957828
0.6936477095011102
0.6527738961922612
0.6557885129329828
0.6936477134522951
0.6527738962518692
0.6557885132812972
0.6936477157063182
0.6527738955277276
0.6557885132830951
0.6936477091678321
0.6527738950637436
0.6557885134781898
0.6936477043949247
0.6527738955208826
0.6557885138451296
0.6936477087407047
0.6527738959308185
0.6557885135787398
0.6936477123059721
0.6527738957586049
0.6557885128722327
0.6936477101729048
0.6527738958366602
0.6557885127553258
0.6936477113383134
0.6527738962740812
0.655788513166967
0.6936477158575852
0.6527738960598395
0.6557885132963011
0.6936477128650447
0.6527738952951831
0.6557885133103152
0.6936477052319758
0.6527738951650548
0.6557885136927717
0.6936477058531082
0.6527738956501814
0.6557885138380701
0.693647711801415
0.6527738958196674
0.6557885132256424
0.6936477116684299
0.6527738955004969
0.6557885135938771
0.6936477088180362
0.6527738960453717
0.6557885135342406
0.6936477132183188
0.6527738960082462
0.6557885128506994
0.693647712153367
0.6527738958876149
0.6557885125796786
0.6936477116389086
0.6527738960062
0.6557885132124766
0.693647713894392
0.6527738958073681
0.6557885136709962
0.6936477115497788
0.6527738953092213
0.6557885134718311
0.6936477053882748
0.6527738953124405
0.6557885134495025
0.6936477056118973
0.6527738957792413
0.6557885136614097
0.6936477117174836
0.6527738959341982
0.6557885132557408
0.6936477136126675
0.6527738958547751
0.6557885125979557
0.6936477114978777
0.6527738960531189
0.65578851280967
0.6936477124173079
0.6527738960934925
0.655788513516698
0.6936477132341166
0.6527738955062503
0.6557885136236221
0.6936477084696304
0.6527738950774513
0.6557885134249755
0.6936477048543384