0.6892636106246525
0.6926383063579836
0.632543072660479
0.6892636106246082
0.6926383063579307
0.6325430726603086
0.6892636106246788
0.6926383063579531
0.6325430726603789
0.6892636106246928
0.6926383063579118
0.6325430726603911
0.6892636106245776
0.6926383063578605
0.6325430726604019
0.6892636106245438
0.6926383063579691
0.6325430726604606
0.6892636106246106
0.6926383063578824
0.6325430726603689
0.6892636106245944
0.6926383063579302
0.6325430726603622
0.6892636106245477
0.6926383063579692
0.6325430726603994
0.6892636106245872
0.692638306357864
0.6325430726603887
0.6892636106246116
0.6926383063579287
0.6325430726604184
0.6892636106246097
0.6926383063578936
0.6325430726603614
0.6892636106246424
0.692638306357896
0.6325430726603735
0.6892636106246501
0.692638306357954
0.6325430726604284
0.6892636106246479
0.6926383063580112
0.6325430726603973
0.689263610624619
0.692638306357932
0.6325430726603081
0.6892636106246857
0.6926383063579816
0.6325430726604273
0.6892636106246612
0.6926383063579433
0.6325430726603223
0.6892636106246488
0.6926383063579193
0.6325430726604153
0.6892636106246257
0.6926383063579544
0.6325430726604329
0.6892636106245977
0.6926383063578798
0.6325430726603798
0.6892636106245862
0.6926383063579287
0.6325430726604219
0.6892636106245744
0.6926383063579262
0.6325430726604049
0.6892636106245782
0.6926383063579107
0.6325430726603825
0.6892636106246179
0.6926383063579302
0.6325430726603565
0.6892636106246292
0.6926383063578994
0.6325430726603497
0.6892636106245653
0.6926383063579125
0.6325430726603972
0.689263610624582
0.6926383063578957
0.6325430726604111
0.6892636106246781
0.6926383063579789
0.6325430726604627
0.6892636106246515
0.6926383063579564
0.6325430726604295
0.6892636106246761
0.6926383063579505
0.632543072660378
0.6892636106246643
0.6926383063579467
0.6325430726603227
0.6892636106246414
0.6926383063579447
0.6325430726604657
0.6892636106245911
0.6926383063579852
0.6325430726603674
0.6892636106246681
0.6926383063579389
0.6325430726603968
0.6892636106246639
0.6926383063579091
0.6325430726603964
0.6892636106245538
0.6926383063579193
0.6325430726604151
0.6892636106245644
0.6926383063579098
0.6325430726604424
0.6892636106246406
0.6926383063578858
0.632543072660361
0.6892636106246045
0.6926383063579429
0.632543072660345
0.6892636106245618
0.6926383063579131
0.6325430726603382
0.6892636106246002
0.6926383063578987
0.6325430726604002
0.6892636106246006
0.692638306357996
0.6325430726604868
0.68926361062458
0.6926383063578971
0.6325430726604112
0.6892636106246375
0.6926383063578954
0.6325430726603742
0.6892636106246882
0.6926383063579094
0.6325430726603899
0.6892636106246486
0.6926383063579211
0.6325430726604172
0.6892636106245968
0.6926383063579865
0.6325430726603667
0.689263610624659
0.6926383063579618
0.6325430726604443
0.6892636106246328
0.692638306357942
0.6325430726603314
0.6892636106246237
0.6926383063579781
0.6325430726604326
0.689263610624644
0.6926383063578923
0.6325430726604193
0.6892636106246219
0.6926383063578815
0.6325430726603715
0.689263610624602
0.6926383063579437
0.632543072660405
0.6892636106245937
0.6926383063578682
0.6325430726603438
0.6892636106245743
0.6926383063579447
0.6325430726603936
0.6892636106245982
0.6926383063579953
0.6325430726604289
0.6892636106246002
0.692638306357902
0.6325430726604001
0.6892636106245604
0.6926383063579127
0.6325430726603986
0.689263610624608
0.6926383063578905
0.63254307266036
0.6892636106245753
0.6926383063578596
0.632543072660402
0.6892636106246253
0.6926383063579549
0.6325430726604345
0.6892636106246699
0.692638306357938
0.6325430726603958
0.6892636106246368
0.6926383063579427
0.6325430726603312
0.6892636106246225
0.6926383063580032
0.6325430726604835
0.689263610624621
0.6926383063579269
0.6325430726603519
0.6892636106246928
0.6926383063579393
0.63254307266039
0.6892636106246799
0.692638306357924
0.6325430726603791
0.6892636106245715
0.6926383063578617
0.6325430726603545
0.689263610624575
0.6926383063579465
0.6325430726604557
0.6892636106246333
0.6926383063579551
0.6325430726604361
0.6892636106245775
0.692638306357946
0.6325430726603939
0.6892636106245692
0.6926383063579116
0.6325430726603363
0.6892636106246325
0.6926383063578974
0.632543072660349
0.6892636106246119
0.6926383063579288
0.6325430726604181
0.6892636106245428
0.6926383063579687
0.6325430726604601
0.6892636106245971
0.6926383063578789
0.6325430726603796
0.6892636106246641
0.6926383063579091
0.632543072660396
0.6892636106246235
0.6926383063579777
0.6325430726604327
0.6892636106246093
0.6926383063579268
0.6325430726603534
0.6892636106246856
0.6926383063579625
0.6325430726604422
0.689263610624649
0.6926383063579562
0.6325430726603105
0.6892636106246377
0.6926383063579185
0.6325430726603719
0.6892636106246502
0.6926383063579281
0.6325430726604302
0.6892636106246077
0.692638306357947
0.6325430726604465
0.6892636106245741
0.6926383063579473
0.6325430726604568
0.6892636106245871
0.6926383063578677
0.6325430726603443
0.6892636106245997
0.69263830635794
0.632543072660344
0.6892636106246182
0.6926383063579298
0.6325430726603558
0.6892636106245942
0.692638306357866
0.6325430726603891
0.6892636106246075
0.6926383063578805
0.6325430726603686
0.6892636106245833
0.6926383063579272
0.6325430726604215
0.689263610624556
0.692638306357922
0.6325430726604162
0.6892636106246485
0.6926383063578945
0.6325430726604195
0.6892636106246904
0.6926383063579371
0.6325430726603898
0.6892636106246426
0.6926383063579548
0.6325430726603108
0.6892636106246375
0.692638306357944
0.6325430726604206
0.6892636106246184
0.6926383063579604
0.6325430726603635
0.6892636106246725
0.6926383063580047
0.6325430726604632
0.6892636106246501
0.6926383063579278
0.6325430726604306
0.6892636106245729
0.6926383063578647
0.6325430726603555
0.689263610624602
0.692638306357942
0.6325430726604038
0.6892636106246375
0.6926383063578839
0.6325430726603605
0.6892636106245695
0.6926383063579109
0.6325430726603833
0.6892636106245514
0.6926383063579711
0.6325430726604002
0.6892636106245966
0.6926383063579282
0.6325430726603622
0.6892636106245734
0.6926383063579263
0.6325430726604049
0.6892636106245694
0.6926383063579105
0.6325430726604424
0.6892636106246244
0.69263830635788
0.6325430726603717
0.6892636106246819
0.6926383063579249
0.6325430726603782
0.6892636106246384
0.6926383063579191
0.6325430726603719
0.6892636106246217
0.6926383063579609
0.6325430726603634
0.689263610624685
0.6926383063580334
0.6325430726605125
0.6892636106246212
0.69263830635796
0.6325430726603636
0.6892636106246381
0.6926383063579191
0.6325430726603724
0.689263610624681
0.6926383063579247
0.6325430726603786
0.6892636106246227
0.6926383063578792
0.6325430726603709
0.6892636106245696
0.6926383063579111
0.6325430726604429
0.6892636106245729
0.692638306357926
0.6325430726604041
0.6892636106245963
0.6926383063579283
0.6325430726603614
0.6892636106245507
0.6926383063579713
0.6325430726603996
0.6892636106245704
0.692638306357911
0.6325430726603836
0.6892636106246375
0.6926383063578829
0.6325430726603603
0.6892636106246017
0.6926383063579424
0.6325430726604038
0.6892636106245726
0.6926383063578646
0.632543072660356
0.6892636106246497
0.692638306357928
0.6325430726604307
0.689263610624671
0.6926383063580038
0.632543072660463
0.689263610624618
0.6926383063579604
0.6325430726603632
0.6892636106246371
0.6926383063579431
0.6325430726604198
0.689263610624641
0.6926383063579542
0.6325430726603106
0.68926361062469
0.6926383063579375
0.6325430726603902
0.6892636106246467
0.6926383063578936
0.6325430726604192
0.6892636106245553
0.6926383063579212
0.6325430726604164
0.689263610624584
0.6926383063579277
0.6325430726604222
0.6892636106246086
0.6926383063578807
0.6325430726603685
0.6892636106245942
0.6926383063578658
0.6325430726603889
0.6892636106246184
0.6926383063579298
0.6325430726603565
0.6892636106245994
0.6926383063579395
0.6325430726603443
0.6892636106245872
0.6926383063578679
0.632543072660344
0.6892636106245738
0.6926383063579473
0.6325430726604565
0.6892636106246072
0.6926383063579468
0.6325430726604468
0.68926361062465
0.6926383063579276
0.63254307266043
0.6892636106246384
0.6926383063579191
0.6325430726603728
0.6892636106246492
0.6926383063579558
0.6325430726603115
0.6892636106246857
0.6926383063579622
0.632543072660442
0.6892636106246093
0.6926383063579267
0.6325430726603533
0.6892636106246237
0.692638306357978
0.6325430726604326
0.6892636106246651
0.6926383063579098
0.6325430726603956
0.6892636106245975
0.6926383063578794
0.6325430726603792
0.689263610624544
0.6926383063579696
0.6325430726604613
0.6892636106246115
0.6926383063579282
0.632543072660418
0.6892636106246323
0.6926383063578968
0.6325430726603485
0.6892636106245691
0.6926383063579119
0.6325430726603367
0.6892636106245777
0.6926383063579462
0.6325430726603943
0.689263610624633
0.6926383063579549
0.6325430726604367
0.6892636106245751
0.6926383063579469
0.6325430726604557
0.6892636106245715
0.692638306357862
0.6325430726603544
0.6892636106246796
0.6926383063579244
0.6325430726603787
0.6892636106246927
0.6926383063579395
0.6325430726603902
0.6892636106246208
0.6926383063579261
0.6325430726603515
0.6892636106246226
0.6926383063580037
0.6325430726604834
0.6892636106246377
0.6926383063579437
0.6325430726603316
0.6892636106246709
0.6926383063579383
0.632543072660396
0.6892636106246255
0.6926383063579546
0.6325430726604341
0.6892636106245755
0.6926383063578596
0.6325430726604013
0.6892636106246078
0.6926383063578907
0.6325430726603603
0.68926361062456
0.6926383063579129
0.6325430726603984
0.6892636106245995
0.692638306357902
0.6325430726604004
0.6892636106245977
0.6926383063579951
0.6325430726604291
0.6892636106245736
0.6926383063579442
0.6325430726603936
0.6892636106245937
0.6926383063578683
0.6325430726603443
0.6892636106246024
0.6926383063579438
0.6325430726604054
0.6892636106246217
0.6926383063578816
0.6325430726603714
0.689263610624643
0.6926383063578915
0.6325430726604184
0.689263610624624
0.692638306357978
0.632543072660433
0.6892636106246329
0.6926383063579418
0.6325430726603305
0.6892636106246592
0.692638306357962
0.6325430726604447
0.6892636106245967
0.6926383063579857
0.6325430726603669
0.689263610624648
0.6926383063579198
0.6325430726604178
0.6892636106246881
0.6926383063579096
0.6325430726603902
0.6892636106246379
0.6926383063578958
0.6325430726603739
0.6892636106245806
0.6926383063578977
0.6325430726604115
0.6892636106246002
0.6926383063579956
0.6325430726604867
0.6892636106246004
0.6926383063578997
0.6325430726604002
0.6892636106245618
0.692638306357913
0.6325430726603374
0.6892636106246046
0.6926383063579429
0.6325430726603443
0.6892636106246403
0.6926383063578855
0.6325430726603603
0.6892636106245652
0.6926383063579099
0.6325430726604429
0.6892636106245542
0.6926383063579196
0.6325430726604152
0.6892636106246649
0.6926383063579094
0.6325430726603969
0.6892636106246688
0.6926383063579394
0.6325430726603972
0.6892636106245915
0.6926383063579861
0.6325430726603676
0.6892636106246401
0.6926383063579433
0.6325430726604648
0.6892636106246637
0.6926383063579464
0.6325430726603225
0.6892636106246759
0.6926383063579508
0.6325430726603781
0.6892636106246512
0.6926383063579571
0.6325430726604294
0.6892636106246777
0.6926383063579782
0.6325430726604618
0.6892636106245824
0.6926383063578962
0.6325430726604115
0.689263610624565
0.6926383063579123
0.6325430726603978
0.6892636106246295
0.6926383063578991
0.6325430726603501
0.6892636106246188
0.6926383063579296
0.6325430726603576
0.6892636106245784
0.6926383063579102
0.6325430726603827
0.6892636106245749
0.6926383063579262
0.6325430726604044
0.6892636106245871
0.6926383063579286
0.6325430726604223
0.6892636106245981
0.69263830635788
0.6325430726603792
0.6892636106246252
0.6926383063579538
0.6325430726604327
0.6892636106246488
0.692638306357919
0.6325430726604161
0.6892636106246607
0.6926383063579433
0.6325430726603225
0.6892636106246843
0.6926383063579808
0.6325430726604275
0.6892636106246194
0.6926383063579329
0.6325430726603076
0.6892636106246484
0.6926383063580119
0.6325430726603973
0.6892636106246504
0.6926383063579543
0.6325430726604284
0.6892636106246417
0.6926383063578956
0.6325430726603737
0.6892636106246097
0.692638306357894
0.6325430726603614
0.6892636106246106
0.6926383063579281
0.6325430726604175
0.6892636106245867
0.6926383063578628
0.6325430726603885
0.6892636106245476
0.6926383063579693
0.6325430726603993
0.6892636106245937
0.69263830635793
0.6325430726603627
0.6892636106246105
0.6926383063578829
0.6325430726603689
0.6892636106245436
0.6926383063579694
0.6325430726604607
0.6892636106245764
0.6926383063578595
0.6325430726604009
0.689263610624692
0.6926383063579113
0.6325430726603904
0.6892636106246781
0.6926383063579523
0.6325430726603783
0.689263610624608
0.6926383063579301
0.6325430726603083
0.6892636106246519
0.6926383063579824
0.6325430726604787