0.6746425253682778
0.6774207388641267
0.6692953649874211
0.6746436230117436
0.67742051664334
0.6692972289134101
0.6746440207897365
0.6774201219683047
0.6692969152607792
0.6746436462283532
0.6774204755194754
0.6692971322776347
0.6746425698604577
0.6774207745571623
0.6692955826646019
0.6746409639758943
0.6774215721424919
0.6692943273732832
0.6746391144784875
0.6774222970918362
0.6692922811144771
0.6746373456277166
0.6774230667389831
0.6692905731465046
0.6746359574007732
0.677423701762069
0.6692893079343694
0.6746351982475967
0.6774239378617521
0.6692882572631725
0.6746351971005108
0.6774240748498749
0.6692886992189697
0.6746359497323731
0.6774235734983651
0.6692888765002654
0.6746373203544758
0.6774231948862255
0.6692908962459242
0.6746390834259878
0.6774222071717774
0.66929194060444
0.6746409187083429
0.6774216732880347
0.669294545428568
0.6746351945140023
0.6774241121779916
0.6692887954041487
0.6746359408768492
0.6774235717768291
0.6692888629722211
0.6746373077208954
0.6774231792799918
0.6692908380184264
0.674639070821653
0.6774222675548791
0.6692920886382805
0.6746409231052257
0.6774215891844804
0.6692942967803052
0.6746425389315507
0.6774208372678854
0.6692957000977962
0.6746436350221099
0.6774203837955063
0.6692968191167952
0.6746440276587788
0.6774202587070843
0.6692973543171824
0.6746436437487219
0.6774203302218891
0.6692966906932597
0.6746425516786845
0.6774209320926389
0.6692960229890601
0.674640953062755
0.6774214344721093
0.6692938895941531
0.6746391108747565
0.6774224311884096
0.6692927064660867
0.6746373515121873
0.6774229488153423
0.6692901973051462
0.6746359721811931
0.677423786453575
0.669289607116316
0.6746352125235171
0.6774238638544698
0.6692880592442485
0.6746409647272429
0.6774214198117406
0.6692938481404709
0.674639118061293
0.677422403134492
0.66929262768277
0.6746373481383796
0.6774230046999992
0.6692903821814089
0.6746359567221679
0.6774237144876114
0.6692893380796325
0.6746351979105318
0.6774239766096711
0.6692883898044195
0.6746351947346958
0.6774239889687828
0.6692884214758623
0.6746359446701453
0.6774237059082058
0.6692892750034042
0.6746373239257333
0.6774230242490169
0.669290377247521
0.6746390834235573
0.6774224094312794
0.6692925692818085
0.6746409226336236
0.67742144584569
0.6692938363466763
0.6746425275237956
0.6774209755330136
0.6692961109086287
0.6746436238866159
0.677420274468541
0.6692964804700426
0.6746440150764219
0.6774203582321915
0.6692976267323115
0.6746436464214878
0.677420261989155
0.6692964855366014
0.6746425664570047
0.6774209634914357
0.6692961601319516
0.6746425339008044
0.6774209484368168
0.6692960273256396
0.6746436368701241
0.6774203211067558
0.6692966359180199
0.6746440302192906
0.6774202681439165
0.6692973894359101
0.6746436449734854
0.6774203677650836
0.6692967981458808
0.6746425560786039
0.6774208440546534
0.6692957645535167
0.6746409517989285
0.6774215670386105
0.6692943029606178
0.674639108630777
0.6774222613513906
0.6692921594690326
0.6746373475784412
0.6774231509961679
0.6692908330194248
0.6746359736971279
0.6774235634242753
0.6692889089303792
0.6746352088262872
0.677424101055194
0.6692887919085155
0.6746352015535136
0.6774238717796766
0.6692880566749214
0.6746359410104563
0.677423800936517
0.6692895881041174
0.6746373090629029
0.6774229651731638
0.6692901571485763
0.6746390682586552
0.6774224546168588
0.6692926786674809
0.6746409218119922
0.6774214409505793
0.6692938365106256
0.674635191393777
0.6774239307019476
0.6692882215832046
0.674635942148528
0.677423719660151
0.6692893196153513
0.6746373233664588
0.6774230630786015
0.6692905031162224
0.674639083426968
0.6774223207101527
0.6692922814245101
0.6746409250641734
0.6774215765174529
0.6692942487036277
0.6746425324417085
0.6774208027379882
0.669295591433036
0.6746436213678101
0.6774204790316809
0.669297096538938
0.6746440155034472
0.677420131770884
0.6692969327346472
0.6746436425747051
0.6774205021448293
0.669297226790943
0.6746425641223253
0.6774207233478948
0.6692954022615131
0.6746409631726298
0.6774216535300372
0.6692945769055536
0.674639123435128
0.6774221882030663
0.6692919735718798
0.6746373477140166
0.6774231892352833
0.6692909493174252
0.6746359611643931
0.6774235620928775
0.6692888699842579
0.674635197402814
0.6774240840868149
0.669288734951857
0.6746409511213799
0.6774215783714486
0.6692943259774908
0.6746391060310593
0.6774223016006593
0.6692922820437468
0.6746373471476974
0.6774230665602846
0.669290576009486
0.674635968033516
0.6774236961020248
0.6692893084376393
0.6746352105858782
0.6774239303227843
0.6692882539474604
0.674635202980409
0.6774240708302953
0.6692886961704205
0.6746359454092392
0.677423575924273
0.6692888774767318
0.6746373084187824
0.6774232021477485
0.6692908997293885
0.6746390720038244
0.677422213886461
0.669291942522658
0.674640915779621
0.6774216746614061
0.6692945441341533
0.6746425326559217
0.6774207344697971
0.6692953622038549
0.674643635765764
0.6774205097155559
0.669297227543087
0.6746440308780546
0.677420117069311
0.6692969164732483
0.674643646820663
0.6774204758147202
0.6692971339814355
0.6746425606474017
0.6774207793720042
0.6692955822602908
0.6746425344783421
0.677420839384627
0.6692957001425067
0.6746436230823644
0.6774203893987387
0.6692968172822694
0.6746440162832357
0.6774202645385764
0.6692973541837159
0.6746436405875147
0.6774203324203714
0.6692966930587156
0.6746425586175053
0.6774209287543287
0.6692960242834002
0.6746409658711802
0.6774214271419461
0.6692938874320846
0.6746391212906393
0.6774224248780585
0.6692927031045974
0.6746373523147983
0.6774229484195069
0.669290196488119
0.6746359629846251
0.6774237921858794
0.6692896096648788
0.674635199612887
0.6774238716389767
0.669288062573336
0.6746351861981816
0.6774241169276587
0.669288796242925
0.6746359427517942
0.6774235702867513
0.6692888606900824
0.674637318481108
0.6774231729445908
0.669290835635201
0.674639082941044
0.6774222612722456
0.6692920891477212
0.6746409287503288
0.6774215866583295
0.6692942988406794
0.6746352049424639
0.67742398402853
0.6692884236197516
0.674635945331681
0.677423705618281
0.6692892757374813
0.6746373148878054
0.6774230283765001
0.6692903754736215
0.6746390706444689
0.6774224159196062
0.6692925684168604
0.6746409142492594
0.6774214510559616
0.6692938384442375
0.6746425293042249
0.6774209754927313
0.669296113499585
0.6746436346323057
0.6774202688288556
0.669296480198675
0.6746440273724594
0.6774203510869263
0.669297623706067
0.6746436522732676
0.6774202583647723
0.6692964830386438
0.6746425619298815
0.6774209662337166
0.6692961610879429
0.6746409526136864
0.6774214272988235
0.6692938518708245
0.674639106713182
0.6774224096614685
0.669292630033493
0.674637345056519
0.6774230055702622
0.6692903802529333
0.6746359637001365
0.6774237096957281
0.6692893344759815
0.6746352106935778
0.6774239696020814
0.6692883891736439
0.6746409623475651
0.6774215610789576
0.6692943017938007
0.6746391207372133
0.6774222556668434
0.6692921616470835
0.6746373534405143
0.6774231484131565
0.6692908345368017
0.6746359692231838
0.6774235655555901
0.6692889076647739
0.6746351967278601
0.6774241072205271
0.6692887903310462
0.6746351901433022
0.6774238782191964
0.6692880576153075
0.6746359378417155
0.677423803473941
0.6692895908230642
0.6746373162084118
0.6774229618826451
0.6692901583450955
0.6746390813106273
0.6774224470973148
0.6692926762248974
0.6746409320216311
0.6774214343545133
0.6692938323756084
0.6746425344756388
0.6774209477226227
0.6692960262002416
0.6746436278838974
0.677420326644637
0.6692966395368011
0.6746440174631793
0.6774202757328169
0.6692973933349613
0.6746436365872295
0.6774203718358613
0.6692967974192765
0.6746425578358672
0.677420841952153
0.6692957609214712
0.6746425292004187
0.6774208036877991
0.6692955881659861
0.6746436283670305
0.67742047504407
0.6692970945596429
0.6746440285112205
0.6774201253929208
0.669296933936991
0.6746436529329498
0.6774204972349365
0.6692972282842613
0.6746425650427458
0.6774207228364513
0.6692954014064754
0.674640954407126
0.6774216577121654
0.6692945748054189
0.6746391106538888
0.6774221948790267
0.6692919733019871
0.6746373394101843
0.6774231942223804
0.6692909520167862
0.674635963103627
0.6774235616198885
0.6692888728317719
0.6746352079799589
0.6774240781117258
0.6692887339309214
0.6746352034358724
0.677423923061359
0.6692882171180856
0.6746359478446669
0.6774237157864875
0.669289317248124
0.6746373185636849
0.6774230662435852
0.6692905061927632
0.6746390711479404
0.6774223283787646
0.6692922860003014
0.6746409136774778
0.6774215826363147
0.6692942491139244
0.6746351902974539
0.677424077994046
0.6692886974634615
0.6746359372877027
0.6774235797775225
0.6692888750436935
0.6746373105795525
0.6774232006244225
0.6692908976161385
0.6746390827555461
0.6774222085192424
0.6692919432049036
0.6746409279758938
0.6774216686949228
0.6692945459060637
0.6746425383590302
0.6774207313307509
0.6692953622351544
0.6746436308759393
0.6774205116528913
0.6692972255716834
0.674644018598375
0.6774201231092145
0.6692969153765029
0.674643635305183
0.6774204822576667
0.6692971363058244
0.6746425570972225
0.6774207820750886
0.6692955860185981
0.6746409579439583
0.6774215747083652
0.6692943261234268
0.6746391189654933
0.677422293478491
0.6692922775140634
0.6746373573733201
0.6774230602469383
0.6692905722277147
0.674635968947827
0.6774236962433291
0.6692893100546221
0.6746352019339074
0.6774239361382903
0.6692882582665696
0.674640961171292
0.6774214308450339
0.6692938912181303
0.6746391090060765
0.6774224321025568
0.6692927055055634
0.674637340686616
0.6774229542465533
0.6692901955949564
0.674635959417257
0.6774237934521623
0.669289607668979
0.674635206521382
0.6774238677617357
0.669288062209525
0.6746351990073651
0.6774241103505836
0.6692887976214995
0.6746359526943404
0.6774235650867586
0.6692888612858442
0.6746373192305941
0.677423171867001
0.6692908336459097
0.6746390741684727
0.6774222650409438
0.669292086766822
0.6746409160386123
0.6774215936235602
0.6692942999894939
0.6746425265113176
0.67742084478922
0.6692957042353502
0.6746436252844101
0.6774203887688355
0.6692968188210864
0.674644026932951
0.6774202581241343
0.6692973506024635
0.6746436529402136
0.6774203249469336
0.6692966889151101
0.6746425646626588
0.6774209258231124
0.6692960246956212
0.6746425393454919
0.6774209698061255
0.6692961120324545
0.6746436354157902
0.6774202688789601
0.6692964821614474
0.6746440184577172
0.6774203563719998
0.6692976263001649
0.6746436394561603
0.6774202651485352
0.6692964834286599
0.6746425539956227
0.6774209697221579
0.6692961592858601
0.6746409547864469
0.6774214254836549
0.6692938504615102
0.6746391173296691
0.6774224041772487
0.669292630854124
0.6746373574265623
0.6774229994471097
0.6692903815834798
0.6746359696273788
0.6774237063431745
0.6692893333476667
0.6746352059395007
0.6774239715150823
0.6692883866068784
0.6746351928542998
0.6774239905429928
0.6692884239412256
0.6746359338128535
0.677423712883722
0.6692892796828396
0.674637311217994
0.6774230313448766
0.6692903782603014
0.6746390775200064
0.6774224119763269
0.6692925665703551
0.6746409271278972
0.6774214432183807
0.6692938345066073
0.6746352009832276
0.677423871584188
0.6692880543679653
0.6746359504427144
0.6774237959309478
0.6692895880604395
0.6746373220038655
0.6774229586498987
0.669290158603203
0.6746390763189608
0.6774224502742016
0.6692926788747653
0.67464091986875
0.6774214411787287
0.6692938344009719
0.6746425229647381
0.6774209535504483
0.6692960255592423
0.6746436242586731
0.6774203281409136
0.6692966378652057
0.6746440243012659
0.6774202722793935
0.6692973936551465
0.674643649208319
0.6774203658029407
0.6692967991424281
0.6746425677524553
0.6774208368765902
0.6692957605850567
0.6746409633497137
0.677421559981173
0.6692942991100346
0.6746391120472433
0.6774222600943649
0.6692921605961175
0.6746373406447039
0.6774231560002191
0.6692908371433028
0.6746359612094729
0.6774235705823124
0.6692889107357368
0.6746351988776598
0.6774241059170225
0.6692887900507389
0.6746409505732006
0.6774216600183216
0.6692945766603903
0.6746391175112536
0.677422190574128
0.6692919717432886
0.6746373519914945
0.6774231865385493
0.6692909485885361
0.6746359728673197
0.677423556094244
0.6692888713136991
0.6746352087046705
0.677424078347683
0.6692887361369588
0.6746351944545295
0.6774239286920212
0.6692882201409808
0.6746359351005908
0.6774237226297497
0.6692893171702178
0.6746373108601582
0.6774230698103386
0.6692905038540596
0.6746390734346107
0.6774223272617047
0.6692922854210133
0.6746409244982889
0.6774215776655501
0.6692942508084632
0.6746425418504693
0.6774207971579056
0.6692955885105873
0.6746436344025167
0.6774204711412171
0.669297092141758
0.6746440239005198
0.6774201272597717
0.6692969319840376
0.6746436409093448
0.6774205038458379
0.6692972296750945
0.6746425532513551
0.6774207298078212
0.6692954047890589