0.6831889399196286
0.6810041732613444
0.6598089295762206
0.6831889399196323
0.6810041732613449
0.6598089295762178
0.6831889399196363
0.6810041732613428
0.6598089295762066
0.6831889399196529
0.681004173261363
0.6598089295762432
0.6831889399196391
0.6810041732613736
0.659808929576256
0.6831889399196392
0.6810041732613608
0.6598089295762086
0.6831889399196502
0.68100417326136
0.659808929576214
0.6831889399196416
0.6810041732613659
0.6598089295762559
0.6831889399196664
0.6810041732613742
0.6598089295762704
0.6831889399196422
0.6810041732613527
0.6598089295762083
0.6831889399196369
0.681004173261343
0.6598089295761833
0.6831889399196437
0.6810041732613591
0.6598089295762288
0.683188939919646
0.6810041732613497
0.6598089295762242
0.6831889399196341
0.6810041732613281
0.6598089295761791
0.6831889399196348
0.6810041732613472
0.659808929576215
0.6831889399196338
0.6810041732613472
0.6598089295762182
0.6831889399196296
0.6810041732613515
0.6598089295762505
0.6831889399196436
0.6810041732613599
0.6598089295762322
0.6831889399196331
0.6810041732613481
0.6598089295761939
0.6831889399196533
0.6810041732613689
0.659808929576244
0.6831889399196363
0.6810041732613752
0.6598089295762661
0.6831889399196405
0.6810041732613556
0.6598089295761939
0.6831889399196394
0.6810041732613521
0.6598089295762075
0.6831889399196541
0.6810041732613631
0.6598089295762706
0.6831889399196458
0.68100417326136
0.6598089295762581
0.6831889399196498
0.6810041732613471
0.6598089295761822
0.68318893991963
0.6810041732613366
0.6598089295761798
0.6831889399196417
0.6810041732613479
0.6598089295762377
0.6831889399196422
0.6810041732613489
0.6598089295762228
0.6831889399196504
0.6810041732613425
0.6598089295761754
0.6831889399196504
0.6810041732613458
0.6598089295762061
0.6831889399196407
0.6810041732613583
0.6598089295762314
0.6831889399196357
0.68100417326136
0.6598089295762477
0.6831889399196353
0.6810041732613584
0.6598089295762394
0.6831889399196531
0.6810041732613554
0.6598089295762151
0.6831889399196412
0.6810041732613666
0.6598089295762413
0.6831889399196518
0.6810041732613703
0.6598089295762632
0.6831889399196323
0.6810041732613434
0.6598089295761987
0.683188939919634
0.6810041732613408
0.6598089295761966
0.683188939919654
0.6810041732613555
0.6598089295762344
0.6831889399196467
0.6810041732613562
0.6598089295762513
0.6831889399196404
0.6810041732613377
0.6598089295761926
0.6831889399196336
0.6810041732613363
0.659808929576181
0.6831889399196511
0.6810041732613601
0.6598089295762313
0.6831889399196447
0.6810041732613572
0.6598089295762342
0.6831889399196611
0.6810041732613672
0.6598089295762429
0.6831889399196358
0.6810041732613539
0.6598089295762051
0.6831889399196476
0.6810041732613641
0.659808929576238
0.6831889399196314
0.6810041732613592
0.6598089295762574
0.6831889399196371
0.6810041732613608
0.6598089295762273
0.6831889399196509
0.6810041732613505
0.6598089295762035
0.6831889399196456
0.6810041732613588
0.659808929576243
0.6831889399196371
0.6810041732613563
0.6598089295762424
0.6831889399196334
0.6810041732613381
0.659808929576166
0.6831889399196375
0.6810041732613377
0.6598089295761875
0.6831889399196434
0.6810041732613537
0.6598089295762504
0.6831889399196461
0.6810041732613519
0.6598089295762444
0.6831889399196426
0.6810041732613445
0.6598089295761767
0.6831889399196345
0.6810041732613423
0.6598089295761879
0.683188939919638
0.6810041732613628
0.6598089295762588
0.683188939919643
0.6810041732613761
0.659808929576257
0.6831889399196507
0.6810041732613726
0.6598089295762484
0.6831889399196439
0.6810041732613543
0.659808929576208
0.683188939919636
0.6810041732613594
0.6598089295762228
0.6831889399196303
0.6810041732613563
0.6598089295762489
0.6831889399196401
0.681004173261351
0.6598089295762262
0.6831889399196338
0.6810041732613364
0.6598089295761909
0.6831889399196558
0.6810041732613539
0.6598089295762156
0.6831889399196318
0.6810041732613505
0.6598089295762365
0.6831889399196338
0.6810041732613289
0.6598089295761741
0.6831889399196361
0.6810041732613462
0.6598089295761976
0.6831889399196598
0.6810041732613599
0.6598089295762382
0.6831889399196407
0.6810041732613532
0.6598089295762526
0.6831889399196485
0.6810041732613555
0.6598089295762155
0.6831889399196376
0.6810041732613512
0.6598089295761983
0.6831889399196395
0.6810041732613616
0.659808929576208
0.6831889399196527
0.6810041732613781
0.6598089295762708
0.68318893991964
0.6810041732613648
0.6598089295762395
0.6831889399196519
0.6810041732613479
0.659808929576204
0.6831889399196311
0.6810041732613508
0.6598089295762384
0.6831889399196256
0.6810041732613425
0.6598089295762408
0.6831889399196367
0.6810041732613439
0.6598089295761991
0.6831889399196389
0.681004173261334
0.6598089295761866
0.683188939919642
0.6810041732613434
0.6598089295762233
0.6831889399196389
0.6810041732613501
0.6598089295762377
0.683188939919641
0.681004173261345
0.6598089295761715
0.6831889399196456
0.681004173261347
0.6598089295761996
0.6831889399196531
0.6810041732613636
0.6598089295762704
0.6831889399196636
0.6810041732613734
0.6598089295762719
0.6831889399196441
0.6810041732613571
0.6598089295762027
0.6831889399196435
0.6810041732613616
0.6598089295762173
0.683188939919642
0.6810041732613598
0.6598089295761991
0.6831889399196447
0.6810041732613722
0.6598089295762624
0.6831889399196476
0.6810041732613576
0.6598089295762448
0.6831889399196285
0.6810041732613324
0.6598089295761871
0.6831889399196375
0.6810041732613453
0.659808929576198
0.6831889399196203
0.681004173261341
0.6598089295762308
0.6831889399196298
0.68100417326134
0.6598089295762122
0.6831889399196333
0.6810041732613311
0.6598089295761803
0.68318893991965
0.6810041732613529
0.6598089295762093
0.6831889399196369
0.681004173261357
0.6598089295762459
0.6831889399196391
0.6810041732613499
0.6598089295761959
0.683188939919656
0.6810041732613595
0.6598089295762103
0.6831889399196479
0.6810041732613727
0.6598089295762647
0.6831889399196631
0.6810041732613745
0.659808929576271
0.6831889399196469
0.6810041732613719
0.6598089295762634
0.6831889399196551
0.6810041732613586
0.6598089295762073
0.6831889399196391
0.6810041732613499
0.6598089295761962
0.6831889399196349
0.6810041732613562
0.6598089295762448
0.6831889399196484
0.6810041732613512
0.6598089295762082
0.6831889399196325
0.6810041732613303
0.65980892957618
0.68318893991963
0.68100417326134
0.6598089295762127
0.6831889399196209
0.681004173261342
0.6598089295762328
0.683188939919638
0.6810041732613448
0.659808929576198
0.683188939919631
0.6810041732613339
0.6598089295761893
0.6831889399196491
0.6810041732613588
0.6598089295762456
0.6831889399196458
0.6810041732613732
0.6598089295762637
0.683188939919644
0.6810041732613614
0.6598089295761991
0.683188939919644
0.6810041732613621
0.6598089295762174
0.6831889399196638
0.681004173261375
0.6598089295762699
0.6831889399196627
0.6810041732613724
0.659808929576272
0.6831889399196518
0.681004173261363
0.65980892957627
0.6831889399196449
0.681004173261346
0.6598089295762005
0.6831889399196397
0.6810041732613432
0.6598089295761714
0.6831889399196378
0.6810041732613488
0.6598089295762384
0.6831889399196416
0.681004173261342
0.6598089295762224
0.6831889399196389
0.6810041732613337
0.6598089295761871
0.6831889399196365
0.6810041732613448
0.6598089295761997
0.6831889399196254
0.6810041732613421
0.6598089295762402
0.6831889399196314
0.6810041732613513
0.6598089295762366
0.683188939919654
0.6810041732613488
0.6598089295762049
0.6831889399196411
0.6810041732613665
0.6598089295762393
0.6831889399196541
0.6810041732613803
0.6598089295762718
0.6831889399196408
0.6810041732613612
0.6598089295762068
0.683188939919644
0.681004173261358
0.6598089295762044
0.6831889399196487
0.6810041732613559
0.6598089295762158
0.6831889399196391
0.6810041732613525
0.6598089295762523
0.6831889399196587
0.6810041732613593
0.659808929576237
0.6831889399196356
0.6810041732613457
0.6598089295761964
0.6831889399196329
0.6810041732613281
0.6598089295761731
0.6831889399196313
0.6810041732613514
0.6598089295762375
0.6831889399196558
0.6810041732613534
0.6598089295762137
0.6831889399196338
0.6810041732613369
0.6598089295761911
0.6831889399196409
0.6810041732613505
0.6598089295762252
0.6831889399196306
0.6810041732613573
0.6598089295762499
0.6831889399196375
0.68100417326136
0.6598089295762231
0.6831889399196456
0.681004173261356
0.659808929576209
0.6831889399196519
0.6810041732613743
0.6598089295762515
0.6831889399196436
0.6810041732613761
0.6598089295762566
0.6831889399196387
0.6810041732613521
0.6598089295762005
0.6831889399196343
0.6810041732613424
0.6598089295761874
0.683188939919642
0.6810041732613449
0.659808929576176
0.6831889399196456
0.6810041732613508
0.659808929576244
0.6831889399196426
0.681004173261352
0.6598089295762484
0.6831889399196376
0.6810041732613368
0.6598089295761875
0.6831889399196323
0.6810041732613379
0.659808929576166
0.6831889399196367
0.6810041732613554
0.6598089295762422
0.6831889399196464
0.6810041732613581
0.6598089295762447
0.6831889399196511
0.6810041732613512
0.6598089295762041
0.6831889399196389
0.6810041732613619
0.6598089295762304
0.6831889399196319
0.681004173261361
0.6598089295762573
0.6831889399196486
0.6810041732613653
0.6598089295762399
0.683188939919637
0.6810041732613554
0.6598089295762042
0.6831889399196621
0.6810041732613684
0.6598089295762448
0.6831889399196385
0.6810041732613636
0.6598089295762573
0.6831889399196514
0.6810041732613594
0.6598089295762306
0.6831889399196329
0.6810041732613366
0.6598089295761812
0.6831889399196398
0.6810041732613371
0.6598089295761944
0.6831889399196449
0.6810041732613544
0.6598089295762507
0.6831889399196528
0.6810041732613553
0.6598089295762364
0.6831889399196329
0.6810041732613397
0.6598089295761954
0.6831889399196329
0.6810041732613442
0.6598089295762009
0.6831889399196522
0.6810041732613703
0.6598089295762626
0.683188939919642
0.6810041732613676
0.6598089295762417
0.6831889399196535
0.6810041732613566
0.6598089295762137
0.6831889399196373
0.6810041732613606
0.659808929576239
0.6831889399196376
0.6810041732613614
0.6598089295762476
0.6831889399196415
0.681004173261359
0.659808929576232
0.6831889399196511
0.6810041732613463
0.6598089295762061
0.6831889399196458
0.6810041732613584
0.659808929576236
0.6831889399196429
0.6810041732613483
0.6598089295762226
0.6831889399196412
0.6810041732613474
0.6598089295762385
0.6831889399196294
0.6810041732613354
0.6598089295761773
0.6831889399196491
0.6810041732613457
0.6598089295761818
0.6831889399196442
0.681004173261359
0.6598089295762566
0.6831889399196529
0.6810041732613625
0.6598089295762681
0.6831889399196386
0.6810041732613522
0.6598089295762064
0.6831889399196412
0.6810041732613559
0.6598089295761942
0.6831889399196377
0.6810041732613765
0.6598089295762658
0.6831889399196535
0.6810041732613701
0.6598089295762438
0.6831889399196344
0.6810041732613498
0.6598089295761947
0.6831889399196454
0.6810041732613612
0.6598089295762339
0.6831889399196304
0.6810041732613521
0.6598089295762516
0.683188939919634
0.6810041732613479
0.6598089295762184
0.683188939919651
0.6810041732613437
0.6598089295761782
0.6831889399196338
0.6810041732613276
0.6598089295761782
0.6831889399196451
0.6810041732613494
0.6598089295762234
0.6831889399196419
0.6810041732613575
0.659808929576227
0.6831889399196365
0.6810041732613427
0.6598089295761824
0.6831889399196422
0.681004173261353
0.659808929576209
0.6831889399196649
0.6810041732613725
0.6598089295762704
0.6831889399196409
0.6810041732613658
0.6598089295762559
0.6831889399196502
0.6810041732613601
0.6598089295762151
0.6831889399196396
0.6810041732613616
0.6598089295762102
0.6831889399196414
0.6810041732613747
0.6598089295762588
0.6831889399196538
0.6810041732613643
0.6598089295762433
0.6831889399196382
0.6810041732613438
0.659808929576208
0.6831889399196326
0.6810041732613452
0.6598089295762166
0.6831889399196284
0.6810041732613452
0.65980892957622
0.6831889399196353
0.6810041732613481
0.6598089295762143
0.6831889399196289
0.681004173261341
0.6598089295762104
0.6831889399196495
0.6810041732613361
0.6598089295761723
0.6831889399196361
0.6810041732613499
0.6598089295762324
0.6831889399196487
0.6810041732613648
0.6598089295762609
0.6831889399196421
0.6810041732613531
0.6598089295762021
0.6831889399196469
0.6810041732613623
0.6598089295762111
0.6831889399196547
0.6810041732613694
0.6598089295762734
0.6831889399196553
0.6810041732613696
0.6598089295762721
0.6831889399196482
0.681004173261364
0.6598089295762115
0.6831889399196418
0.6810041732613543
0.659808929576202
0.6831889399196491
0.681004173261366
0.6598089295762612
0.6831889399196376
0.6810041732613519
0.6598089295762324
0.6831889399196505
0.6810041732613384
0.6598089295761727
0.6831889399196295
0.6810041732613421
0.6598089295762111
0.6831889399196274
0.681004173261341
0.6598089295762407