0.669053157386029
0.6699012856547539
0.6587841731666464
0.6690531573860232
0.6699012856547694
0.6587841731666652
0.6690531573860339
0.6699012856547873
0.6587841731666808
0.6690531573860364
0.6699012856547726
0.658784173166673
0.6690531573860123
0.6699012856547477
0.6587841731666586
0.6690531573860364
0.6699012856547448
0.658784173166651
0.6690531573860575
0.669901285654717
0.6587841731666395
0.6690531573860365
0.6699012856546881
0.6587841731666008
0.6690531573860246
0.6699012856546845
0.6587841731665953
0.6690531573860079
0.6699012856546479
0.6587841731665641
0.6690531573859867
0.6699012856546402
0.6587841731665363
0.6690531573860071
0.6699012856546598
0.6587841731665565
0.6690531573860183
0.6699012856546918
0.6587841731665899
0.6690531573860059
0.6699012856546942
0.6587841731665867
0.6690531573860081
0.6699012856547302
0.6587841731666172
0.6690531573861822
0.6699012856549085
0.6587841731669493
0.6690531573861603
0.6699012856549355
0.6587841731669623
0.6690531573861741
0.6699012856549538
0.6587841731669795
0.6690531573861791
0.6699012856549756
0.6587841731670179
0.6690531573861593
0.6699012856549864
0.6587841731669964
0.6690531573861807
0.6699012856550012
0.6587841731670245
0.6690531573861966
0.6699012856550034
0.6587841731670185
0.6690531573861802
0.6699012856550152
0.6587841731670432
0.6690531573861666
0.6699012856549887
0.6587841731670278
0.6690531573861553
0.6699012856549477
0.6587841731669791
0.669053157386168
0.6699012856549427
0.6587841731669848
0.6690531573861813
0.6699012856549258
0.6587841731669734
0.6690531573861802
0.6699012856548887
0.6587841731669403
0.6690531573861552
0.6699012856548866
0.6587841731669309
0.6690531573861662
0.6699012856548959
0.6587841731669395
0.669053157386136
0.6699012856548568
0.6587841731668715
0.6690531573861235
0.6699012856548368
0.658784173166843
0.669053157386122
0.6699012856548264
0.6587841731668576
0.6690531573861309
0.6699012856548243
0.6587841731668247
0.6690531573861132
0.6699012856548303
0.6587841731668291
0.6690531573861356
0.6699012856548501
0.6587841731668442
0.6690531573861354
0.6699012856548887
0.6587841731668763
0.6690531573861155
0.6699012856549169
0.6587841731668995
0.6690531573861491
0.6699012856549285
0.6587841731669266
0.6690531573861409
0.6699012856549567
0.658784173166945
0.6690531573861522
0.6699012856549692
0.6587841731669657
0.6690531573861735
0.6699012856549444
0.6587841731669677
0.6690531573861367
0.66990128565492
0.6587841731669069
0.6690531573861345
0.669901285654906
0.6587841731669206
0.669053157386144
0.6699012856548783
0.6587841731669035
0.6690531573860083
0.6699012856547288
0.6587841731665892
0.6690531573860092
0.6699012856547285
0.6587841731666213
0.6690531573860234
0.6699012856547188
0.6587841731666162
0.66905315738602
0.6699012856547002
0.6587841731665942
0.6690531573860139
0.6699012856546696
0.6587841731665693
0.6690531573860286
0.6699012856546709
0.6587841731665993
0.6690531573860039
0.669901285654656
0.6587841731665723
0.6690531573859773
0.6699012856546191
0.6587841731665032
0.6690531573859977
0.6699012856546578
0.6587841731665554
0.6690531573860139
0.6699012856546754
0.6587841731665438
0.669053157386
0.6699012856546821
0.65878417316656
0.6690531573860019
0.6699012856546928
0.6587841731665594
0.6690531573859884
0.6699012856547155
0.6587841731665591
0.6690531573859897
0.6699012856547213
0.6587841731665621
0.6690531573860055
0.6699012856547311
0.6587841731666033
0.6690531573860456
0.6699012856547608
0.6587841731666708
0.6690531573860539
0.6699012856547919
0.6587841731666914
0.6690531573860654
0.6699012856548235
0.6587841731667319
0.6690531573860712
0.6699012856548132
0.6587841731667146
0.669053157386059
0.6699012856548131
0.6587841731667243
0.6690531573860599
0.6699012856548237
0.6587841731667745
0.669053157386065
0.669901285654779
0.6587841731667183
0.6690531573860359
0.669901285654756
0.6587841731666948
0.669053157386057
0.6699012856547424
0.6587841731666964
0.669053157386064
0.6699012856547264
0.6587841731666919
0.6690531573860564
0.6699012856547095
0.6587841731666535
0.6690531573860581
0.669901285654741
0.6587841731667089
0.669053157386048
0.6699012856547215
0.6587841731666553
0.6690531573860482
0.6699012856547331
0.6587841731666488
0.6690531573860556
0.6699012856547639
0.658784173166691
0.6690531573861815
0.6699012856549263
0.6587841731669902
0.6690531573861704
0.6699012856549238
0.6587841731669559
0.6690531573861931
0.6699012856549661
0.6587841731670199
0.669053157386202
0.6699012856549686
0.6587841731670127
0.66905315738617
0.6699012856549972
0.658784173167017
0.6690531573861717
0.6699012856549983
0.658784173167017
0.6690531573861894
0.6699012856550114
0.6587841731670382
0.669053157386184
0.6699012856550239
0.658784173167029
0.6690531573861995
0.6699012856550202
0.6587841731670754
0.6690531573861984
0.6699012856549947
0.6587841731670383
0.669053157386186
0.6699012856550007
0.6587841731670478
0.6690531573862031
0.6699012856549863
0.658784173167071
0.6690531573861954
0.6699012856549518
0.6587841731670212
0.6690531573861972
0.6699012856549563
0.6587841731670304
0.6690531573862146
0.6699012856549541
0.6587841731670627
0.6690531573860925
0.6699012856548159
0.6587841731667823
0.6690531573860747
0.6699012856547899
0.6587841731667424
0.6690531573861168
0.6699012856547937
0.6587841731668158
0.669053157386112
0.6699012856548111
0.6587841731668307
0.6690531573860979
0.6699012856547909
0.6587841731667787
0.6690531573860936
0.6699012856547941
0.6587841731667864
0.6690531573861052
0.6699012856548344
0.658784173166806
0.6690531573861072
0.6699012856548388
0.6587841731668003
0.6690531573861033
0.6699012856548416
0.6587841731667998
0.6690531573860892
0.6699012856548564
0.6587841731667992
0.6690531573860714
0.6699012856548485
0.6587841731667665
0.6690531573860816
0.6699012856548471
0.6587841731667776
0.66905315738609
0.6699012856548556
0.6587841731668018
0.669053157386088
0.6699012856548461
0.6587841731667902
0.6690531573861107
0.6699012856548459
0.6587841731668432
0.6690531573859909
0.6699012856547235
0.6587841731665647
0.6690531573859877
0.6699012856546915
0.6587841731665274
0.6690531573859941
0.6699012856547104
0.6587841731665721
0.6690531573859976
0.6699012856546813
0.6587841731665675
0.6690531573859837
0.6699012856546496
0.6587841731665168
0.6690531573859938
0.669901285654658
0.6587841731665558
0.6690531573860172
0.669901285654659
0.6587841731665791
0.669053157386011
0.6699012856546485
0.6587841731665488
0.6690531573860169
0.669901285654656
0.6587841731665758
0.669053157385995
0.669901285654658
0.6587841731665594
0.6690531573859868
0.6699012856546469
0.6587841731665175
0.6690531573859976
0.66990128565468
0.6587841731665688
0.6690531573859966
0.6699012856547095
0.6587841731665761
0.66905315738599
0.6699012856546935
0.6587841731665312
0.6690531573859905
0.6699012856547211
0.6587841731665639
0.66905315738611
0.6699012856548409
0.6587841731668412
0.669053157386086
0.6699012856548416
0.658784173166788
0.6690531573860882
0.669901285654853
0.6587841731668005
0.669053157386083
0.6699012856548474
0.6587841731667803
0.6690531573860716
0.6699012856548483
0.6587841731667683
0.6690531573860885
0.6699012856548564
0.6587841731667979
0.6690531573861042
0.6699012856548465
0.6587841731668054
0.6690531573861077
0.669901285654841
0.6587841731668038
0.669053157386104
0.669901285654838
0.6587841731668058
0.669053157386094
0.669901285654795
0.6587841731667894
0.6690531573860957
0.669901285654792
0.6587841731667793
0.6690531573861096
0.6699012856548086
0.6587841731668277
0.669053157386115
0.6699012856547926
0.6587841731668147
0.6690531573860725
0.6699012856547839
0.6587841731667373
0.6690531573860881
0.669901285654812
0.6587841731667781
0.669053157386213
0.669901285654952
0.6587841731670624
0.6690531573861935
0.6699012856549522
0.6587841731670285
0.6690531573861946
0.6699012856549498
0.6587841731670223
0.6690531573862043
0.6699012856549853
0.6587841731670749
0.669053157386186
0.6699012856549977
0.6587841731670501
0.6690531573861951
0.6699012856549911
0.6587841731670354
0.6690531573861991
0.6699012856550136
0.6587841731670738
0.6690531573861819
0.6699012856550228
0.6587841731670296
0.669053157386184
0.6699012856550046
0.6587841731670313
0.6690531573861682
0.6699012856549964
0.6587841731670157
0.6690531573861664
0.669901285654995
0.6587841731670152
0.6690531573861966
0.6699012856549693
0.6587841731670092
0.6690531573861911
0.6699012856549638
0.6587841731670168
0.6690531573861669
0.669901285654922
0.6587841731669533
0.6690531573861798
0.6699012856549238
0.6587841731669872
0.6690531573860553
0.6699012856547651
0.6587841731666945
0.6690531573860425
0.6699012856547284
0.6587841731666431
0.6690531573860427
0.6699012856547177
0.6587841731666493
0.6690531573860545
0.6699012856547354
0.6587841731667032
0.6690531573860512
0.6699012856547057
0.6587841731666505
0.6690531573860604
0.6699012856547188
0.6587841731666845
0.6690531573860531
0.6699012856547379
0.6587841731666935
0.6690531573860343
0.669901285654751
0.6587841731666939
0.6690531573860614
0.6699012856547728
0.6587841731667125
0.6690531573860566
0.6699012856548161
0.6587841731667717
0.6690531573860555
0.6699012856548111
0.6587841731667241
0.6690531573860683
0.6699012856548086
0.658784173166713
0.6690531573860644
0.6699012856548225
0.6587841731667348
0.6690531573860514
0.6699012856547932
0.6587841731666931
0.6690531573860439
0.6699012856547618
0.6587841731666748
0.6690531573860046
0.6699012856547305
0.6587841731666071
0.6690531573859861
0.6699012856547213
0.658784173166562
0.6690531573859864
0.669901285654714
0.6587841731665611
0.6690531573859992
0.6699012856546953
0.6587841731665606
0.6690531573859975
0.6699012856546803
0.658784173166559
0.669053157386011
0.6699012856546762
0.6587841731665436
0.6690531573859944
0.6699012856546569
0.6587841731665541
0.6690531573859752
0.6699012856546203
0.658784173166506
0.6690531573860016
0.6699012856546536
0.6587841731665699
0.6690531573860256
0.6699012856546687
0.658784173166598
0.6690531573860121
0.669901285654664
0.6587841731665672
0.6690531573860173
0.6699012856546938
0.6587841731665902
0.6690531573860206
0.6699012856547137
0.658784173166615
0.6690531573860057
0.669901285654721
0.6587841731666171
0.6690531573860043
0.6699012856547257
0.6587841731665878
0.669053157386141
0.6699012856548728
0.6587841731668996
0.6690531573861309
0.6699012856548954
0.6587841731669123
0.6690531573861354
0.6699012856549189
0.6587841731669073
0.6690531573861743
0.6699012856549409
0.6587841731669692
0.6690531573861516
0.6699012856549682
0.6587841731669672
0.6690531573861392
0.6699012856549573
0.658784173166947
0.6690531573861447
0.6699012856549257
0.6587841731669237
0.669053157386114
0.6699012856549158
0.6587841731668995
0.6690531573861317
0.6699012856548885
0.6587841731668767
0.6690531573861324
0.6699012856548501
0.6587841731668438
0.6690531573861118
0.6699012856548303
0.6587841731668304
0.6690531573861274
0.6699012856548232
0.6587841731668231
0.6690531573861185
0.6699012856548204
0.658784173166853
0.6690531573861174
0.6699012856548286
0.6587841731668344
0.66905315738613
0.669901285654846
0.6587841731668614
0.6690531573861691
0.6699012856548954
0.6587841731669428
0.6690531573861525
0.6699012856548843
0.6587841731669275
0.6690531573861775
0.669901285654884
0.6587841731669352
0.6690531573861798
0.6699012856549207
0.6587841731669688
0.6690531573861647
0.669901285654938
0.6587841731669803
0.6690531573861543
0.6699012856549437
0.6587841731669768
0.6690531573861639
0.6699012856549824
0.6587841731670226
0.669053157386179
0.6699012856550104
0.6587841731670416
0.6690531573861942
0.6699012856550012
0.6587841731670174
0.669053157386178
0.6699012856549958
0.6587841731670214
0.6690531573861576
0.6699012856549875
0.6587841731669991
0.6690531573861751
0.6699012856549744
0.6587841731670179
0.6690531573861731
0.6699012856549573
0.658784173166984
0.6690531573861604
0.6699012856549376
0.6587841731669652
0.669053157386178
0.6699012856549096
0.6587841731669488
0.6690531573860117
0.6699012856547377
0.6587841731666274
0.669053157386007
0.6699012856547002
0.6587841731665913
0.6690531573860171
0.6699012856546951
0.6587841731665921
0.669053157386008
0.6699012856546637
0.6587841731665599
0.6690531573859855
0.6699012856546398
0.658784173166535
0.6690531573860065
0.6699012856546489
0.6587841731665646
0.6690531573860254
0.6699012856546822
0.6587841731665947
0.6690531573860368
0.6699012856546886
0.6587841731666024
0.6690531573860581
0.6699012856547134
0.6587841731666375
0.6690531573860348
0.6699012856547426
0.6587841731666476
0.6690531573860115
0.6699012856547426
0.6587841731666552
0.6690531573860339
0.6699012856547689
0.6587841731666683
0.6690531573860332
0.6699012856547852
0.6587841731666821
0.6690531573860232
0.6699012856547718
0.6587841731666685
0.6690531573860279
0.6699012856547539
0.6587841731666457