0.6714411833336829
0.6688358710139932
0.6883855622307722
0.6714411833366152
0.6688358710139743
0.6883855622311739
0.6714411833473128
0.6688358710192404
0.6883855622390029
0.6714411833488814
0.668835871027302
0.6883855622536865
0.6714411833389651
0.6688358710188439
0.6883855622424448
0.6714411833334133
0.6688358710039597
0.6883855622144125
0.6714411833407223
0.6688358710117002
0.6883855622252218
0.6714411833484484
0.6688358710277886
0.6883855622568805
0.6714411833470626
0.6688358710262589
0.6883855622563962
0.6714411833401057
0.6688358710134008
0.6883855622297905
0.67144118333527
0.6688358710075174
0.6883855622171278
0.6714411833398286
0.6688358710169364
0.6883855622381783
0.6714411833479008
0.6688358710254199
0.6883855622563495
0.6714411833489657
0.6688358710197885
0.6883855622443691
0.6714411833418277
0.668835871014003
0.6883855622317894
0.6714411833397742
0.6688358710222475
0.6883855622481366
0.6714411833332177
0.6688358710118646
0.68838556223038
0.67144118333991
0.6688358710055555
0.6883855622153621
0.6714411833500256
0.6688358710230857
0.6883855622457848
0.6714411833482383
0.6688358710321096
0.6883855622670687
0.6714411833384195
0.6688358710137124
0.6883855622309263
0.671441183334877
0.6688358710034933
0.6883855622052216
0.6714411833385773
0.6688358710161976
0.6883855622315811
0.6714411833452898
0.6688358710288875
0.6883855622604546
0.6714411833481786
0.6688358710237625
0.6883855622484595
0.6714411833408807
0.6688358710093557
0.6883855622199199
0.6714411833347764
0.6688358710104017
0.6883855622257192
0.6714411833394225
0.6688358710201923
0.6883855622453994
0.6714411833476832
0.6688358710190885
0.6883855622414516
0.6714411833488139
0.6688358710192154
0.6883855622414048
0.6714411833487628
0.6688358710299294
0.6883855622607549
0.6714411833400242
0.6688358710233749
0.688385562252601
0.6714411833351621
0.6688358710010306
0.6883855622084778
0.6714411833416358
0.6688358710083346
0.6883855622187908
0.6714411833481634
0.6688358710317064
0.6883855622678812
0.6714411833462361
0.6688358710279644
0.6883855622611934
0.6714411833408065
0.6688358710096793
0.6883855622196828
0.6714411833353584
0.6688358710066368
0.6883855622157098
0.6714411833375367
0.6688358710195214
0.6883855622454615
0.6714411833479068
0.6688358710264356
0.6883855622552835
0.6714411833493217
0.6688358710167026
0.6883855622344031
0.6714411833396587
0.6688358710130142
0.6883855622306168
0.6714411833334828
0.6688358710182283
0.6883855622396557
0.6714411833380127
0.6688358710136142
0.6883855622272135
0.6714411833475165
0.668835871015351
0.6883855622304504
0.6714411833482189
0.6688358710236048
0.688385562248316
0.6714411833478141
0.6688358710354554
0.6883855622742175
0.6714411833393482
0.6688358710125615
0.6883855622291783
0.6714411833352056
0.6688358710005251
0.6883855622019748
0.6714411833388748
0.6688358710191353
0.6883855622421635
0.6714411833452973
0.6688358710303854
0.6883855622672105
0.6714411833495119
0.6688358710207338
0.6883855622442852
0.6714411833428782
0.6688358710093893
0.6883855622237852
0.671441183333966
0.6688358710123012
0.6883855622335603
0.6714411833396154
0.6688358710207498
0.6883855622450725
0.6714411833495472
0.6688358710184421
0.688385562237189
0.6714411833479904
0.6688358710190752
0.6883855622420031
0.6714411833385581
0.668835871024569
0.6883855622525901
0.6714411833337157
0.6688358710126463
0.6883855622265926
0.6714411833396026
0.6688358710034521
0.6883855622086883
0.671441183339493
0.6688358710083032
0.6883855622205071
0.6714411833467427
0.6688358710326163
0.6883855622680422
0.6714411833469802
0.6688358710268236
0.688385562255267
0.6714411833397589
0.6688358710076722
0.6883855622135496
0.6714411833341164
0.6688358710093658
0.6883855622193606
0.6714411833373667
0.668835871020431
0.6883855622443761
0.6714411833486283
0.6688358710233662
0.6883855622467978
0.6714411833504417
0.6688358710182538
0.6883855622376975
0.6714411833385809
0.6688358710156267
0.6883855622370211
0.6714411833333577
0.6688358710166521
0.6883855622357439
0.6714411833405668
0.668835871012603
0.6883855622248312
0.671441183347756
0.6688358710166993
0.6883855622366478
0.6714411833471449
0.6688358710304318
0.6883855622648393
0.6714411833409561
0.6688358710221984
0.6883855622478241
0.6714411833364486
0.6688358710001432
0.6883855622055912
0.6714411833343266
0.668835871002596
0.6883855622098416
0.6714411833386097
0.6688358710181167
0.6883855622406457
0.6714411833476851
0.668835871028463
0.6883855622609695
0.6714411833485457
0.6688358710204577
0.6883855622426508
0.6714411833406964
0.668835871011948
0.6883855622278461
0.6714411833340588
0.6688358710112667
0.6883855622283519
0.6714411833395418
0.6688358710162687
0.6883855622332469
0.6714411833483444
0.6688358710203262
0.6883855622398208
0.6714411833461166
0.6688358710221312
0.6883855622473589
0.6714411833381452
0.6688358710204658
0.6883855622430346
0.6714411833351429
0.6688358710098409
0.6883855622207434
0.6714411833395041
0.6688358710069144
0.6883855622184327
0.6714411833467483
0.6688358710237887
0.6883855622524502
0.6714411833491101
0.6688358710313396
0.6883855622661713
0.6714411833420123
0.6688358710129916
0.6883855622309989
0.6714411833387927
0.6688358710130567
0.6883855622267843
0.671441183333787
0.6688358710080257
0.6883855622186559
0.6714411833402998
0.668835871017316
0.6883855622385708
0.6714411833488936
0.6688358710250782
0.6883855622530977
0.6714411833492681
0.668835871022273
0.6883855622503483
0.6714411833403701
0.6688358710142586
0.688385562236155
0.6714411833345981
0.6688358710119101
0.6883855622266305
0.6714411833392276
0.668835871015014
0.6883855622311605
0.6714411833468112
0.6688358710213096
0.6883855622466448
0.6714411833477818
0.6688358710262268
0.6883855622550037
0.6714411833410792
0.6688358710181772
0.6883855622375974
0.6714411833354549
0.6688358710060324
0.688385562215895
0.6714411833383016
0.6688358710109445
0.6883855622250525
0.6714411833468585
0.6688358710267694
0.6883855622541373
0.6714411833483109
0.6688358710276684
0.6883855622558867
0.6714411833474129
0.6688358710274303
0.6883855622553818
0.671441183338924
0.6688358710119158
0.6883855622264602
0.6714411833352617
0.6688358710061426
0.6883855622155772
0.6714411833401045
0.6688358710171275
0.6883855622351123
0.6714411833472682
0.6688358710254471
0.6883855622536961
0.6714411833475238
0.6688358710219034
0.6883855622482689
0.6714411833402901
0.6688358710159806
0.6883855622334711
0.6714411833346909
0.6688358710117703
0.6883855622267131
0.6714411833393549
0.6688358710131548
0.6883855622338172
0.6714411833485521
0.6688358710217908
0.6883855622486601
0.6714411833492551
0.6688358710257497
0.6883855622539548
0.6714411833410792
0.6688358710182147
0.6883855622401969
0.6714411833340111
0.6688358710080798
0.6883855622190636
0.6714411833381061
0.6688358710119086
0.6883855622251911
0.6714411833478906
0.6688358710269353
0.6883855622549918
0.671441183348847
0.6688358710306539
0.6883855622653539
0.6714411833473892
0.6688358710243452
0.6883855622539394
0.6714411833403519
0.6688358710079774
0.6883855622207433
0.6714411833349869
0.668835871009773
0.6883855622201658
0.671441183337055
0.6688358710194401
0.6883855622404556
0.6714411833454246
0.6688358710216362
0.6883855622459485
0.6714411833489486
0.6688358710209819
0.6883855622410155
0.6714411833406717
0.6688358710171853
0.6883855622355732
0.6714411833341799
0.6688358710111488
0.6883855622287383
0.6714411833398947
0.6688358710109866
0.6883855622260706
0.6714411833479274
0.668835871019788
0.6883855622412731
0.6714411833479405
0.6688358710289395
0.6883855622614139
0.6714411833393625
0.6688358710192917
0.6883855622422272
0.6714411833342592
0.668835871002627
0.6883855622096784
0.671441183341233
0.6688358710118634
0.6883855622292322
0.6714411833401517
0.6688358710211659
0.6883855622455134
0.6714411833467578
0.6688358710298893
0.6883855622638949
0.6714411833485484
0.6688358710174886
0.6883855622389009
0.6714411833416072
0.6688358710134884
0.6883855622269781
0.671441183333348
0.6688358710166293
0.6883855622357412
0.6714411833374798
0.6688358710147905
0.6883855622350628
0.6714411833496601
0.6688358710176354
0.6883855622359594
0.6714411833491677
0.6688358710239687
0.68838556224767
0.6714411833382758
0.6688358710215132
0.6883855622465259
0.6714411833343124
0.668835871009544
0.6883855622200181
0.6714411833391762
0.6688358710066542
0.6883855622123375
0.6714411833464817
0.6688358710260138
0.6883855622541222
0.6714411833471597
0.6688358710333826
0.6883855622692094
0.6714411833400726
0.6688358710094573
0.6883855622221697
0.6714411833362541
0.6688358710001205
0.6883855622051336
0.6714411833335148
0.6688358710124647
0.6883855622257428
0.6714411833374385
0.6688358710235733
0.6883855622500101
0.6714411833474561
0.6688358710186832
0.6883855622412189
0.6714411833502516
0.6688358710189295
0.688385562238371
0.6714411833407811
0.668835871021731
0.6883855622474351
0.6714411833341312
0.6688358710125222
0.6883855622345354
0.6714411833419118
0.6688358710082566
0.6883855622218753
0.6714411833488714
0.6688358710198834
0.6883855622423944
0.6714411833455738
0.6688358710310007
0.6883855622677832
0.6714411833395568
0.6688358710203012
0.688385562243923
0.6714411833353848
0.6688358710005593
0.6883855622022279
0.6714411833387544
0.6688358710114317
0.6883855622274425
0.6714411833474763
0.6688358710349338
0.6883855622736179
0.6714411833487623
0.6688358710243335
0.6883855622500856
0.6714411833403803
0.6688358710043911
0.6883855622106008
0.6714411833389873
0.6688358710144677
0.6883855622291009
0.6714411833332412
0.6688358710181216
0.6883855622391818
0.6714411833385333
0.6688358710121463
0.6883855622286557
0.6714411833485354
0.6688358710157976
0.6883855622321247
0.6714411833484539
0.6688358710269027
0.6883855622557875
0.671441183338623
0.668835871020883
0.6883855622482629
0.6714411833355398
0.6688358710067064
0.6883855622164408
0.6714411833401848
0.6688358710084954
0.6883855622177921
0.6714411833456515
0.668835871027311
0.6883855622598779
0.6714411833483424
0.6688358710323503
0.6883855622687826
0.6714411833422599
0.6688358710092064
0.6883855622201236
0.6714411833350871
0.668835871000852
0.6883855622076835
0.6714411833392229
0.6688358710224118
0.6883855622505972
0.6714411833484135
0.6688358710294041
0.6883855622602095
0.6714411833483795
0.6688358710160368
0.6883855622324795
0.6714411833485563
0.668835871019773
0.6883855622429598
0.6714411833404487
0.6688358710212718
0.6883855622478205
0.6714411833348961
0.6688358710107398
0.6883855622268207
0.6714411833398837
0.6688358710081275
0.6883855622173708
0.671441183347372
0.6688358710227462
0.6883855622458926
0.6714411833456007
0.6688358710296836
0.6883855622615132
0.6714411833393136
0.668835871017301
0.6883855622335964
0.6714411833351128
0.6688358710033894
0.6883855622051223
0.6714411833378741
0.6688358710128613
0.6883855622295771
0.6714411833478066
0.6688358710317275
0.6883855622667554
0.6714411833505047
0.6688358710236267
0.6883855622470841
0.671441183340602
0.6688358710063715
0.6883855622164983
0.6714411833329417
0.6688358710118176
0.68838556222962
0.6714411833386545
0.6688358710211788
0.6883855622457893
0.6714411833484399
0.6688358710187035
0.6883855622405064
0.6714411833483979
0.6688358710190323
0.688385562242437
0.6714411833483951
0.668835871025975
0.6883855622575039
0.6714411833409738
0.6688358710183879
0.6883855622416613
0.6714411833356325
0.6688358710076334
0.6883855622178268
0.6714411833393674
0.6688358710121404
0.6883855622275943
0.6714411833463835
0.6688358710257611
0.6883855622554336
0.6714411833486247
0.668835871028423
0.6883855622578327
0.671441183341372
0.6688358710123464
0.6883855622260576
0.6714411833334376
0.6688358710039103
0.6883855622141433
0.6714411833382886
0.6688358710181729
0.6883855622415034
0.6714411833486166
0.6688358710267734
0.6883855622533486
0.671441183348141
0.6688358710198672
0.6883855622404652
0.6714411833375389
0.6688358710151252
0.688385562233361
0.6714411833332855
0.6688358710138569
0.6883855622304245
0.6714411833406989
0.6688358710128619
0.688385562229233
0.6714411833390332
0.6688358710144064
0.6883855622299241
0.6714411833458614
0.6688358710230794
0.6883855622479199
0.6714411833480189
0.6688358710250278
0.6883855622508304
0.6714411833404805
0.6688358710178037
0.6883855622365599
0.671441183333948
0.6688358710085562
0.6883855622227608
0.6714411833388587
0.6688358710114466
0.6883855622299573
0.6714411833498416
0.6688358710260041
0.6883855622554724
0.6714411833502907
0.6688358710263308
0.6883855622558799
0.6714411833394747
0.668835871012162
0.6883855622308629
0.6714411833336844
0.668835871008684
0.6883855622227021
0.6714411833394812
0.6688358710167058
0.6883855622344914
0.6714411833477145
0.6688358710242934
0.6883855622494857
0.6714411833468201
0.6688358710240434
0.6883855622501995
0.6714411833399542
0.6688358710155715
0.6883855622327626
0.6714411833366288
0.6688358710099279
0.6883855622212365