0.6637266797287312
0.6644761598732016
0.6562807658595788
0.6637266797287348
0.6644761598732003
0.6562807658595693
0.6637266797287379
0.6644761598732208
0.6562807658596029
0.6637266797287209
0.6644761598732135
0.656280765859603
0.6637266797287239
0.6644761598732069
0.6562807658595718
0.663726679728736
0.664476159873223
0.6562807658595908
0.6637266797287371
0.6644761598731842
0.6562807658595415
0.6637266797287149
0.6644761598731921
0.6562807658595553
0.6637266797286893
0.6644761598731972
0.6562807658595209
0.6637266797286875
0.6644761598731486
0.6562807658594942
0.6637266797286964
0.6644761598731683
0.6562807658594827
0.6637266797287145
0.6644761598731642
0.6562807658595181
0.6637266797287185
0.6644761598731735
0.6562807658595022
0.6637266797287072
0.6644761598731789
0.6562807658595385
0.6637266797287248
0.6644761598731949
0.6562807658595383
0.6637266797288471
0.6644761598732505
0.6562807658597092
0.6637266797288399
0.6644761598732487
0.6562807658596983
0.6637266797288389
0.6644761598732649
0.6562807658597347
0.6637266797288403
0.6644761598732637
0.6562807658596982
0.6637266797288337
0.664476159873241
0.6562807658597025
0.6637266797288471
0.6644761598732731
0.6562807658597047
0.6637266797288431
0.6644761598732678
0.6562807658597349
0.6637266797288408
0.6644761598732898
0.65628076585976
0.6637266797288295
0.6644761598732861
0.6562807658597649
0.6637266797288368
0.6644761598732853
0.6562807658597571
0.6637266797288657
0.6644761598732933
0.6562807658598007
0.6637266797288541
0.6644761598732694
0.6562807658597516
0.6637266797288426
0.6644761598732625
0.656280765859748
0.6637266797288494
0.6644761598732799
0.6562807658597571
0.6637266797288448
0.6644761598732545
0.6562807658597305
0.6637266797286521
0.6644761598731438
0.6562807658594622
0.663726679728646
0.6644761598731453
0.656280765859486
0.6637266797286554
0.6644761598731665
0.6562807658594613
0.6637266797286532
0.6644761598731352
0.6562807658594358
0.6637266797286583
0.6644761598731156
0.6562807658593994
0.6637266797286624
0.6644761598731596
0.656280765859443
0.6637266797286399
0.6644761598731315
0.6562807658594001
0.6637266797286472
0.664476159873139
0.6562807658594145
0.6637266797286661
0.6644761598731745
0.656280765859455
0.6637266797286645
0.6644761598731649
0.6562807658594475
0.6637266797286755
0.664476159873165
0.6562807658594849
0.6637266797286631
0.6644761598731558
0.6562807658594624
0.6637266797286467
0.6644761598731623
0.656280765859468
0.663726679728657
0.6644761598731681
0.6562807658594978
0.6637266797286507
0.6644761598731386
0.656280765859474
0.6637266797285727
0.6644761598730933
0.6562807658593355
0.6637266797285925
0.6644761598731261
0.656280765859373
0.6637266797285897
0.6644761598731364
0.6562807658593734
0.6637266797285813
0.6644761598731068
0.6562807658593375
0.663726679728588
0.6644761598730962
0.656280765859347
0.663726679728585
0.6644761598731351
0.6562807658593852
0.6637266797285573
0.6644761598730892
0.6562807658592944
0.6637266797285524
0.6644761598730725
0.6562807658592964
0.6637266797285752
0.6644761598731121
0.6562807658593037
0.6637266797285756
0.6644761598730624
0.6562807658592776
0.6637266797285702
0.6644761598730942
0.6562807658592961
0.6637266797285677
0.6644761598731019
0.656280765859311
0.6637266797285666
0.6644761598730742
0.6562807658592804
0.6637266797285754
0.6644761598731088
0.6562807658593164
0.6637266797285715
0.6644761598730915
0.6562807658593157
0.6637266797287554
0.664476159873181
0.6562807658595902
0.6637266797287737
0.664476159873229
0.6562807658596138
0.6637266797287792
0.6644761598732305
0.6562807658596246
0.6637266797287712
0.664476159873213
0.6562807658595953
0.66372667972876
0.6644761598732165
0.6562807658596219
0.6637266797287709
0.6644761598732515
0.6562807658596392
0.6637266797287622
0.6644761598732277
0.656280765859627
0.6637266797287701
0.6644761598732296
0.6562807658596269
0.6637266797287803
0.6644761598732207
0.6562807658596548
0.6637266797287626
0.6644761598732022
0.6562807658596109
0.6637266797287797
0.6644761598732469
0.656280765859674
0.6637266797287735
0.6644761598732354
0.6562807658596754
0.663726679728764
0.6644761598731952
0.6562807658596004
0.6637266797287896
0.6644761598732337
0.6562807658596681
0.6637266797287669
0.6644761598732187
0.6562807658596249
0.6637266797287896
0.6644761598732276
0.6562807658596567
0.6637266797288083
0.6644761598732302
0.6562807658596933
0.6637266797288296
0.6644761598732598
0.6562807658597245
0.6637266797288102
0.6644761598732483
0.6562807658596973
0.6637266797287998
0.6644761598732309
0.6562807658596577
0.6637266797288086
0.6644761598732662
0.6562807658596833
0.6637266797288264
0.6644761598732727
0.656280765859683
0.6637266797288346
0.6644761598732495
0.6562807658596741
0.6637266797288295
0.6644761598732563
0.6562807658596942
0.6637266797288183
0.6644761598732496
0.6562807658596659
0.6637266797288163
0.6644761598732711
0.6562807658597166
0.6637266797288263
0.6644761598732652
0.6562807658597039
0.6637266797288162
0.6644761598732336
0.6562807658597098
0.6637266797288347
0.6644761598732778
0.6562807658597496
0.6637266797288293
0.6644761598732629
0.6562807658597638
0.6637266797285988
0.6644761598731092
0.6562807658593524
0.663726679728604
0.6644761598731004
0.6562807658593739
0.6637266797286164
0.6644761598731435
0.656280765859425
0.6637266797286028
0.6644761598731204
0.6562807658594008
0.6637266797285876
0.6644761598730973
0.6562807658593521
0.6637266797286034
0.6644761598731386
0.6562807658594092
0.6637266797286151
0.6644761598731294
0.656280765859376
0.663726679728613
0.6644761598731023
0.656280765859369
0.6637266797286122
0.6644761598731326
0.656280765859369
0.6637266797285908
0.6644761598731044
0.6562807658593516
0.6637266797286
0.6644761598731117
0.6562807658593203
0.6637266797286114
0.6644761598731314
0.6562807658593903
0.6637266797286133
0.6644761598731106
0.6562807658593467
0.6637266797286143
0.6644761598731208
0.6562807658593905
0.663726679728615
0.664476159873164
0.6562807658594099
0.6637266797286124
0.6644761598731196
0.6562807658593888
0.6637266797286139
0.6644761598731084
0.6562807658593428
0.6637266797286117
0.6644761598731344
0.656280765859391
0.6637266797285998
0.6644761598731125
0.6562807658593214
0.6637266797285908
0.6644761598731013
0.6562807658593471
0.663726679728612
0.6644761598731344
0.6562807658593702
0.6637266797286163
0.6644761598731076
0.6562807658593743
0.6637266797286172
0.6644761598731298
0.6562807658593771
0.6637266797286057
0.6644761598731388
0.6562807658594112
0.6637266797285931
0.6644761598731036
0.6562807658593586
0.6637266797286042
0.6644761598731206
0.6562807658594021
0.6637266797286188
0.6644761598731443
0.6562807658594274
0.6637266797286047
0.6644761598731022
0.656280765859377
0.6637266797285979
0.6644761598731086
0.6562807658593527
0.6637266797286143
0.6644761598731637
0.6562807658594095
0.6637266797288366
0.6644761598732786
0.6562807658597503
0.6637266797288164
0.6644761598732345
0.656280765859711
0.6637266797288309
0.66447615987327
0.6562807658597105
0.6637266797288209
0.6644761598732756
0.656280765859724
0.6637266797288205
0.66447615987325
0.656280765859667
0.6637266797288311
0.6644761598732576
0.6562807658596945
0.6637266797288376
0.6644761598732538
0.6562807658596788
0.6637266797288298
0.6644761598732741
0.6562807658596841
0.6637266797288093
0.6644761598732665
0.656280765859682
0.6637266797288022
0.6644761598732354
0.6562807658596619
0.6637266797288122
0.6644761598732513
0.6562807658596959
0.6637266797288299
0.6644761598732594
0.6562807658597214
0.6637266797288104
0.66447615987323
0.6562807658596908
0.6637266797287901
0.6644761598732276
0.6562807658596539
0.6637266797288319
0.664476159873266
0.6562807658597658
0.6637266797287926
0.664476159873236
0.6562807658596682
0.6637266797287659
0.6644761598731945
0.6562807658595974
0.6637266797287757
0.6644761598732385
0.6562807658596762
0.6637266797287834
0.6644761598732507
0.656280765859676
0.6637266797287639
0.6644761598732022
0.6562807658596097
0.6637266797287817
0.6644761598732198
0.6562807658596532
0.6637266797287721
0.6644761598732336
0.6562807658596297
0.6637266797287621
0.6644761598732307
0.6562807658596279
0.6637266797287716
0.6644761598732485
0.6562807658596355
0.6637266797287624
0.6644761598732216
0.6562807658596257
0.663726679728772
0.6644761598732158
0.6562807658595957
0.6637266797287805
0.664476159873232
0.656280765859625
0.6637266797287777
0.6644761598732332
0.6562807658596168
0.6637266797287608
0.6644761598731856
0.6562807658595916
0.6637266797287715
0.6644761598732254
0.6562807658596299
0.6637266797285781
0.6644761598731133
0.6562807658593205
0.6637266797285688
0.664476159873073
0.656280765859278
0.6637266797285697
0.6644761598731048
0.6562807658593122
0.6637266797285719
0.664476159873097
0.6562807658592953
0.6637266797285777
0.6644761598730633
0.6562807658592755
0.663726679728576
0.6644761598731128
0.656280765859302
0.6637266797285573
0.6644761598730788
0.6562807658593
0.6637266797285618
0.6644761598730942
0.6562807658592993
0.6637266797285881
0.664476159873135
0.6562807658593832
0.6637266797285939
0.6644761598731019
0.656280765859351
0.6637266797285855
0.6644761598731079
0.6562807658593391
0.6637266797285954
0.6644761598731412
0.6562807658593779
0.6637266797285977
0.6644761598731318
0.6562807658593803
0.6637266797285765
0.6644761598730958
0.6562807658593401
0.6637266797285775
0.6644761598730995
0.656280765859325
0.6637266797286595
0.6644761598731714
0.6562807658595002
0.663726679728649
0.6644761598731612
0.6562807658594694
0.6637266797286686
0.6644761598731639
0.6562807658594698
0.6637266797286789
0.6644761598731695
0.6562807658594897
0.6637266797286687
0.6644761598731688
0.6562807658594529
0.6637266797286695
0.6644761598731779
0.6562807658594574
0.6637266797286494
0.6644761598731403
0.6562807658594153
0.663726679728645
0.664476159873138
0.6562807658594043
0.6637266797286657
0.6644761598731613
0.6562807658594436
0.6637266797286634
0.6644761598731208
0.6562807658594029
0.6637266797286575
0.6644761598731386
0.6562807658594364
0.6637266797286583
0.6644761598731693
0.6562807658594614
0.6637266797286485
0.6644761598731467
0.6562807658594838
0.6637266797286505
0.6644761598731401
0.6562807658594556
0.6637266797286532
0.6644761598731448
0.6562807658594769
0.6637266797288505
0.6644761598732825
0.6562807658597556
0.6637266797288439
0.6644761598732601
0.6562807658597432
0.6637266797288568
0.6644761598732731
0.6562807658597537
0.6637266797288675
0.6644761598732941
0.6562807658597999
0.6637266797288381
0.6644761598732881
0.6562807658597583
0.6637266797288316
0.6644761598732861
0.6562807658597645
0.6637266797288419
0.6644761598732879
0.6562807658597584
0.6637266797288451
0.664476159873274
0.6562807658597409
0.6637266797288495
0.6644761598732736
0.6562807658597042
0.6637266797288355
0.6644761598732436
0.656280765859706
0.6637266797288428
0.664476159873268
0.6562807658597011
0.6637266797288413
0.6644761598732699
0.6562807658597372
0.6637266797288424
0.6644761598732511
0.6562807658597003
0.6637266797288482
0.6644761598732494
0.6562807658597042
0.663726679728845
0.6644761598732561
0.6562807658597296
0.6637266797287105
0.6644761598731856
0.6562807658595463
0.6637266797287187
0.6644761598731714
0.6562807658594996
0.6637266797287154
0.6644761598731643
0.6562807658595173
0.6637266797286964
0.6644761598731672
0.656280765859481
0.6637266797286896
0.6644761598731497
0.6562807658594945
0.6637266797286903
0.6644761598731966
0.6562807658595204
0.6637266797287158
0.6644761598731921
0.656280765859554
0.66372667972874
0.6644761598731886
0.6562807658595464
0.6637266797287361
0.6644761598732214
0.6562807658595888
0.6637266797287249
0.664476159873208
0.6562807658595714
0.6637266797287221
0.6644761598732144
0.6562807658596028
0.6637266797287419
0.6644761598732223
0.6562807658596048
0.6637266797287397
0.6644761598732084
0.656280765859578
0.6637266797287329
0.6644761598732014
0.6562807658595811
0.6637266797287295
0.6644761598731996
0.6562807658595458
0.6637266797285648
0.6644761598731104
0.6562807658593259
0.6637266797285619
0.6644761598730919
0.6562807658593375
0.6637266797285657
0.6644761598731069
0.6562807658593075
0.6637266797285423
0.6644761598730644
0.656280765859281
0.6637266797285334
0.6644761598730782
0.6562807658592672
0.6637266797285715
0.6644761598731062
0.6562807658592955
0.663726679728568
0.6644761598730691
0.6562807658592574
0.6637266797285692
0.6644761598730713
0.6562807658592589
0.6637266797285701
0.6644761598731046
0.6562807658592926
0.663726679728534
0.6644761598730778
0.6562807658592653
0.6637266797285436
0.6644761598730631
0.656280765859278
0.6637266797285656
0.6644761598731072
0.6562807658593047
0.6637266797285648
0.6644761598730968
0.6562807658593406
0.6637266797285641
0.6644761598731049
0.6562807658593195
0.6637266797285559
0.6644761598731119
0.6562807658593631