0.6554067281388627
0.6555771488543276
0.7045516919702183
0.6554067281388796
0.6555771488543396
0.7045516919702204
0.6554067281388696
0.6555771488543294
0.7045516919702167
0.6554067281388691
0.6555771488543276
0.7045516919702219
0.6554067281388611
0.6555771488543263
0.7045516919702155
0.6554067281388534
0.6555771488543178
0.7045516919702126
0.6554067281388607
0.6555771488543254
0.7045516919702175
0.6554067281388596
0.6555771488543244
0.7045516919702204
0.6554067281388452
0.6555771488543134
0.7045516919702166
0.6554067281388619
0.6555771488543234
0.7045516919702177
0.6554067281388678
0.6555771488543246
0.7045516919702134
0.6554067281388626
0.6555771488543306
0.704551691970217
0.6554067281388778
0.6555771488543335
0.7045516919702213
0.6554067281388658
0.6555771488543207
0.7045516919702172
0.6554067281388722
0.6555771488543392
0.7045516919702156
0.6554067281388796
0.6555771488543409
0.7045516919702162
0.6554067281388651
0.6555771488543349
0.7045516919702176
0.655406728138872
0.655577148854334
0.7045516919702186
0.6554067281388694
0.6555771488543247
0.704551691970211
0.6554067281388533
0.6555771488543207
0.7045516919702186
0.6554067281388607
0.6555771488543319
0.7045516919702157
0.6554067281388647
0.655577148854328
0.7045516919702133
0.6554067281388496
0.6555771488543132
0.7045516919702146
0.6554067281388595
0.6555771488543248
0.7045516919702202
0.6554067281388616
0.6555771488543246
0.7045516919702186
0.655406728138859
0.6555771488543278
0.7045516919702168
0.6554067281388762
0.6555771488543297
0.7045516919702157
0.6554067281388591
0.6555771488543212
0.7045516919702162
0.6554067281388685
0.6555771488543329
0.7045516919702173
0.6554067281388631
0.6555771488543217
0.7045516919702159
0.655406728138868
0.655577148854328
0.7045516919702135
0.6554067281388734
0.655577148854333
0.7045516919702178
0.6554067281388691
0.655577148854328
0.7045516919702146
0.6554067281388575
0.6555771488543225
0.7045516919702192
0.6554067281388696
0.655577148854327
0.7045516919702124
0.6554067281388685
0.6555771488543338
0.704551691970219
0.6554067281388513
0.6555771488543172
0.7045516919702179
0.6554067281388698
0.6555771488543243
0.7045516919702138
0.6554067281388675
0.6555771488543227
0.7045516919702166
0.6554067281388596
0.6555771488543298
0.7045516919702244
0.6554067281388697
0.6555771488543268
0.7045516919702205
0.6554067281388587
0.6555771488543142
0.704551691970214
0.6554067281388682
0.6555771488543245
0.7045516919702136
0.6554067281388571
0.6555771488543187
0.7045516919702147
0.6554067281388773
0.6555771488543325
0.7045516919702178
0.6554067281388669
0.6555771488543296
0.7045516919702183
0.6554067281388696
0.6555771488543259
0.7045516919702145
0.6554067281388571
0.6555771488543286
0.7045516919702193
0.6554067281388668
0.6555771488543352
0.7045516919702162
0.6554067281388676
0.6555771488543399
0.7045516919702204
0.6554067281388574
0.6555771488543213
0.704551691970215
0.655406728138868
0.6555771488543316
0.7045516919702195
0.6554067281388647
0.655577148854328
0.7045516919702206
0.6554067281388627
0.6555771488543298
0.7045516919702164
0.6554067281388706
0.6555771488543299
0.7045516919702162
0.6554067281388519
0.6555771488543185
0.7045516919702188
0.6554067281388603
0.6555771488543254
0.7045516919702193
0.6554067281388549
0.655577148854313
0.7045516919702108
0.6554067281388739
0.6555771488543302
0.7045516919702148
0.6554067281388578
0.6555771488543315
0.7045516919702178
0.6554067281388614
0.6555771488543278
0.7045516919702155
0.6554067281388535
0.6555771488543191
0.7045516919702179
0.6554067281388705
0.6555771488543298
0.7045516919702165
0.6554067281388701
0.6555771488543392
0.704551691970221
0.655406728138854
0.6555771488543222
0.7045516919702162
0.6554067281388705
0.6555771488543355
0.7045516919702173
0.6554067281388738
0.6555771488543289
0.7045516919702194
0.6554067281388682
0.655577148854334
0.704551691970221
0.6554067281388717
0.6555771488543309
0.7045516919702182
0.6554067281388588
0.6555771488543187
0.7045516919702147
0.6554067281388622
0.6555771488543265
0.7045516919702144
0.6554067281388543
0.655577148854315
0.7045516919702186
0.6554067281388671
0.655577148854322
0.7045516919702216
0.6554067281388614
0.6555771488543239
0.7045516919702137
0.6554067281388675
0.6555771488543265
0.7045516919702159
0.6554067281388549
0.6555771488543185
0.7045516919702086
0.6554067281388605
0.6555771488543305
0.7045516919702183
0.6554067281388666
0.6555771488543296
0.7045516919702187
0.6554067281388583
0.6555771488543187
0.7045516919702166
0.6554067281388715
0.6555771488543379
0.7045516919702173
0.6554067281388685
0.6555771488543296
0.7045516919702175
0.6554067281388702
0.6555771488543363
0.704551691970219
0.655406728138882
0.6555771488543308
0.7045516919702187
0.6554067281388637
0.6555771488543221
0.704551691970218
0.6554067281388622
0.6555771488543276
0.7045516919702136
0.6554067281388605
0.655577148854319
0.704551691970215
0.6554067281388737
0.6555771488543276
0.7045516919702153
0.6554067281388601
0.6555771488543245
0.704551691970219
0.6554067281388609
0.6555771488543174
0.7045516919702197
0.6554067281388628
0.6555771488543233
0.7045516919702123
0.6554067281388589
0.655577148854328
0.7045516919702146
0.6554067281388662
0.65557714885433
0.7045516919702126
0.6554067281388474
0.6555771488543176
0.7045516919702175
0.6554067281388657
0.6555771488543289
0.7045516919702205
0.6554067281388722
0.6555771488543303
0.7045516919702138
0.6554067281388682
0.655577148854342
0.7045516919702203
0.6554067281388756
0.655577148854334
0.7045516919702183
0.6554067281388668
0.6555771488543276
0.7045516919702157
0.6554067281388745
0.6555771488543312
0.704551691970213
0.6554067281388609
0.6555771488543249
0.7045516919702202
0.6554067281388699
0.655577148854329
0.7045516919702148
0.6554067281388629
0.65557714885433
0.704551691970218
0.6554067281388654
0.6555771488543236
0.7045516919702146
0.6554067281388589
0.6555771488543205
0.7045516919702179
0.6554067281388438
0.6555771488543123
0.7045516919702155
0.6554067281388586
0.6555771488543234
0.7045516919702163
0.6554067281388494
0.6555771488543138
0.704551691970215
0.6554067281388685
0.6555771488543244
0.704551691970214
0.6554067281388654
0.6555771488543247
0.7045516919702157
0.6554067281388654
0.6555771488543336
0.7045516919702237
0.6554067281388821
0.6555771488543307
0.7045516919702142
0.6554067281388671
0.6555771488543283
0.7045516919702188
0.6554067281388696
0.6555771488543283
0.7045516919702173
0.6554067281388667
0.6555771488543263
0.7045516919702193
0.6554067281388821
0.6555771488543303
0.7045516919702144
0.6554067281388667
0.6555771488543345
0.704551691970225
0.6554067281388645
0.655577148854323
0.7045516919702155
0.655406728138867
0.6555771488543223
0.7045516919702133
0.6554067281388485
0.6555771488543143
0.7045516919702154
0.6554067281388584
0.6555771488543245
0.7045516919702159
0.6554067281388438
0.6555771488543136
0.7045516919702164
0.6554067281388581
0.65557714885432
0.7045516919702177
0.6554067281388654
0.6555771488543238
0.7045516919702155
0.6554067281388638
0.6555771488543323
0.7045516919702184
0.6554067281388697
0.6555771488543294
0.7045516919702148
0.65540672813886
0.6555771488543237
0.7045516919702208
0.6554067281388744
0.655577148854331
0.7045516919702127
0.6554067281388674
0.6555771488543283
0.7045516919702159
0.6554067281388753
0.6555771488543326
0.7045516919702182
0.6554067281388675
0.6555771488543398
0.7045516919702199
0.6554067281388734
0.65557714885433
0.7045516919702142
0.655406728138866
0.65557714885433
0.7045516919702192
0.6554067281388471
0.6555771488543165
0.7045516919702173
0.655406728138866
0.6555771488543292
0.7045516919702128
0.6554067281388591
0.65557714885433
0.7045516919702146
0.6554067281388636
0.655577148854326
0.7045516919702137
0.6554067281388614
0.6555771488543181
0.7045516919702195
0.6554067281388601
0.6555771488543232
0.7045516919702193
0.6554067281388738
0.6555771488543276
0.7045516919702153
0.6554067281388611
0.6555771488543201
0.7045516919702147
0.6554067281388614
0.6555771488543264
0.7045516919702137
0.6554067281388629
0.6555771488543201
0.7045516919702164
0.6554067281388817
0.6555771488543306
0.7045516919702179
0.6554067281388706
0.655577148854337
0.7045516919702182
0.6554067281388685
0.6555771488543279
0.7045516919702168
0.6554067281388717
0.6555771488543374
0.7045516919702175
0.6554067281388591
0.6555771488543203
0.7045516919702164
0.6554067281388667
0.6555771488543307
0.7045516919702196
0.6554067281388597
0.6555771488543289
0.704551691970219
0.6554067281388549
0.6555771488543191
0.7045516919702094
0.6554067281388674
0.655577148854327
0.7045516919702153
0.6554067281388614
0.6555771488543252
0.7045516919702128
0.6554067281388668
0.6555771488543206
0.7045516919702213
0.6554067281388538
0.6555771488543127
0.7045516919702179
0.6554067281388629
0.6555771488543274
0.7045516919702144
0.6554067281388598
0.6555771488543196
0.7045516919702155
0.6554067281388712
0.6555771488543288
0.7045516919702177
0.6554067281388676
0.6555771488543325
0.7045516919702216
0.6554067281388742
0.6555771488543299
0.7045516919702199
0.6554067281388708
0.6555771488543363
0.7045516919702183
0.6554067281388538
0.6555771488543214
0.704551691970217
0.6554067281388709
0.6555771488543403
0.7045516919702213
0.6554067281388714
0.6555771488543325
0.7045516919702173
0.6554067281388536
0.6555771488543194
0.7045516919702175
0.6554067281388601
0.6555771488543267
0.7045516919702152
0.6554067281388574
0.6555771488543305
0.7045516919702182
0.6554067281388746
0.6555771488543303
0.7045516919702148
0.6554067281388556
0.655577148854314
0.7045516919702117
0.6554067281388596
0.6555771488543236
0.7045516919702189
0.6554067281388513
0.655577148854317
0.7045516919702195
0.6554067281388702
0.6555771488543309
0.7045516919702164
0.6554067281388625
0.6555771488543303
0.7045516919702157
0.6554067281388642
0.6555771488543265
0.7045516919702205
0.6554067281388682
0.6555771488543319
0.7045516919702185
0.6554067281388578
0.6555771488543236
0.7045516919702158
0.6554067281388682
0.6555771488543408
0.7045516919702208
0.6554067281388665
0.6555771488543342
0.704551691970215
0.6554067281388574
0.6555771488543295
0.7045516919702195
0.6554067281388708
0.655577148854328
0.7045516919702142
0.6554067281388667
0.655577148854329
0.7045516919702184
0.6554067281388765
0.6555771488543303
0.7045516919702173
0.6554067281388563
0.655577148854317
0.7045516919702143
0.6554067281388689
0.6555771488543254
0.7045516919702134
0.6554067281388596
0.6555771488543145
0.704551691970213
0.65540672813887
0.6555771488543254
0.7045516919702206
0.6554067281388598
0.6555771488543295
0.7045516919702243
0.655406728138868
0.6555771488543247
0.7045516919702164
0.6554067281388695
0.6555771488543247
0.7045516919702142
0.6554067281388498
0.6555771488543158
0.704551691970218
0.6554067281388682
0.6555771488543348
0.7045516919702203
0.6554067281388702
0.6555771488543292
0.7045516919702128
0.6554067281388574
0.6555771488543222
0.7045516919702188
0.6554067281388688
0.6555771488543267
0.7045516919702155
0.6554067281388731
0.6555771488543332
0.7045516919702177
0.6554067281388682
0.6555771488543287
0.7045516919702144
0.6554067281388627
0.6555771488543215
0.7045516919702153
0.6554067281388676
0.6555771488543306
0.7045516919702172
0.6554067281388583
0.6555771488543204
0.7045516919702164
0.6554067281388769
0.6555771488543316
0.7045516919702159
0.6554067281388594
0.6555771488543278
0.7045516919702173
0.6554067281388611
0.6555771488543236
0.704551691970219
0.6554067281388604
0.6555771488543258
0.7045516919702208
0.6554067281388506
0.6555771488543158
0.7045516919702154
0.6554067281388649
0.6555771488543286
0.7045516919702127
0.65540672813886
0.6555771488543307
0.7045516919702158
0.6554067281388543
0.6555771488543214
0.704551691970218
0.6554067281388702
0.6555771488543254
0.7045516919702106
0.6554067281388711
0.6555771488543319
0.7045516919702184
0.6554067281388647
0.6555771488543334
0.7045516919702166
0.6554067281388798
0.6555771488543415
0.7045516919702168
0.6554067281388727
0.6555771488543403
0.7045516919702162
0.6554067281388656
0.6555771488543212
0.7045516919702178
0.6554067281388775
0.6555771488543323
0.7045516919702206
0.6554067281388634
0.6555771488543318
0.7045516919702176
0.6554067281388687
0.6555771488543272
0.7045516919702142
0.6554067281388618
0.6555771488543236
0.7045516919702177
0.655406728138845
0.6555771488543125
0.7045516919702164
0.6554067281388596
0.6555771488543254
0.7045516919702202
0.6554067281388603
0.6555771488543262
0.7045516919702168
0.6554067281388525
0.6555771488543162
0.7045516919702126
0.6554067281388605
0.6555771488543249
0.7045516919702145
0.6554067281388696
0.6555771488543289
0.7045516919702222
0.6554067281388705
0.6555771488543295
0.7045516919702176
0.6554067281388793
0.6555771488543377
0.7045516919702195
0.6554067281388618
0.6555771488543262
0.7045516919702188