0.6698934862362134
0.6679980152026721
0.6823347708367958
0.669893486232569
0.667998015206177
0.6823347708361491
0.6698934862399345
0.6679980152123993
0.6823347708481938
0.6698934862504569
0.667998015213126
0.6823347708649468
0.6698934862410757
0.6679980152070254
0.6823347708480328
0.6698934862242489
0.6679980152020024
0.682334770817334
0.6698934862313524
0.6679980152054638
0.6823347708295566
0.6698934862519371
0.6679980152129388
0.6823347708685075
0.6698934862502808
0.6679980152136289
0.6823347708698821
0.6698934862302751
0.6679980152071556
0.6823347708321841
0.6698934862263783
0.6679980152019185
0.6823347708215434
0.6698934862408636
0.6679980152056355
0.6823347708493462
0.6698934862467335
0.667998015212781
0.6823347708644333
0.6698934862408705
0.6679980152114136
0.6823347708540678
0.6698934862382606
0.6679980152051638
0.6823347708414462
0.6698934862420471
0.6679980152079329
0.6823347708490692
0.6698934862329734
0.6679980152045812
0.6823347708368287
0.6698934862269397
0.6679980152053946
0.6823347708211462
0.6698934862435816
0.6679980152115161
0.6823347708492156
0.6698934862561674
0.6679980152137293
0.6823347708773713
0.6698934862384214
0.6679980152064089
0.6823347708466558
0.6698934862206842
0.6679980152005756
0.6823347708082901
0.6698934862347585
0.6679980152048618
0.6823347708333889
0.6698934862543292
0.6679980152125158
0.6823347708781917
0.6698934862456112
0.6679980152138147
0.6823347708630676
0.6698934862281047
0.6679980152060288
0.6823347708242056
0.6698934862319834
0.6679980152012783
0.6823347708294585
0.6698934862430953
0.6679980152071279
0.6823347708536999
0.6698934862417272
0.6679980152118842
0.6823347708532385
0.6698934862401791
0.6679980152108409
0.6823347708451981
0.6698934862471588
0.6679980152135198
0.6823347708613998
0.6698934862467707
0.6679980152092088
0.6823347708662317
0.6698934862255561
0.6679980152009819
0.6823347708212288
0.6698934862256705
0.667998015202701
0.6823347708158025
0.6698934862521964
0.6679980152127499
0.6823347708713694
0.6698934862557876
0.667998015213894
0.6823347708848598
0.6698934862294061
0.6679980152060583
0.6823347708284528
0.6698934862214486
0.6679980152016438
0.6823347708060359
0.6698934862429007
0.6679980152053061
0.6823347708524785
0.6698934862522506
0.6679980152130065
0.6823347708731968
0.6698934862381356
0.6679980152123968
0.6823347708416974
0.6698934862326724
0.6679980152047997
0.6823347708286703
0.6698934862399184
0.6679980152037601
0.6823347708448901
0.6698934862371176
0.6679980152074634
0.6823347708429497
0.6698934862346967
0.6679980152109772
0.682334770835939
0.669893486239679
0.6679980152105863
0.6823347708451698
0.669893486259041
0.6679980152148285
0.682334770889296
0.6698934862414392
0.6679980152064137
0.6823347708531707
0.6698934862173871
0.6679980151990974
0.6823347707995946
0.6698934862325985
0.6679980152062289
0.6823347708314731
0.6698934862567336
0.6679980152143745
0.6823347708867805
0.6698934862459476
0.6679980152131317
0.6823347708624881
0.6698934862249619
0.6679980152068465
0.6823347708138094
0.669893486231405
0.667998015202241
0.6823347708300893
0.6698934862461472
0.667998015206536
0.6823347708611412
0.6698934862419093
0.6679980152125637
0.6823347708499816
0.6698934862367858
0.6679980152108467
0.6823347708399427
0.6698934862431702
0.6679980152069656
0.6823347708549886
0.6698934862375472
0.6679980152040027
0.6823347708457366
0.6698934862253237
0.6679980152038463
0.6823347708174807
0.6698934862239448
0.6679980152022814
0.682334770809915
0.6698934862521896
0.6679980152134563
0.6823347708725997
0.6698934862577355
0.6679980152147794
0.6823347708843757
0.6698934862291732
0.6679980152051491
0.6823347708223056
0.6698934862201211
0.667998015203143
0.6823347708047558
0.6698934862431465
0.6679980152082539
0.6823347708570184
0.6698934862531027
0.6679980152119882
0.6823347708747196
0.6698934862383181
0.6679980152121907
0.6823347708408803
0.669893486231927
0.6679980152066358
0.6823347708344296
0.6698934862393919
0.6679980152029916
0.6823347708506239
0.6698934862378728
0.6679980152065121
0.6823347708428688
0.6698934862347583
0.6679980152112712
0.6823347708376656
0.669893486246473
0.6679980152131659
0.6823347708648212
0.669893486247997
0.6679980152087928
0.682334770867892
0.6698934862263203
0.6679980152007448
0.6823347708172591
0.6698934862192043
0.6679980151999059
0.6823347708012751
0.6698934862318016
0.6679980152063114
0.6823347708329897
0.6698934862556402
0.6679980152150318
0.6823347708819747
0.6698934862469154
0.6679980152116307
0.6823347708599502
0.6698934862261363
0.6679980152054675
0.6823347708174186
0.6698934862306767
0.6679980152029564
0.6823347708302041
0.669893486245442
0.6679980152041685
0.6823347708562486
0.6698934862440775
0.6679980152102869
0.6823347708498548
0.669893486238291
0.6679980152124606
0.6823347708465664
0.6698934862405681
0.6679980152068994
0.6823347708527321
0.6698934862364996
0.6679980152022145
0.6823347708375023
0.6698934862281187
0.6679980152045777
0.682334770820481
0.6698934862394348
0.6679980152120991
0.6823347708485274
0.6698934862559881
0.6679980152153245
0.6823347708837151
0.6698934862418167
0.6679980152075902
0.6823347708488317
0.6698934862334647
0.6679980152057701
0.6823347708327756
0.6698934862208958
0.667998015201861
0.6823347708124821
0.6698934862388838
0.6679980152079299
0.682334770849039
0.6698934862525656
0.6679980152118832
0.6823347708733642
0.6698934862418413
0.6679980152108916
0.6823347708515555
0.6698934862315689
0.6679980152064655
0.6823347708341583
0.6698934862353146
0.6679980152014365
0.6823347708377434
0.6698934862385371
0.6679980152047653
0.6823347708391867
0.6698934862386814
0.6679980152131169
0.6823347708466361
0.6698934862442126
0.6679980152140051
0.6823347708595988
0.6698934862440366
0.6679980152065983
0.6823347708518323
0.669893486229852
0.6679980152011835
0.6823347708213009
0.6698934862268332
0.6679980152043915
0.6823347708196223
0.6698934862474211
0.6679980152125367
0.682334770864894
0.6698934862555257
0.6679980152142189
0.6823347708780311
0.6698934862518057
0.6679980152128542
0.6823347708705236
0.669893486230308
0.6679980152052047
0.6823347708300613
0.6698934862256656
0.6679980152022662
0.6823347708187462
0.6698934862424923
0.667998015206066
0.6823347708499264
0.6698934862493724
0.667998015212276
0.6823347708659462
0.669893486240719
0.6679980152142878
0.6823347708545144
0.6698934862350756
0.6679980152079429
0.6823347708408464
0.6698934862346195
0.6679980152026823
0.6823347708339405
0.6698934862339474
0.6679980152071281
0.6823347708381482
0.6698934862400899
0.6679980152138021
0.6823347708529789
0.6698934862500686
0.667998015212774
0.6823347708674095
0.6698934862435943
0.6679980152067133
0.6823347708525063
0.6698934862257194
0.667998015202284
0.6823347708188819
0.6698934862291337
0.6679980152046183
0.6823347708278836
0.6698934862510322
0.6679980152124289
0.6823347708693507
0.6698934862547291
0.667998015213868
0.6823347708763156
0.669893486248154
0.6679980152129055
0.6823347708664261
0.6698934862279667
0.6679980152049918
0.6823347708220324
0.6698934862298667
0.6679980152011116
0.6823347708208777
0.6698934862429304
0.667998015205775
0.6823347708491136
0.6698934862435064
0.6679980152135416
0.6823347708580081
0.6698934862393936
0.6679980152135987
0.6823347708483436
0.6698934862396366
0.6679980152055226
0.6823347708415819
0.6698934862352395
0.6679980152013272
0.6823347708375953
0.6698934862304171
0.6679980152056268
0.6823347708317558
0.6698934862410747
0.6679980152104643
0.6823347708497138
0.6698934862532067
0.6679980152121507
0.682334770874431
0.669893486240149
0.6679980152084992
0.6823347708511133
0.6698934862209766
0.667998015201957
0.6823347708125389
0.6698934862321871
0.6679980152051594
0.6823347708306482
0.6698934862406218
0.6679980152070144
0.68233477084611
0.6698934862553891
0.6679980152149878
0.682334770882637
0.6698934862402036
0.6679980152126206
0.6823347708506622
0.6698934862291731
0.6679980152052742
0.6823347708228309
0.6698934862364266
0.6679980152021052
0.6823347708372733
0.669893486239452
0.6679980152061447
0.6823347708502403
0.6698934862376584
0.6679980152120086
0.6823347708451919
0.6698934862448258
0.6679980152108596
0.6823347708512273
0.6698934862466186
0.6679980152049962
0.6823347708587879
0.6698934862307553
0.66799801520303
0.6823347708308217
0.6698934862249659
0.6679980152049545
0.6823347708151927
0.6698934862460588
0.6679980152111274
0.6823347708582425
0.669893486256365
0.6679980152152472
0.6823347708830777
0.6698934862330966
0.6679980152069996
0.682334770835354
0.6698934862191975
0.6679980151999791
0.6823347708013928
0.6698934862262016
0.6679980152005993
0.6823347708165142
0.6698934862469622
0.6679980152080192
0.682334770865505
0.6698934862459633
0.6679980152129359
0.6823347708640018
0.6698934862354271
0.6679980152119107
0.6823347708393386
0.6698934862388956
0.6679980152072554
0.6823347708453109
0.6698934862393946
0.6679980152030128
0.6823347708508267
0.6698934862307755
0.6679980152057718
0.6823347708321641
0.6698934862375046
0.667998015211622
0.6823347708387796
0.6698934862537794
0.6679980152123799
0.6823347708757472
0.6698934862444506
0.6679980152089666
0.6823347708598885
0.6698934862202577
0.6679980152034211
0.6823347708052312
0.6698934862279466
0.6679980152046425
0.6823347708201861
0.6698934862569463
0.6679980152142968
0.6823347708830217
0.6698934862529704
0.6679980152138345
0.6823347708744124
0.6698934862250723
0.6679980152028924
0.6823347708124222
0.6698934862262441
0.6679980152043963
0.6823347708191886
0.6698934862374477
0.6679980152036392
0.6823347708452072
0.669893486242136
0.667998015206176
0.682334770852546
0.6698934862360338
0.6679980152104628
0.6823347708381011
0.6698934862425185
0.6679980152130012
0.6823347708511884
0.6698934862474487
0.6679980152074514
0.682334770863978
0.6698934862315519
0.6679980152023413
0.6823347708309189
0.6698934862236555
0.6679980152060756
0.6823347708111708
0.669893486245022
0.6679980152125313
0.6823347708603152
0.6698934862574497
0.6679980152144839
0.6823347708881491
0.6698934862338402
0.6679980152068004
0.6823347708336348
0.6698934862173516
0.6679980151991782
0.682334770799349
0.6698934862402453
0.6679980152058163
0.6823347708507779
0.6698934862584518
0.6679980152145333
0.6823347708883962
0.669893486240424
0.667998015211124
0.6823347708471634
0.6698934862353412
0.6679980152117161
0.6823347708374461
0.6698934862381838
0.6679980152081317
0.6823347708454697
0.669893486240019
0.6679980152037363
0.6823347708452093
0.6698934862314427
0.6679980152040141
0.682334770825856
0.6698934862371884
0.6679980152116269
0.6823347708392461
0.6698934862530596
0.6679980152133925
0.6823347708743749
0.6698934862443304
0.6679980152061848
0.6823347708556642
0.6698934862214544
0.667998015201876
0.6823347708062941
0.6698934862281598
0.6679980152056231
0.6823347708260454
0.6698934862551502
0.6679980152134586
0.6823347708838388
0.6698934862529606
0.6679980152129641
0.6823347708726402
0.6698934862266854
0.6679980152031999
0.6823347708174567
0.669893486225433
0.6679980152008729
0.6823347708205499
0.6698934862457668
0.6679980152085163
0.6823347708638998
0.669893486246661
0.6679980152133572
0.6823347708605625
0.6698934862393726
0.6679980152105484
0.6823347708433687
0.6698934862423963
0.667998015212411
0.6823347708549867
0.6698934862444966
0.667998015208064
0.6823347708571431
0.6698934862321079
0.6679980152015568
0.6823347708301004
0.6698934862267374
0.6679980152051506
0.6823347708213993
0.6698934862448193
0.667998015213138
0.6823347708609925
0.6698934862551558
0.6679980152127873
0.6823347708797842
0.6698934862358289
0.6679980152054337
0.6823347708353621
0.6698934862205916
0.6679980152007259
0.682334770807989
0.669893486237467
0.6679980152060414
0.6823347708452225
0.6698934862556425
0.6679980152135054
0.682334770876635
0.669893486244193
0.6679980152119869
0.6823347708507437
0.6698934862279065
0.6679980152060259
0.68233477082313
0.6698934862329854
0.6679980152042685
0.6823347708364876
0.6698934862409917
0.667998015207026
0.6823347708466205
0.6698934862368857
0.6679980152043079
0.6823347708381033
0.6698934862399557
0.667998015210695
0.6823347708518361
0.6698934862475743
0.66799801521308
0.6823347708661203
0.6698934862421831
0.6679980152066114
0.6823347708523708
0.6698934862262966
0.6679980152021147
0.682334770821835
0.6698934862291146
0.6679980152066181
0.6823347708299601
0.6698934862497202
0.667998015213296
0.6823347708690185
0.6698934862525349
0.6679980152131137
0.6823347708694661
0.6698934862322392
0.6679980152057841
0.6823347708307925
0.6698934862242876
0.6679980152018996
0.6823347708173988
0.6698934862400849
0.6679980152064062
0.6823347708460635
0.6698934862497107
0.667998015212842
0.6823347708637887
0.669893486240589
0.6679980152131504
0.6823347708500249
0.6698934862338304
0.6679980152069023
0.6823347708389862
0.6698934862362715
0.6679980152024025
0.6823347708368874