0.6558268972627281
0.656086175551271
0.7036617200238076
0.6558268972627317
0.6560861755512681
0.7036617200238042
0.6558268972626999
0.6560861755512499
0.7036617200237603
0.655826897262695
0.6560861755512397
0.7036617200238348
0.655826897262728
0.6560861755512564
0.703661720023785
0.6558268972627463
0.656086175551286
0.7036617200237765
0.6558268972627417
0.6560861755512599
0.7036617200238142
0.6558268972626812
0.6560861755512084
0.7036617200237701
0.6558268972626644
0.6560861755512077
0.7036617200237936
0.6558268972626907
0.6560861755512326
0.7036617200237976
0.6558268972627129
0.6560861755512548
0.7036617200237959
0.6558268972627315
0.6560861755512591
0.7036617200237966
0.655826897262729
0.6560861755512701
0.7036617200237929
0.6558268972627315
0.6560861755512791
0.7036617200237931
0.6558268972627518
0.6560861755512846
0.7036617200237671
0.6558268972627336
0.6560861755512717
0.7036617200238029
0.6558268972627113
0.6560861755512875
0.7036617200237851
0.6558268972627179
0.6560861755512534
0.7036617200238143
0.6558268972627195
0.6560861755512336
0.7036617200237772
0.6558268972627497
0.6560861755512918
0.7036617200237983
0.6558268972627632
0.6560861755513012
0.7036617200238143
0.6558268972627157
0.6560861755512437
0.7036617200237614
0.6558268972626922
0.6560861755512171
0.7036617200238224
0.6558268972626622
0.6560861755512242
0.7036617200237957
0.6558268972626846
0.6560861755512287
0.7036617200237661
0.6558268972627093
0.6560861755512186
0.7036617200238202
0.655826897262729
0.6560861755512682
0.7036617200237829
0.6558268972627449
0.6560861755513079
0.703661720023784
0.6558268972627278
0.6560861755512694
0.7036617200237983
0.6558268972627197
0.6560861755512353
0.7036617200237901
0.655826897262699
0.6560861755512486
0.7036617200237941
0.6558268972627185
0.6560861755512575
0.7036617200237854
0.6558268972627284
0.6560861755512689
0.7036617200238006
0.6558268972627693
0.656086175551301
0.7036617200237884
0.6558268972627517
0.6560861755512772
0.7036617200237931
0.6558268972627146
0.6560861755512448
0.7036617200237915
0.6558268972627117
0.6560861755512555
0.7036617200238171
0.6558268972626935
0.6560861755512565
0.7036617200237848
0.6558268972627099
0.6560861755512363
0.703661720023788
0.655826897262678
0.656086175551206
0.7036617200238211
0.6558268972626986
0.6560861755512402
0.7036617200237558
0.6558268972627219
0.6560861755512672
0.703661720023796
0.6558268972627223
0.6560861755512617
0.7036617200238092
0.655826897262733
0.6560861755512641
0.7036617200237665
0.6558268972627109
0.6560861755512577
0.7036617200238257
0.6558268972626979
0.6560861755512462
0.703661720023792
0.6558268972627126
0.6560861755512251
0.70366172002382
0.6558268972627697
0.656086175551303
0.7036617200237625
0.6558268972627602
0.6560861755513119
0.7036617200238027
0.6558268972627302
0.6560861755512502
0.7036617200238021
0.6558268972627024
0.6560861755512322
0.7036617200237856
0.6558268972626937
0.6560861755512575
0.7036617200238087
0.655826897262727
0.6560861755512722
0.7036617200237902
0.6558268972627095
0.6560861755512379
0.7036617200237956
0.6558268972627235
0.656086175551245
0.7036617200237796
0.6558268972626932
0.6560861755512556
0.703661720023794
0.6558268972626937
0.6560861755512332
0.7036617200237807
0.6558268972627097
0.6560861755512224
0.7036617200237735
0.6558268972627059
0.6560861755512479
0.7036617200238312
0.6558268972627135
0.656086175551276
0.7036617200237762
0.6558268972627277
0.656086175551254
0.7036617200237991
0.6558268972627518
0.6560861755512943
0.703661720023769
0.6558268972627488
0.6560861755512734
0.7036617200238238
0.6558268972627317
0.6560861755512537
0.703661720023783
0.6558268972627168
0.6560861755512746
0.703661720023776
0.6558268972627135
0.656086175551265
0.7036617200238263
0.6558268972627203
0.6560861755512509
0.7036617200237695
0.6558268972627145
0.6560861755512454
0.703661720023796
0.6558268972627406
0.6560861755512808
0.703661720023804
0.6558268972627295
0.6560861755512926
0.7036617200237721
0.6558268972627254
0.6560861755512435
0.7036617200237939
0.6558268972626816
0.6560861755512102
0.7036617200237877
0.65582689726268
0.656086175551222
0.703661720023791
0.6558268972626934
0.6560861755512349
0.7036617200237856
0.6558268972626986
0.6560861755512392
0.7036617200238029
0.6558268972627468
0.6560861755512848
0.7036617200237907
0.6558268972627628
0.6560861755513028
0.7036617200237986
0.6558268972627113
0.6560861755512438
0.7036617200237858
0.6558268972627017
0.6560861755512324
0.703661720023796
0.6558268972627159
0.656086175551267
0.7036617200238076
0.6558268972627337
0.6560861755512891
0.7036617200237624
0.6558268972627325
0.6560861755512527
0.7036617200238153
0.65582689726273
0.656086175551256
0.7036617200237938
0.6558268972627309
0.6560861755512983
0.703661720023764
0.6558268972627406
0.656086175551277
0.7036617200238273
0.6558268972627144
0.6560861755512435
0.703661720023783
0.6558268972627106
0.6560861755512346
0.7036617200237809
0.6558268972626594
0.6560861755512192
0.7036617200238089
0.6558268972626686
0.6560861755512115
0.7036617200237747
0.6558268972627104
0.6560861755512171
0.7036617200237948
0.6558268972627452
0.6560861755512675
0.7036617200237755
0.6558268972627064
0.6560861755512335
0.70366172002382
0.6558268972627115
0.6560861755512586
0.7036617200237886
0.655826897262695
0.6560861755512593
0.7036617200237961
0.6558268972627186
0.6560861755512459
0.7036617200237987
0.6558268972627346
0.6560861755512557
0.7036617200237999
0.6558268972627435
0.6560861755512976
0.7036617200237838
0.6558268972627463
0.6560861755513065
0.7036617200237868
0.6558268972627297
0.656086175551255
0.7036617200238117
0.655826897262718
0.6560861755512508
0.7036617200237778
0.6558268972627275
0.6560861755512712
0.7036617200238087
0.6558268972626895
0.6560861755512527
0.7036617200238133
0.6558268972626969
0.6560861755512246
0.7036617200237618
0.6558268972626772
0.656086175551204
0.7036617200238182
0.6558268972627155
0.6560861755512548
0.7036617200237835
0.6558268972626771
0.6560861755512034
0.7036617200238179
0.6558268972626969
0.6560861755512246
0.7036617200237633
0.6558268972626895
0.6560861755512528
0.7036617200238127
0.6558268972627279
0.6560861755512712
0.7036617200238091
0.6558268972627183
0.656086175551251
0.7036617200237776
0.6558268972627298
0.6560861755512558
0.7036617200238116
0.6558268972627463
0.6560861755513072
0.7036617200237867
0.6558268972627432
0.6560861755512981
0.7036617200237838
0.6558268972627348
0.6560861755512565
0.7036617200238005
0.6558268972627187
0.6560861755512466
0.7036617200237973
0.655826897262695
0.6560861755512596
0.7036617200237973
0.6558268972627117
0.6560861755512585
0.7036617200237869
0.6558268972627075
0.6560861755512339
0.7036617200238211
0.6558268972627452
0.6560861755512672
0.7036617200237734
0.6558268972627155
0.6560861755512543
0.7036617200237849
0.6558268972626686
0.6560861755512117
0.7036617200237757
0.65582689726266
0.6560861755512197
0.7036617200238093
0.6558268972627108
0.6560861755512353
0.7036617200237809
0.6558268972627148
0.6560861755512433
0.7036617200237829
0.6558268972627403
0.6560861755512774
0.7036617200238267
0.655826897262731
0.6560861755512987
0.7036617200237651
0.65582689726273
0.6560861755512561
0.7036617200237935
0.6558268972627321
0.6560861755512525
0.7036617200238156
0.6558268972627335
0.656086175551289
0.7036617200237614
0.6558268972627157
0.6560861755512671
0.7036617200238091
0.6558268972627014
0.6560861755512317
0.7036617200237949
0.6558268972627118
0.656086175551244
0.7036617200237871
0.6558268972627636
0.6560861755513026
0.7036617200237983
0.6558268972627466
0.6560861755512853
0.7036617200237923
0.6558268972627099
0.6560861755512173
0.7036617200237946
0.655826897262693
0.6560861755512348
0.7036617200237838
0.65582689726268
0.6560861755512218
0.7036617200237901
0.6558268972626817
0.6560861755512098
0.7036617200237884
0.655826897262725
0.656086175551243
0.7036617200237932
0.6558268972627292
0.6560861755512922
0.703661720023773
0.6558268972627403
0.6560861755512802
0.7036617200238036
0.6558268972627141
0.6560861755512453
0.7036617200237971
0.6558268972627201
0.6560861755512506
0.7036617200237667
0.6558268972627141
0.6560861755512657
0.703661720023828
0.655826897262717
0.6560861755512748
0.703661720023776
0.6558268972627321
0.656086175551254
0.7036617200237835
0.6558268972627491
0.6560861755512736
0.703661720023822
0.6558268972627516
0.656086175551295
0.7036617200237698
0.6558268972627277
0.6560861755512543
0.7036617200238007
0.6558268972626984
0.656086175551239
0.7036617200238036
0.6558268972627062
0.6560861755512482
0.7036617200238297
0.6558268972627098
0.6560861755512224
0.7036617200237746
0.6558268972626937
0.6560861755512333
0.703661720023779
0.655826897262693
0.6560861755512557
0.7036617200237951
0.6558268972627235
0.6560861755512455
0.7036617200237787
0.6558268972627097
0.656086175551239
0.7036617200237967
0.6558268972627279
0.6560861755512721
0.7036617200237887
0.6558268972626942
0.6560861755512571
0.7036617200238087
0.6558268972627027
0.6560861755512326
0.7036617200237852
0.6558268972627301
0.65608617555125
0.7036617200238028
0.6558268972627606
0.656086175551311
0.7036617200238023
0.6558268972627697
0.6560861755513022
0.7036617200237623
0.6558268972627119
0.6560861755512247
0.7036617200238208
0.6558268972626976
0.6560861755512455
0.7036617200237923
0.6558268972627136
0.6560861755512757
0.7036617200237762
0.6558268972627334
0.6560861755512648
0.7036617200237674
0.6558268972627221
0.6560861755512618
0.703661720023809
0.6558268972627217
0.6560861755512672
0.7036617200237971
0.6558268972626982
0.6560861755512394
0.7036617200237547
0.6558268972626782
0.656086175551206
0.7036617200238222
0.6558268972627095
0.656086175551236
0.7036617200237869
0.6558268972626933
0.6560861755512559
0.7036617200237839
0.6558268972627117
0.6560861755512548
0.703661720023818
0.6558268972627146
0.6560861755512448
0.7036617200237919
0.6558268972627516
0.6560861755512772
0.7036617200237923
0.6558268972627694
0.6560861755513008
0.7036617200237878
0.6558268972627286
0.656086175551269
0.7036617200238022
0.655826897262719
0.6560861755512578
0.7036617200237851
0.6558268972626995
0.6560861755512493
0.7036617200237939
0.655826897262711
0.6560861755512576
0.703661720023823
0.655826897262728
0.6560861755512691
0.7036617200237981
0.6558268972627448
0.6560861755513079
0.7036617200237851
0.6558268972627285
0.6560861755512675
0.7036617200237821
0.6558268972627098
0.6560861755512185
0.703661720023821
0.6558268972626854
0.6560861755512292
0.7036617200237658
0.6558268972626622
0.656086175551224
0.7036617200237947
0.6558268972626915
0.6560861755512173
0.7036617200238217
0.655826897262715
0.656086175551244
0.7036617200237623
0.6558268972627634
0.6560861755513018
0.7036617200238163
0.6558268972627496
0.6560861755512926
0.7036617200237971
0.655826897262719
0.6560861755512335
0.7036617200237769
0.6558268972627184
0.6560861755512531
0.7036617200238129
0.6558268972627114
0.6560861755512877
0.703661720023787
0.6558268972627335
0.6560861755512712
0.7036617200238011
0.6558268972627199
0.656086175551235
0.7036617200237913
0.6558268972627317
0.6560861755512801
0.7036617200237943
0.6558268972627289
0.6560861755512706
0.7036617200237931
0.655826897262731
0.6560861755512595
0.7036617200237965
0.6558268972627133
0.6560861755512553
0.7036617200237957
0.6558268972626909
0.6560861755512333
0.7036617200237967
0.6558268972626642
0.6560861755512077
0.7036617200237942
0.6558268972626805
0.6560861755512082
0.7036617200237699
0.6558268972627415
0.6560861755512598
0.7036617200238153
0.6558268972627468
0.6560861755512855
0.7036617200237747
0.6558268972627278
0.6560861755512564
0.7036617200237867
0.6558268972626944
0.6560861755512394
0.7036617200238332
0.6558268972627004
0.6560861755512496
0.7036617200237614
0.6558268972627315
0.656086175551268
0.7036617200238036
0.6558268972627278
0.656086175551271
0.7036617200238093
0.655826897262752
0.6560861755512849
0.7036617200237678
0.6558268972627517
0.6560861755512853
0.7036617200237693
0.6558268972627168
0.6560861755512333
0.7036617200237878
0.6558268972627107
0.656086175551256
0.7036617200238224
0.6558268972627137
0.6560861755512755
0.7036617200237751
0.6558268972626942
0.6560861755512376
0.7036617200238037
0.6558268972627064
0.6560861755512154
0.7036617200237933
0.6558268972627155
0.656086175551253
0.7036617200237822
0.6558268972627158
0.6560861755512535
0.7036617200237798
0.6558268972627067
0.6560861755512155
0.7036617200237927
0.6558268972626943
0.6560861755512377
0.7036617200238029
0.6558268972627137
0.6560861755512758
0.7036617200237774
0.6558268972627106
0.6560861755512565
0.7036617200238224
0.6558268972627175
0.6560861755512337
0.7036617200237877
0.6558268972627516
0.6560861755512855
0.7036617200237695
0.6558268972627419
0.6560861755513164
0.7036617200238161