0.6900332017443278
0.6922585263109517
0.6366049484283522
0.6900332017442885
0.69225852631092
0.6366049484283991
0.6900332017443191
0.6922585263112114
0.6366049484283969
0.69003320174434
0.6922585263112998
0.6366049484284291
0.6900332017443105
0.6922585263110745
0.6366049484282925
0.6900332017442716
0.6922585263111072
0.6366049484283293
0.6900332017442551
0.6922585263110498
0.6366049484283246
0.6900332017442661
0.6922585263108361
0.6366049484282974
0.6900332017443118
0.6922585263110675
0.6366049484283665
0.6900332017443236
0.6922585263110826
0.6366049484284001
0.6900332017443122
0.6922585263110136
0.6366049484283904
0.6900332017443682
0.6922585263112566
0.6366049484283491
0.6900332017443558
0.6922585263113031
0.6366049484284289
0.6900332017442883
0.6922585263110084
0.6366049484283651
0.6900332017443027
0.6922585263110501
0.6366049484283898
0.6900332017442707
0.6922585263109018
0.6366049484284034
0.6900332017443287
0.69225852631102
0.6366049484284173
0.6900332017443163
0.6922585263110445
0.6366049484284109
0.6900332017442519
0.6922585263109948
0.63660494842833
0.6900332017443024
0.6922585263112637
0.6366049484284007
0.6900332017443029
0.6922585263112611
0.6366049484283278
0.6900332017442434
0.6922585263108938
0.6366049484283217
0.6900332017442913
0.6922585263110455
0.6366049484283713
0.6900332017443116
0.6922585263110719
0.6366049484283931
0.690033201744318
0.6922585263109354
0.6366049484283611
0.6900332017443326
0.6922585263110347
0.6366049484283367
0.6900332017443411
0.6922585263111642
0.6366049484283586
0.69003320174437
0.6922585263110959
0.6366049484283276
0.6900332017443307
0.6922585263113014
0.6366049484284131
0.6900332017442865
0.6922585263111272
0.6366049484283444
0.6900332017442933
0.6922585263111816
0.6366049484283895
0.690033201744296
0.6922585263110448
0.6366049484283913
0.690033201744297
0.6922585263107983
0.6366049484283083
0.6900332017442787
0.6922585263110408
0.636604948428355
0.690033201744265
0.6922585263111767
0.6366049484283292
0.6900332017442709
0.6922585263110576
0.636604948428366
0.6900332017443218
0.6922585263112675
0.6366049484283601
0.6900332017443087
0.6922585263111023
0.636604948428402
0.6900332017442707
0.6922585263109424
0.6366049484283829
0.69003320174434
0.6922585263110146
0.6366049484283534
0.6900332017443587
0.6922585263110945
0.6366049484283713
0.6900332017443174
0.692258526310909
0.6366049484283745
0.6900332017443385
0.6922585263111378
0.6366049484283764
0.6900332017443401
0.6922585263112292
0.6366049484283414
0.690033201744289
0.6922585263111387
0.6366049484284281
0.690033201744317
0.6922585263112604
0.6366049484284345
0.6900332017442355
0.6922585263109869
0.6366049484283289
0.6900332017442812
0.6922585263110355
0.6366049484283711
0.6900332017443083
0.6922585263110064
0.6366049484283515
0.6900332017442544
0.6922585263108374
0.6366049484283451
0.6900332017442873
0.6922585263111829
0.6366049484283693
0.6900332017443134
0.6922585263112846
0.6366049484284495
0.6900332017443216
0.6922585263111412
0.6366049484283506
0.6900332017443113
0.6922585263110772
0.6366049484283434
0.6900332017443278
0.6922585263111061
0.6366049484283576
0.6900332017443567
0.6922585263108875
0.6366049484283414
0.6900332017443478
0.6922585263111108
0.6366049484283574
0.6900332017443243
0.6922585263110186
0.6366049484283411
0.6900332017442803
0.6922585263109847
0.6366049484283764
0.6900332017443298
0.6922585263112794
0.6366049484283882
0.6900332017442976
0.6922585263110537
0.6366049484282917
0.6900332017442972
0.692258526311277
0.6366049484283909
0.6900332017442824
0.6922585263111898
0.6366049484283348
0.6900332017442705
0.6922585263108411
0.6366049484283427
0.6900332017443346
0.6922585263110097
0.6366049484283871
0.6900332017443036
0.6922585263110403
0.636604948428431
0.69003320174426
0.6922585263110538
0.6366049484283866
0.6900332017443315
0.6922585263112147
0.6366049484284093
0.6900332017443593
0.6922585263113074
0.6366049484283582
0.6900332017443335
0.6922585263109452
0.6366049484283651
0.690033201744349
0.6922585263111052
0.6366049484283662
0.6900332017443445
0.6922585263110379
0.636604948428345
0.6900332017443214
0.692258526310932
0.6366049484283659
0.6900332017442999
0.6922585263110725
0.6366049484283958
0.6900332017442907
0.6922585263111065
0.6366049484283711
0.6900332017442736
0.6922585263110852
0.6366049484283347
0.6900332017443138
0.6922585263112746
0.6366049484283236
0.690033201744293
0.6922585263110815
0.6366049484283685
0.6900332017443158
0.6922585263112035
0.6366049484283736
0.6900332017443143
0.6922585263110639
0.6366049484284209
0.6900332017443083
0.6922585263108789
0.6366049484283716
0.6900332017442949
0.6922585263109899
0.636604948428366
0.690033201744302
0.692258526311206
0.6366049484283582
0.6900332017443322
0.6922585263110994
0.6366049484284089
0.6900332017443735
0.6922585263113219
0.6366049484283589
0.6900332017443458
0.6922585263110839
0.6366049484283602
0.6900332017442935
0.6922585263109688
0.6366049484283903
0.6900332017443356
0.6922585263110685
0.6366049484284034
0.6900332017443069
0.6922585263110462
0.6366049484283737
0.6900332017442257
0.6922585263108478
0.6366049484283174
0.6900332017442605
0.6922585263110342
0.6366049484283363
0.6900332017442594
0.6922585263109086
0.6366049484283277
0.6900332017443568
0.6922585263112985
0.6366049484283743
0.6900332017443526
0.6922585263113004
0.6366049484284682
0.690033201744284
0.6922585263110743
0.6366049484283887
0.6900332017443034
0.6922585263109857
0.6366049484283772
0.6900332017443308
0.6922585263110148
0.6366049484283738
0.6900332017442958
0.6922585263108403
0.6366049484283799
0.6900332017443034
0.6922585263112109
0.6366049484283612
0.6900332017443463
0.692258526311243
0.6366049484283995
0.6900332017443531
0.6922585263111675
0.6366049484283522
0.6900332017443291
0.6922585263111479
0.6366049484283918
0.6900332017443109
0.6922585263110647
0.6366049484283617
0.6900332017442634
0.6922585263108294
0.6366049484282963
0.6900332017442606
0.6922585263110341
0.6366049484283258
0.690033201744265
0.6922585263108274
0.6366049484282956
0.6900332017443084
0.6922585263110665
0.6366049484283618
0.6900332017443302
0.6922585263111457
0.6366049484283935
0.690033201744351
0.6922585263111671
0.6366049484283531
0.6900332017443451
0.6922585263112422
0.6366049484283995
0.6900332017443053
0.6922585263112107
0.6366049484283609
0.6900332017442965
0.6922585263108407
0.6366049484283788
0.6900332017443318
0.692258526311015
0.6366049484283725
0.6900332017443023
0.692258526310986
0.6366049484283756
0.6900332017442843
0.6922585263110724
0.6366049484283891
0.6900332017443507
0.6922585263112995
0.6366049484284697
0.6900332017443542
0.6922585263112996
0.6366049484283771
0.6900332017442632
0.6922585263109058
0.6366049484283285
0.690033201744259
0.692258526311036
0.6366049484283363
0.6900332017442612
0.6922585263110332
0.6366049484283249
0.6900332017443083
0.6922585263110448
0.6366049484283749
0.6900332017443325
0.6922585263110677
0.6366049484284032
0.6900332017442942
0.6922585263109664
0.6366049484283911
0.6900332017443461
0.6922585263110836
0.6366049484283594
0.6900332017443738
0.6922585263113228
0.6366049484283585
0.6900332017443314
0.6922585263111012
0.6366049484284093
0.690033201744302
0.6922585263112052
0.636604948428358
0.6900332017442948
0.6922585263109898
0.6366049484283671
0.6900332017443058
0.6922585263108785
0.6366049484283735
0.6900332017443147
0.6922585263110603
0.6366049484284201
0.6900332017443147
0.6922585263112035
0.6366049484283719
0.6900332017442921
0.6922585263110821
0.6366049484283669
0.6900332017443158
0.692258526311274
0.6366049484283225
0.6900332017442712
0.6922585263110874
0.636604948428334
0.6900332017442259
0.6922585263108478
0.6366049484283175
0.6900332017442993
0.6922585263110715
0.6366049484283935
0.690033201744321
0.6922585263109333
0.636604948428364
0.6900332017443458
0.6922585263110397
0.6366049484283453
0.6900332017443491
0.6922585263111047
0.6366049484283651
0.690033201744334
0.6922585263109448
0.636604948428364
0.6900332017443593
0.6922585263113086
0.6366049484283598
0.6900332017443334
0.6922585263112124
0.6366049484284085
0.6900332017442591
0.692258526311055
0.6366049484283856
0.6900332017443017
0.6922585263110406
0.6366049484284299
0.6900332017443365
0.6922585263110079
0.6366049484283863
0.6900332017442682
0.6922585263108424
0.6366049484283423
0.6900332017442823
0.6922585263111889
0.6366049484283349
0.6900332017442987
0.6922585263112759
0.6366049484283913
0.6900332017442976
0.6922585263110553
0.6366049484282927
0.6900332017442916
0.6922585263111067
0.6366049484283716
0.6900332017442814
0.6922585263109847
0.6366049484283777
0.6900332017443251
0.6922585263110183
0.636604948428342
0.6900332017443463
0.6922585263111124
0.6366049484283601
0.6900332017443579
0.6922585263108869
0.6366049484283425
0.6900332017443294
0.6922585263111074
0.6366049484283587
0.6900332017443112
0.6922585263110805
0.636604948428344
0.6900332017443253
0.6922585263111398
0.6366049484283492
0.690033201744314
0.6922585263112866
0.6366049484284497
0.6900332017442885
0.6922585263111836
0.6366049484283703
0.6900332017442543
0.6922585263108358
0.6366049484283445
0.6900332017443069
0.6922585263110087
0.6366049484283529
0.6900332017442818
0.6922585263110361
0.636604948428372
0.6900332017442375
0.6922585263109879
0.6366049484283289
0.6900332017443185
0.6922585263112615
0.6366049484284333
0.6900332017443307
0.6922585263112802
0.6366049484283891
0.6900332017443395
0.6922585263112295
0.6366049484283411
0.6900332017443378
0.6922585263111378
0.6366049484283751
0.6900332017443177
0.6922585263109093
0.6366049484283735
0.6900332017443607
0.6922585263110925
0.6366049484283696
0.6900332017443402
0.692258526311015
0.6366049484283527
0.6900332017442703
0.6922585263109443
0.6366049484283854
0.6900332017443092
0.6922585263111017
0.6366049484284024
0.6900332017443209
0.6922585263112695
0.6366049484283625
0.6900332017442703
0.6922585263110581
0.6366049484283673
0.6900332017442661
0.6922585263111757
0.6366049484283283
0.6900332017442792
0.6922585263110411
0.6366049484283538
0.6900332017442985
0.6922585263107968
0.6366049484283073
0.6900332017442959
0.6922585263110445
0.6366049484283911
0.6900332017442932
0.6922585263111821
0.6366049484283897
0.6900332017442893
0.6922585263111405
0.6366049484284296
0.6900332017443319
0.6922585263112994
0.6366049484284115
0.6900332017443683
0.6922585263110954
0.6366049484283269
0.6900332017443397
0.6922585263111638
0.6366049484283602
0.6900332017443314
0.6922585263110337
0.6366049484283376
0.6900332017443155
0.6922585263109358
0.6366049484283609
0.6900332017443125
0.6922585263110715
0.6366049484283924
0.6900332017442916
0.6922585263110453
0.6366049484283682
0.6900332017442437
0.6922585263108932
0.6366049484283198
0.6900332017443023
0.6922585263112604
0.6366049484283265
0.6900332017443025
0.6922585263112631
0.6366049484284002
0.6900332017442499
0.6922585263109935
0.6366049484283309
0.690033201744312
0.6922585263110448
0.6366049484284124
0.6900332017443298
0.6922585263110189
0.6366049484284175
0.6900332017442706
0.6922585263109018
0.6366049484284035
0.690033201744286
0.6922585263111268
0.636604948428343
0.6900332017442896
0.6922585263110063
0.6366049484283662
0.6900332017443515
0.6922585263113039
0.6366049484284296
0.6900332017443688
0.692258526311254
0.6366049484283491
0.6900332017443118
0.692258526311013
0.6366049484283897
0.6900332017443236
0.6922585263110832
0.6366049484284007
0.6900332017443107
0.6922585263110657
0.6366049484283667
0.6900332017442631
0.6922585263108366
0.6366049484282978
0.6900332017442556
0.6922585263110478
0.6366049484283255
0.6900332017442694
0.6922585263111081
0.6366049484283317
0.6900332017443094
0.692258526311073
0.6366049484282921
0.6900332017443416
0.6922585263112988
0.6366049484284281
0.6900332017443176
0.6922585263112123
0.6366049484283953
0.6900332017442896
0.692258526310918
0.6366049484283982
0.6900332017443251
0.6922585263109522
0.6366049484283519
0.6900332017443015
0.69225852631105
0.6366049484283905
0.6900332017443116
0.6922585263110648
0.6366049484283867
0.6900332017443163
0.6922585263111498
0.6366049484283463
0.690033201744334
0.6922585263111738
0.6366049484284342
0.6900332017443687
0.6922585263113147
0.6366049484283921
0.6900332017443307
0.6922585263111165
0.6366049484283822
0.6900332017442459
0.6922585263108589
0.6366049484283249
0.6900332017442814
0.6922585263110277
0.6366049484283358
0.6900332017442827
0.6922585263110269
0.6366049484283358
0.6900332017442431
0.6922585263108609
0.6366049484283238
0.6900332017443316
0.692258526311117
0.636604948428382
0.6900332017443699
0.6922585263113142
0.6366049484283924
0.6900332017443309
0.6922585263111745
0.6366049484284351
0.6900332017443199
0.6922585263111474
0.6366049484283469
0.6900332017443105
0.6922585263110663
0.6366049484283873
0.6900332017443324
0.692258526310807
0.6366049484283545