0.6900356568778518
0.692243481775999
0.6366019626401859
0.6900356568778052
0.6922434817759459
0.6366019626401904
0.6900356568777664
0.6922434817760008
0.6366019626401845
0.6900356568778059
0.6922434817762255
0.63660196264027
0.690035656877823
0.692243481776224
0.636601962640172
0.6900356568777453
0.6922434817758591
0.6366019626401291
0.6900356568777622
0.6922434817760241
0.6366019626401591
0.6900356568777845
0.6922434817760242
0.6366019626401431
0.690035656877758
0.6922434817758194
0.6366019626401325
0.6900356568777721
0.6922434817760411
0.6366019626401971
0.6900356568777677
0.6922434817760971
0.6366019626402184
0.690035656877774
0.6922434817761212
0.6366019626401891
0.6900356568777903
0.6922434817762073
0.6366019626402203
0.6900356568777865
0.6922434817761929
0.6366019626401881
0.6900356568778045
0.6922434817758376
0.6366019626402024
0.6900356568778099
0.6922434817759808
0.6366019626401953
0.6900356568777908
0.6922434817758562
0.6366019626402093
0.6900356568777677
0.6922434817760221
0.636601962640243
0.6900356568777521
0.6922434817761488
0.636601962640196
0.6900356568777398
0.6922434817760267
0.6366019626401902
0.6900356568777987
0.6922434817762355
0.6366019626401389
0.6900356568777757
0.6922434817760748
0.6366019626401638
0.6900356568777605
0.6922434817758288
0.636601962640128
0.6900356568778251
0.6922434817760229
0.6366019626401871
0.6900356568778208
0.6922434817760229
0.6366019626402108
0.6900356568777691
0.6922434817758858
0.6366019626401804
0.6900356568778006
0.6922434817760135
0.6366019626401704
0.690035656877853
0.692243481776257
0.6366019626401633
0.6900356568778359
0.6922434817760593
0.63660196264023
0.6900356568778199
0.6922434817761944
0.636601962640194
0.6900356568777843
0.6922434817760397
0.6366019626401892
0.6900356568777974
0.6922434817760191
0.636601962640247
0.690035656877805
0.6922434817759598
0.6366019626401951
0.6900356568777147
0.692243481775778
0.6366019626401535
0.6900356568777298
0.6922434817761373
0.6366019626401577
0.6900356568777742
0.6922434817762434
0.6366019626402087
0.6900356568777906
0.6922434817760548
0.6366019626401297
0.6900356568778067
0.6922434817761092
0.636601962640198
0.6900356568778012
0.6922434817760645
0.6366019626402226
0.6900356568777859
0.6922434817759069
0.6366019626401968
0.690035656877802
0.6922434817759764
0.6366019626401522
0.6900356568777883
0.6922434817760481
0.6366019626401861
0.6900356568777986
0.6922434817758956
0.6366019626401713
0.6900356568778592
0.6922434817762797
0.6366019626401656
0.6900356568778422
0.6922434817762142
0.6366019626402282
0.6900356568778409
0.6922434817762726
0.6366019626402768
0.6900356568777907
0.6922434817761561
0.6366019626401982
0.6900356568777286
0.6922434817757803
0.6366019626401576
0.6900356568777691
0.6922434817759353
0.6366019626401527
0.6900356568777414
0.6922434817759753
0.6366019626401791
0.6900356568777399
0.6922434817759346
0.6366019626401267
0.690035656877833
0.6922434817762444
0.6366019626402518
0.6900356568778652
0.6922434817762675
0.6366019626402057
0.6900356568778003
0.692243481775966
0.6366019626401958
0.6900356568777988
0.6922434817759934
0.6366019626401733
0.6900356568778059
0.6922434817760512
0.6366019626401708
0.6900356568777919
0.6922434817758378
0.6366019626401721
0.6900356568777869
0.6922434817760678
0.6366019626401869
0.6900356568778079
0.6922434817760561
0.6366019626401714
0.6900356568778334
0.6922434817761416
0.6366019626401949
0.6900356568778425
0.6922434817762619
0.6366019626401768
0.6900356568777539
0.692243481776044
0.6366019626401924
0.690035656877716
0.6922434817761437
0.6366019626401581
0.6900356568777151
0.6922434817759906
0.636601962640177
0.6900356568777326
0.6922434817757558
0.6366019626401446
0.6900356568777695
0.6922434817760166
0.6366019626402187
0.6900356568777912
0.6922434817761814
0.6366019626402264
0.6900356568778083
0.6922434817761365
0.6366019626402543
0.6900356568778568
0.6922434817762098
0.6366019626401507
0.690035656877819
0.6922434817760996
0.63660196264019
0.690035656877796
0.692243481775827
0.63660196264016
0.6900356568778234
0.6922434817760152
0.6366019626401708
0.6900356568778216
0.6922434817759529
0.636601962640155
0.6900356568777893
0.6922434817758987
0.6366019626401842
0.6900356568778234
0.6922434817760992
0.6366019626402275
0.6900356568777659
0.6922434817758767
0.6366019626401342
0.690035656877811
0.6922434817762226
0.6366019626401349
0.6900356568777772
0.6922434817762038
0.636601962640208
0.6900356568777186
0.6922434817759098
0.6366019626401211
0.6900356568777719
0.692243481775979
0.6366019626402153
0.6900356568778201
0.6922434817759724
0.6366019626402182
0.6900356568777801
0.6922434817758856
0.6366019626402217
0.6900356568778048
0.692243481776124
0.636601962640172
0.6900356568778365
0.6922434817762884
0.6366019626402388
0.690035656877831
0.692243481776073
0.6366019626401705
0.6900356568777808
0.6922434817761118
0.6366019626401832
0.6900356568777589
0.6922434817759922
0.6366019626401682
0.6900356568777588
0.6922434817759047
0.636601962640193
0.6900356568778017
0.6922434817760502
0.6366019626402076
0.6900356568777987
0.6922434817760503
0.636601962640202
0.6900356568777668
0.6922434817760434
0.6366019626401602
0.6900356568777583
0.6922434817760861
0.6366019626401606
0.6900356568777554
0.6922434817760373
0.6366019626401259
0.6900356568777816
0.6922434817762426
0.6366019626402462
0.6900356568777641
0.6922434817761585
0.6366019626402224
0.6900356568777639
0.6922434817758809
0.6366019626402202
0.6900356568778396
0.6922434817759325
0.636601962640174
0.690035656877823
0.69224348177604
0.6366019626402124
0.6900356568778119
0.6922434817759755
0.6366019626401707
0.6900356568778363
0.6922434817762595
0.6366019626402395
0.6900356568778376
0.6922434817761803
0.6366019626401453
0.6900356568777725
0.6922434817759341
0.6366019626401918
0.6900356568777908
0.6922434817760279
0.6366019626402193
0.6900356568778169
0.6922434817760235
0.6366019626401813
0.690035656877777
0.6922434817758281
0.6366019626401375
0.6900356568777948
0.6922434817760217
0.636601962640148
0.6900356568777466
0.6922434817758211
0.6366019626401259
0.6900356568777892
0.6922434817760701
0.6366019626401984
0.6900356568778199
0.6922434817762447
0.6366019626401997
0.6900356568777781
0.6922434817761116
0.6366019626402487
0.6900356568777858
0.6922434817761142
0.6366019626401703
0.6900356568778121
0.6922434817760507
0.6366019626402115
0.6900356568778393
0.6922434817758047
0.6366019626401855
0.6900356568778128
0.6922434817760509
0.6366019626402117
0.6900356568777861
0.6922434817761132
0.6366019626401713
0.6900356568777782
0.692243481776113
0.6366019626402486
0.6900356568778185
0.6922434817762453
0.6366019626402003
0.6900356568777877
0.6922434817760703
0.6366019626401976
0.6900356568777465
0.6922434817758216
0.6366019626401259
0.6900356568777957
0.6922434817760221
0.6366019626401498
0.6900356568777786
0.6922434817758283
0.6366019626401365
0.6900356568778179
0.6922434817760252
0.6366019626401823
0.6900356568777883
0.6922434817760306
0.6366019626402184
0.6900356568777698
0.6922434817759366
0.636601962640192
0.690035656877837
0.6922434817761824
0.6366019626401462
0.690035656877837
0.6922434817762603
0.6366019626402397
0.6900356568778127
0.6922434817759733
0.6366019626401709
0.6900356568778249
0.6922434817760397
0.6366019626402114
0.6900356568778414
0.692243481775934
0.6366019626401747
0.6900356568777648
0.6922434817758817
0.6366019626402204
0.6900356568777628
0.6922434817761611
0.6366019626402216
0.6900356568777803
0.6922434817762434
0.6366019626402484
0.6900356568777557
0.6922434817760383
0.6366019626401258
0.6900356568777578
0.6922434817760849
0.6366019626401596
0.6900356568777682
0.6922434817760428
0.6366019626401617
0.6900356568777966
0.6922434817760506
0.6366019626402014
0.690035656877803
0.6922434817760492
0.636601962640208
0.6900356568777626
0.6922434817759034
0.636601962640193
0.6900356568777618
0.6922434817759894
0.6366019626401673
0.6900356568777843
0.6922434817761095
0.6366019626401823
0.6900356568778295
0.6922434817760736
0.6366019626401711
0.6900356568778343
0.6922434817762891
0.6366019626402403
0.6900356568778019
0.6922434817761267
0.6366019626401713
0.690035656877779
0.6922434817758871
0.6366019626402232
0.6900356568778214
0.6922434817759708
0.636601962640218
0.6900356568777759
0.6922434817759785
0.636601962640214
0.690035656877723
0.6922434817759079
0.6366019626401223
0.6900356568777777
0.6922434817762031
0.6366019626402064
0.6900356568778092
0.6922434817762229
0.6366019626401351
0.690035656877765
0.6922434817758772
0.636601962640134
0.6900356568778235
0.6922434817760982
0.636601962640228
0.69003565687779
0.6922434817758966
0.6366019626401833
0.6900356568778203
0.6922434817759541
0.6366019626401553
0.6900356568778194
0.6922434817760175
0.6366019626401718
0.690035656877794
0.6922434817758276
0.6366019626401588
0.6900356568778179
0.6922434817760994
0.63660196264019
0.6900356568778591
0.6922434817762058
0.6366019626401499
0.6900356568778101
0.6922434817761316
0.6366019626402523
0.6900356568777919
0.6922434817761792
0.6366019626402275
0.6900356568777711
0.6922434817760161
0.6366019626402177
0.69003565687773
0.6922434817757589
0.6366019626401449
0.6900356568777123
0.692243481775993
0.6366019626401785
0.6900356568777137
0.6922434817761445
0.6366019626401576
0.6900356568777524
0.692243481776043
0.6366019626401924
0.6900356568778435
0.6922434817762592
0.6366019626401761
0.6900356568778294
0.6922434817761436
0.6366019626401948
0.6900356568778068
0.6922434817760563
0.6366019626401708
0.6900356568777862
0.6922434817760681
0.6366019626401869
0.6900356568777908
0.6922434817758383
0.6366019626401724
0.6900356568778074
0.6922434817760494
0.6366019626401694
0.6900356568777963
0.6922434817759935
0.6366019626401748
0.6900356568777974
0.6922434817759673
0.6366019626401955
0.6900356568778616
0.6922434817762688
0.6366019626402049
0.6900356568778295
0.6922434817762468
0.6366019626402537
0.6900356568777387
0.692243481775935
0.6366019626401258
0.6900356568777406
0.6922434817759748
0.6366019626401789
0.6900356568777715
0.6922434817759331
0.6366019626401525
0.6900356568777304
0.6922434817757799
0.636601962640158
0.6900356568777886
0.6922434817761549
0.6366019626401977
0.6900356568778394
0.6922434817762719
0.6366019626402764
0.690035656877843
0.6922434817762146
0.6366019626402276
0.6900356568778614
0.6922434817762777
0.6366019626401642
0.6900356568778014
0.692243481775895
0.6366019626401727
0.6900356568777892
0.6922434817760488
0.6366019626401855
0.6900356568778023
0.6922434817759747
0.6366019626401507
0.6900356568777843
0.6922434817759068
0.6366019626401971
0.6900356568778033
0.6922434817760653
0.6366019626402231
0.6900356568778074
0.6922434817761072
0.6366019626401973
0.6900356568777909
0.6922434817760542
0.6366019626401302
0.6900356568777766
0.6922434817762428
0.6366019626402091
0.6900356568777299
0.6922434817761378
0.6366019626401579
0.6900356568777162
0.6922434817757792
0.6366019626401549
0.6900356568778037
0.6922434817759608
0.6366019626401949
0.6900356568777973
0.6922434817760199
0.6366019626402466
0.6900356568777858
0.692243481776039
0.6366019626401904
0.6900356568778208
0.6922434817761957
0.6366019626401935
0.6900356568778367
0.6922434817760605
0.6366019626402306
0.6900356568778527
0.6922434817762592
0.6366019626401651
0.6900356568777988
0.6922434817760167
0.6366019626401705
0.6900356568777697
0.6922434817758877
0.6366019626401812
0.6900356568778228
0.6922434817760241
0.6366019626402117
0.6900356568778254
0.6922434817760221
0.6366019626401864
0.6900356568777624
0.6922434817758274
0.6366019626401285
0.6900356568777777
0.6922434817760752
0.6366019626401636
0.6900356568777994
0.6922434817762355
0.6366019626401394
0.6900356568777395
0.6922434817760287
0.6366019626401893
0.6900356568777521
0.6922434817761505
0.6366019626401973
0.6900356568777686
0.6922434817760235
0.6366019626402439
0.6900356568777918
0.6922434817758564
0.6366019626402069
0.690035656877811
0.6922434817759797
0.6366019626401971
0.6900356568778032
0.6922434817758395
0.6366019626402005
0.690035656877786
0.6922434817761929
0.6366019626401886
0.6900356568777937
0.6922434817762075
0.6366019626402217
0.6900356568777777
0.6922434817761205
0.6366019626401875
0.6900356568777695
0.6922434817760958
0.636601962640219
0.6900356568777715
0.6922434817760426
0.6366019626401968
0.6900356568777568
0.692243481775823
0.6366019626401332
0.6900356568777819
0.6922434817760279
0.6366019626401442
0.6900356568777606
0.6922434817760266
0.6366019626401596
0.6900356568777448
0.6922434817758599
0.6366019626401307
0.6900356568778252
0.6922434817762237
0.63660196264017
0.6900356568778093
0.692243481776225
0.6366019626402712
0.6900356568777671
0.6922434817760013
0.6366019626401839
0.6900356568778048
0.6922434817759473
0.6366019626401904
0.6900356568778507
0.6922434817760003
0.6366019626401883