0.6889361372625455
0.6933972506898081
0.6276661606217979
0.6889361372626874
0.6933972506897941
0.6276661606217615
0.6889361372627059
0.693397250689916
0.627666160621887
0.6889361372627076
0.6933972506901966
0.627666160621752
0.6889361372626321
0.6933972506899502
0.6276661606218665
0.6889361372626891
0.6933972506900593
0.6276661606218013
0.6889361372626974
0.6933972506899347
0.6276661606217493
0.68893613726258
0.6933972506896959
0.6276661606218039
0.6889361372626053
0.6933972506898116
0.6276661606217668
0.6889361372626271
0.6933972506898936
0.6276661606217423
0.688936137262716
0.6933972506902091
0.6276661606218479
0.6889361372627103
0.6933972506900247
0.6276661606219316
0.6889361372626568
0.6933972506899329
0.627666160621659
0.6889361372626647
0.6933972506900064
0.6276661606219094
0.6889361372625538
0.6933972506895569
0.627666160621724
0.6889361372626811
0.6933972506897876
0.6276661606217573
0.6889361372625784
0.6933972506897157
0.627666160621782
0.6889361372627285
0.6933972506900529
0.6276661606218479
0.688936137262619
0.6933972506898352
0.6276661606218248
0.6889361372626737
0.6933972506900399
0.6276661606217084
0.6889361372626892
0.6933972506899759
0.627666160621868
0.688936137262646
0.6933972506899269
0.6276661606218366
0.6889361372627201
0.6933972506900499
0.6276661606217089
0.6889361372625047
0.6933972506896493
0.6276661606217975
0.6889361372626306
0.6933972506899566
0.6276661606218112
0.6889361372627086
0.6933972506899708
0.6276661606218074
0.6889361372626583
0.6933972506899366
0.627666160621761
0.6889361372626641
0.6933972506901032
0.6276661606219457
0.6889361372625238
0.6933972506896893
0.6276661606216285
0.6889361372626588
0.6933972506899938
0.6276661606219104
0.6889361372627043
0.6933972506899118
0.6276661606218967
0.6889361372627326
0.693397250690057
0.6276661606218492
0.6889361372624975
0.6933972506896413
0.6276661606217167
0.6889361372627004
0.6933972506899041
0.6276661606217977
0.6889361372626894
0.6933972506898762
0.627666160621832
0.6889361372626465
0.6933972506899218
0.627666160621743
0.6889361372627204
0.6933972506900978
0.627666160621831
0.6889361372625877
0.6933972506899
0.6276661606218353
0.688936137262756
0.6933972506902062
0.6276661606217602
0.6889361372625962
0.6933972506897356
0.627666160621872
0.688936137262595
0.6933972506897065
0.6276661606217235
0.6889361372626704
0.6933972506900621
0.6276661606218279
0.6889361372625339
0.6933972506897068
0.6276661606217266
0.6889361372626717
0.6933972506901107
0.6276661606219518
0.6889361372626571
0.6933972506899242
0.6276661606216714
0.6889361372627061
0.6933972506901914
0.6276661606217564
0.6889361372626208
0.6933972506898373
0.6276661606218265
0.688936137262699
0.693397250689903
0.6276661606218017
0.6889361372625625
0.6933972506896787
0.6276661606217195
0.6889361372626759
0.6933972506897907
0.6276661606218412
0.6889361372627214
0.6933972506899966
0.6276661606217925
0.6889361372625773
0.6933972506898831
0.6276661606217404
0.688936137262754
0.6933972506902526
0.6276661606218797
0.6889361372626723
0.6933972506899796
0.627666160621902
0.688936137262711
0.6933972506899462
0.6276661606216755
0.6889361372625619
0.6933972506898269
0.6276661606218903
0.6889361372624601
0.6933972506894677
0.6276661606216921
0.6889361372626663
0.6933972506900603
0.6276661606218346
0.6889361372626674
0.6933972506899464
0.6276661606217613
0.6889361372627125
0.6933972506900234
0.6276661606219349
0.6889361372626259
0.6933972506899435
0.6276661606218665
0.6889361372626712
0.6933972506900388
0.6276661606217039
0.6889361372626774
0.6933972506898671
0.6276661606218298
0.6889361372626648
0.6933972506897808
0.6276661606218362
0.688936137262599
0.693397250689802
0.6276661606216809
0.6889361372626053
0.6933972506897459
0.6276661606218353
0.6889361372627388
0.6933972506901351
0.627666160621839
0.6889361372626523
0.6933972506899502
0.6276661606218115
0.6889361372627004
0.6933972506899814
0.6276661606217908
0.6889361372626286
0.6933972506900627
0.6276661606219212
0.6889361372625744
0.6933972506897033
0.6276661606216377
0.6889361372625455
0.6933972506898138
0.6276661606218821
0.6889361372625789
0.6933972506896895
0.6276661606217276
0.6889361372627101
0.693397250689973
0.6276661606218155
0.6889361372627191
0.6933972506902101
0.6276661606218492
0.6889361372626868
0.6933972506900579
0.6276661606218009
0.6889361372626905
0.6933972506899791
0.6276661606218688
0.6889361372626409
0.6933972506899186
0.6276661606217442
0.6889361372627215
0.693397250689997
0.6276661606217919
0.6889361372626166
0.6933972506897588
0.627666160621835
0.6889361372626279
0.6933972506899532
0.6276661606217321
0.6889361372626791
0.6933972506898186
0.6276661606219003
0.6889361372626913
0.6933972506898717
0.6276661606217528
0.688936137262621
0.6933972506900429
0.6276661606218275
0.6889361372625775
0.6933972506897543
0.6276661606217542
0.6889361372626277
0.6933972506900601
0.6276661606219215
0.688936137262697
0.6933972506899335
0.6276661606216632
0.6889361372625898
0.6933972506897308
0.6276661606218662
0.6889361372626484
0.6933972506899729
0.6276661606218169
0.6889361372626397
0.6933972506899074
0.6276661606217467
0.6889361372626901
0.6933972506899317
0.6276661606217472
0.6889361372626497
0.6933972506899331
0.6276661606218386
0.688936137262722
0.6933972506901012
0.6276661606218312
0.6889361372625851
0.6933972506898918
0.6276661606217437
0.6889361372627574
0.6933972506901558
0.6276661606218377
0.6889361372626872
0.6933972506898249
0.6276661606219027
0.6889361372625685
0.6933972506896793
0.6276661606216386
0.6889361372626466
0.6933972506899104
0.627666160621917
0.6889361372625716
0.6933972506896453
0.6276661606217135
0.6889361372626255
0.6933972506900539
0.6276661606218215
0.6889361372627058
0.6933972506899905
0.6276661606217881
0.6889361372626647
0.6933972506899717
0.6276661606219021
0.6889361372627535
0.6933972506902035
0.6276661606217541
0.6889361372625227
0.6933972506896642
0.6276661606218024
0.6889361372626157
0.6933972506898192
0.6276661606217655
0.6889361372625669
0.6933972506896843
0.6276661606218024
0.6889361372627159
0.6933972506900448
0.627666160621709
0.6889361372625792
0.69339725068989
0.627666160621831
0.6889361372627496
0.6933972506902499
0.6276661606218777
0.6889361372626629
0.6933972506899654
0.6276661606218015
0.6889361372626923
0.6933972506898781
0.6276661606217446
0.688936137262639
0.6933972506899049
0.6276661606219207
0.6889361372624463
0.6933972506894497
0.6276661606216023
0.6889361372626503
0.6933972506899129
0.6276661606219216
0.6889361372627005
0.6933972506898844
0.627666160621746
0.688936137262661
0.6933972506899646
0.6276661606218015
0.6889361372627472
0.6933972506902479
0.6276661606218774
0.6889361372625828
0.6933972506898933
0.6276661606218313
0.6889361372627273
0.6933972506900536
0.6276661606217104
0.6889361372625727
0.6933972506896894
0.627666160621803
0.6889361372626019
0.6933972506898093
0.6276661606217637
0.68893613726251
0.693397250689654
0.6276661606218008
0.6889361372627529
0.6933972506902017
0.627666160621754
0.6889361372626699
0.6933972506899746
0.6276661606219026
0.6889361372627093
0.6933972506899924
0.6276661606217879
0.6889361372626222
0.6933972506900522
0.6276661606218208
0.6889361372625704
0.6933972506896452
0.6276661606217138
0.688936137262657
0.6933972506899196
0.6276661606219188
0.6889361372625846
0.693397250689692
0.6276661606216406
0.6889361372626936
0.6933972506898297
0.6276661606219035
0.6889361372627527
0.6933972506901518
0.6276661606218366
0.6889361372625808
0.6933972506898883
0.6276661606217426
0.6889361372627253
0.6933972506901036
0.627666160621832
0.6889361372626575
0.6933972506899388
0.6276661606218394
0.6889361372626899
0.6933972506899314
0.6276661606217471
0.6889361372626281
0.6933972506898999
0.6276661606217454
0.6889361372626428
0.6933972506899694
0.6276661606218161
0.6889361372625962
0.6933972506897351
0.627666160621867
0.6889361372627072
0.6933972506899396
0.627666160621664
0.6889361372626318
0.6933972506900627
0.6276661606219216
0.6889361372625762
0.6933972506897539
0.6276661606217542
0.6889361372626229
0.6933972506900457
0.6276661606218286
0.6889361372627028
0.6933972506898816
0.6276661606217548
0.6889361372626902
0.6933972506898265
0.6276661606219021
0.688936137262624
0.6933972506899497
0.6276661606217311
0.6889361372626065
0.6933972506897508
0.6276661606218334
0.6889361372627167
0.6933972506899939
0.6276661606217914
0.6889361372626451
0.6933972506899226
0.6276661606217452
0.688936137262697
0.6933972506899857
0.6276661606218703
0.6889361372626834
0.6933972506900572
0.6276661606218009
0.6889361372627112
0.6933972506902066
0.6276661606218481
0.688936137262713
0.6933972506899762
0.6276661606218158
0.6889361372625906
0.6933972506896989
0.627666160621729
0.6889361372625546
0.6933972506898206
0.6276661606218834
0.6889361372625733
0.6933972506897021
0.6276661606216376
0.6889361372626219
0.6933972506900579
0.62766616062192
0.6889361372626973
0.6933972506899793
0.6276661606217909
0.688936137262657
0.6933972506899526
0.6276661606218117
0.6889361372627386
0.6933972506901341
0.6276661606218388
0.6889361372625922
0.6933972506897348
0.6276661606218332
0.6889361372625837
0.6933972506897889
0.627666160621678
0.6889361372626615
0.6933972506897776
0.627666160621836
0.6889361372626832
0.6933972506898722
0.6276661606218312
0.6889361372626768
0.6933972506900445
0.6276661606217053
0.6889361372626222
0.6933972506899425
0.6276661606218659
0.6889361372627095
0.6933972506900217
0.6276661606219336
0.6889361372626748
0.6933972506899531
0.6276661606217627
0.6889361372626783
0.6933972506900703
0.6276661606218366
0.6889361372624636
0.6933972506894701
0.6276661606216929
0.6889361372625531
0.69339725068982
0.627666160621889
0.6889361372626999
0.6933972506899373
0.6276661606216742
0.6889361372626681
0.6933972506899755
0.6276661606219012
0.688936137262756
0.6933972506902533
0.6276661606218799
0.6889361372625746
0.69339725068988
0.6276661606217403
0.6889361372627084
0.6933972506899849
0.6276661606217906
0.6889361372626673
0.6933972506897814
0.6276661606218394
0.6889361372625645
0.6933972506896786
0.6276661606217195
0.6889361372627073
0.6933972506899078
0.6276661606218028
0.6889361372626255
0.6933972506898403
0.6276661606218267
0.6889361372627024
0.6933972506901892
0.6276661606217557
0.6889361372626547
0.6933972506899215
0.627666160621671
0.6889361372626781
0.6933972506901155
0.6276661606219529
0.688936137262542
0.6933972506897128
0.6276661606217286
0.6889361372626679
0.6933972506900608
0.6276661606218278
0.6889361372625844
0.6933972506896977
0.6276661606217215
0.6889361372625891
0.6933972506897303
0.627666160621871
0.6889361372627593
0.6933972506902089
0.62766616062176
0.6889361372625967
0.6933972506899073
0.6276661606218368
0.6889361372627236
0.6933972506901018
0.6276661606218314
0.6889361372626422
0.6933972506899191
0.6276661606217431
0.6889361372626895
0.6933972506898753
0.6276661606218312
0.6889361372627092
0.6933972506899091
0.6276661606217981
0.688936137262506
0.6933972506896463
0.6276661606217172
0.6889361372627327
0.6933972506900559
0.6276661606218488
0.6889361372626976
0.6933972506899058
0.6276661606218958
0.6889361372626541
0.6933972506899897
0.6276661606219098
0.6889361372625283
0.6933972506896913
0.6276661606216287
0.688936137262666
0.6933972506901047
0.627666160621946
0.6889361372626526
0.6933972506899324
0.6276661606217605
0.6889361372626995
0.6933972506899642
0.6276661606218055
0.6889361372626309
0.6933972506899581
0.6276661606218114
0.6889361372625148
0.6933972506896585
0.6276661606217983
0.6889361372627311
0.6933972506900612
0.6276661606217113
0.6889361372626497
0.6933972506899334
0.6276661606218381
0.6889361372626877
0.6933972506899767
0.6276661606218683
0.6889361372626772
0.6933972506900428
0.6276661606217085
0.6889361372626261
0.6933972506898405
0.6276661606218255
0.6889361372627317
0.6933972506900543
0.6276661606218483
0.688936137262572
0.6933972506897099
0.6276661606217817
0.6889361372626708
0.6933972506897794
0.6276661606217563
0.688936137262554
0.6933972506895558
0.6276661606217235
0.6889361372626691
0.6933972506900092
0.6276661606219094
0.688936137262657
0.6933972506899322
0.6276661606216585
0.6889361372627041
0.6933972506900202
0.6276661606219311
0.6889361372627123
0.6933972506902057
0.6276661606218477
0.6889361372626315
0.6933972506898971
0.627666160621743
0.6889361372626153
0.6933972506898192
0.6276661606217677
0.6889361372625846
0.6933972506897006
0.6276661606218048
0.6889361372626929
0.6933972506899343
0.6276661606217496
0.6889361372626832
0.6933972506900565
0.6276661606218009
0.6889361372626328
0.6933972506899522
0.6276661606218663
0.6889361372627113
0.6933972506902008
0.6276661606217525
0.6889361372627036
0.6933972506899146
0.6276661606218862
0.6889361372626785
0.6933972506897879
0.6276661606217607
0.6889361372625366
0.6933972506898018
0.6276661606217967