0.6851691330702425
0.6837232915722813
0.6604388401311019
0.6851691330702459
0.6837232915722788
0.6604388401310604
0.6851691330702447
0.6837232915722613
0.6604388401310495
0.6851691330702423
0.6837232915722715
0.6604388401311031
0.6851691330702312
0.6837232915722756
0.6604388401311126
0.6851691330702194
0.6837232915722542
0.6604388401310485
0.6851691330702242
0.683723291572255
0.6604388401310652
0.6851691330702179
0.6837232915722593
0.6604388401311132
0.6851691330702383
0.6837232915722684
0.6604388401311099
0.6851691330702172
0.6837232915722502
0.6604388401310537
0.6851691330702212
0.6837232915722564
0.6604388401310487
0.6851691330702341
0.6837232915722746
0.660438840131103
0.6851691330702465
0.68372329157228
0.6604388401310725
0.685169133070245
0.6837232915722706
0.660438840131046
0.6851691330702453
0.6837232915722764
0.660438840131077
0.6851691330702457
0.6837232915722785
0.6604388401310636
0.6851691330702314
0.6837232915722662
0.6604388401310973
0.6851691330702452
0.6837232915722701
0.6604388401310921
0.6851691330702327
0.6837232915722533
0.6604388401310595
0.685169133070249
0.6837232915722669
0.6604388401310848
0.6851691330702219
0.6837232915722664
0.6604388401311181
0.6851691330702196
0.6837232915722484
0.6604388401310509
0.685169133070229
0.6837232915722515
0.6604388401310444
0.6851691330702274
0.683723291572264
0.6604388401311132
0.685169133070241
0.6837232915722677
0.6604388401311123
0.685169133070223
0.6837232915722591
0.6604388401310461
0.6851691330702312
0.6837232915722602
0.6604388401310209
0.6851691330702327
0.6837232915722797
0.6604388401310956
0.6851691330702471
0.6837232915722786
0.660438840131081
0.6851691330702424
0.6837232915722626
0.660438840131045
0.6851691330702454
0.6837232915722624
0.6604388401310528
0.6851691330702313
0.6837232915722666
0.6604388401310876
0.685169133070229
0.6837232915722651
0.6604388401311138
0.6851691330702359
0.6837232915722647
0.6604388401310826
0.6851691330702331
0.6837232915722512
0.6604388401310616
0.6851691330702354
0.6837232915722662
0.6604388401311063
0.6851691330702327
0.6837232915722731
0.6604388401311065
0.6851691330702272
0.6837232915722585
0.6604388401310519
0.6851691330702256
0.6837232915722598
0.6604388401310644
0.6851691330702427
0.6837232915722735
0.660438840131102
0.685169133070241
0.6837232915722814
0.6604388401310894
0.6851691330702341
0.6837232915722704
0.660438840131048
0.6851691330702281
0.6837232915722607
0.660438840131035
0.6851691330702369
0.6837232915722862
0.6604388401310968
0.6851691330702427
0.683723291572277
0.6604388401310723
0.6851691330702423
0.6837232915722731
0.6604388401311003
0.6851691330702324
0.6837232915722558
0.6604388401310604
0.6851691330702334
0.6837232915722645
0.6604388401310871
0.6851691330702239
0.683723291572262
0.6604388401311145
0.6851691330702232
0.6837232915722617
0.6604388401310959
0.6851691330702476
0.6837232915722606
0.6604388401310619
0.6851691330702314
0.6837232915722692
0.6604388401310994
0.6851691330702399
0.6837232915722775
0.6604388401311128
0.6851691330702246
0.6837232915722569
0.6604388401310404
0.6851691330702381
0.6837232915722695
0.660438840131028
0.6851691330702434
0.68372329157228
0.660438840131099
0.685169133070245
0.6837232915722781
0.6604388401311005
0.6851691330702343
0.68372329157227
0.6604388401310457
0.6851691330702334
0.6837232915722649
0.6604388401310237
0.6851691330702285
0.6837232915722722
0.6604388401310984
0.685169133070223
0.6837232915722707
0.6604388401311097
0.6851691330702455
0.6837232915722649
0.6604388401310886
0.6851691330702233
0.6837232915722478
0.6604388401310665
0.685169133070235
0.6837232915722622
0.6604388401310899
0.6851691330702241
0.6837232915722591
0.6604388401311008
0.6851691330702374
0.6837232915722633
0.660438840131087
0.6851691330702371
0.6837232915722583
0.6604388401310601
0.6851691330702472
0.6837232915722748
0.6604388401310889
0.6851691330702387
0.6837232915722811
0.6604388401310841
0.68516913307023
0.6837232915722673
0.6604388401310328
0.6851691330702379
0.6837232915722656
0.6604388401310461
0.6851691330702447
0.683723291572279
0.660438840131099
0.6851691330702419
0.6837232915722776
0.6604388401310811
0.6851691330702313
0.6837232915722571
0.6604388401310437
0.6851691330702259
0.6837232915722538
0.6604388401310499
0.6851691330702183
0.6837232915722515
0.6604388401310419
0.6851691330702298
0.6837232915722663
0.6604388401311152
0.6851691330702261
0.6837232915722604
0.6604388401311011
0.6851691330702449
0.6837232915722555
0.6604388401310495
0.6851691330702327
0.683723291572266
0.6604388401310908
0.6851691330702353
0.683723291572272
0.6604388401311161
0.6851691330702432
0.6837232915722733
0.6604388401310801
0.6851691330702456
0.6837232915722716
0.6604388401310404
0.6851691330702495
0.6837232915722843
0.6604388401310861
0.6851691330702354
0.6837232915722833
0.6604388401310979
0.6851691330702279
0.6837232915722666
0.6604388401310368
0.6851691330702353
0.6837232915722697
0.6604388401310369
0.6851691330702392
0.6837232915722758
0.6604388401311045
0.685169133070233
0.6837232915722664
0.6604388401311163
0.6851691330702268
0.6837232915722553
0.6604388401310566
0.6851691330702083
0.6837232915722482
0.6604388401310595
0.6851691330702164
0.6837232915722504
0.6604388401310562
0.6851691330702367
0.683723291572275
0.6604388401311112
0.6851691330702356
0.68372329157227
0.660438840131097
0.6851691330702476
0.6837232915722623
0.6604388401310679
0.6851691330702429
0.6837232915722761
0.6604388401310826
0.6851691330702453
0.6837232915722802
0.6604388401310838
0.6851691330702442
0.6837232915722815
0.6604388401310809
0.6851691330702507
0.683723291572267
0.6604388401310441
0.685169133070244
0.6837232915722822
0.6604388401310837
0.685169133070241
0.683723291572284
0.6604388401310872
0.68516913307022
0.6837232915722553
0.6604388401310378
0.6851691330702319
0.6837232915722583
0.6604388401310579
0.6851691330702205
0.6837232915722641
0.6604388401311148
0.6851691330702413
0.6837232915722662
0.6604388401311052
0.6851691330702241
0.6837232915722568
0.6604388401311121
0.6851691330702198
0.6837232915722501
0.6604388401310506
0.6851691330702219
0.6837232915722518
0.6604388401310459
0.6851691330702296
0.6837232915722704
0.6604388401311102
0.6851691330702505
0.6837232915722756
0.6604388401310884
0.6851691330702465
0.6837232915722643
0.6604388401310289
0.6851691330702523
0.6837232915722816
0.6604388401310735
0.6851691330702427
0.6837232915722783
0.6604388401311059
0.6851691330702512
0.6837232915722804
0.6604388401310715
0.6851691330702463
0.6837232915722642
0.6604388401310304
0.6851691330702492
0.6837232915722747
0.6604388401310882
0.6851691330702284
0.6837232915722709
0.6604388401311105
0.6851691330702211
0.6837232915722511
0.6604388401310468
0.6851691330702183
0.6837232915722486
0.6604388401310486
0.6851691330702239
0.6837232915722578
0.6604388401311148
0.685169133070241
0.6837232915722647
0.6604388401311039
0.6851691330702219
0.6837232915722666
0.6604388401311163
0.6851691330702321
0.6837232915722579
0.6604388401310568
0.6851691330702209
0.683723291572256
0.6604388401310388
0.6851691330702427
0.6837232915722864
0.6604388401310901
0.6851691330702452
0.6837232915722831
0.6604388401310836
0.6851691330702517
0.6837232915722686
0.6604388401310461
0.6851691330702436
0.683723291572281
0.6604388401310815
0.6851691330702456
0.6837232915722802
0.6604388401310836
0.6851691330702424
0.6837232915722771
0.6604388401310848
0.6851691330702465
0.6837232915722609
0.660438840131065
0.6851691330702345
0.6837232915722689
0.6604388401310983
0.6851691330702334
0.683723291572272
0.6604388401311079
0.6851691330702154
0.6837232915722484
0.6604388401310547
0.6851691330702081
0.683723291572248
0.6604388401310595
0.6851691330702265
0.683723291572255
0.6604388401310566
0.6851691330702339
0.6837232915722686
0.660438840131119
0.6851691330702406
0.683723291572277
0.6604388401311045
0.6851691330702357
0.6837232915722713
0.6604388401310373
0.6851691330702291
0.683723291572268
0.6604388401310393
0.6851691330702367
0.6837232915722833
0.6604388401310958
0.6851691330702496
0.6837232915722851
0.660438840131088
0.6851691330702453
0.6837232915722704
0.6604388401310375
0.6851691330702427
0.6837232915722733
0.6604388401310801
0.6851691330702356
0.683723291572272
0.6604388401311156
0.6851691330702314
0.6837232915722633
0.6604388401310888
0.6851691330702433
0.6837232915722551
0.6604388401310495
0.6851691330702248
0.6837232915722584
0.6604388401310997
0.6851691330702288
0.6837232915722655
0.6604388401311151
0.6851691330702172
0.6837232915722518
0.6604388401310424
0.6851691330702249
0.6837232915722521
0.6604388401310467
0.6851691330702316
0.6837232915722578
0.6604388401310455
0.6851691330702427
0.6837232915722762
0.6604388401310788
0.6851691330702464
0.6837232915722795
0.6604388401311001
0.6851691330702387
0.6837232915722662
0.6604388401310449
0.6851691330702303
0.6837232915722664
0.6604388401310322
0.6851691330702391
0.6837232915722824
0.6604388401310857
0.6851691330702467
0.6837232915722735
0.6604388401310866
0.6851691330702367
0.6837232915722598
0.6604388401310626
0.6851691330702365
0.683723291572263
0.660438840131087
0.6851691330702228
0.6837232915722581
0.6604388401311003
0.6851691330702341
0.6837232915722617
0.6604388401310904
0.685169133070222
0.6837232915722462
0.6604388401310659
0.6851691330702446
0.6837232915722646
0.6604388401310883
0.6851691330702223
0.6837232915722699
0.6604388401311101
0.6851691330702283
0.6837232915722713
0.6604388401310977
0.6851691330702336
0.6837232915722655
0.6604388401310245
0.6851691330702337
0.6837232915722702
0.6604388401310449
0.685169133070247
0.6837232915722804
0.6604388401311034
0.6851691330702446
0.6837232915722813
0.660438840131099
0.6851691330702381
0.6837232915722704
0.6604388401310283
0.6851691330702253
0.6837232915722589
0.6604388401310424
0.6851691330702395
0.6837232915722775
0.660438840131113
0.6851691330702318
0.68372329157227
0.6604388401310998
0.6851691330702466
0.6837232915722595
0.6604388401310622
0.6851691330702221
0.6837232915722604
0.6604388401310943
0.685169133070223
0.683723291572261
0.6604388401311159
0.6851691330702314
0.6837232915722622
0.6604388401310832
0.6851691330702322
0.6837232915722551
0.6604388401310606
0.6851691330702412
0.6837232915722726
0.6604388401310988
0.6851691330702424
0.6837232915722775
0.6604388401310741
0.6851691330702366
0.683723291572286
0.6604388401310961
0.6851691330702286
0.6837232915722603
0.6604388401310348
0.685169133070235
0.6837232915722727
0.6604388401310499
0.6851691330702415
0.6837232915722816
0.6604388401310903
0.685169133070245
0.6837232915722746
0.6604388401311027
0.6851691330702256
0.6837232915722603
0.6604388401310648
0.6851691330702265
0.6837232915722566
0.6604388401310489
0.6851691330702326
0.6837232915722739
0.6604388401311088
0.6851691330702345
0.6837232915722633
0.6604388401311025
0.6851691330702314
0.6837232915722493
0.6604388401310604
0.6851691330702343
0.6837232915722631
0.6604388401310827
0.6851691330702279
0.6837232915722626
0.6604388401311114
0.6851691330702304
0.6837232915722669
0.6604388401310888
0.6851691330702452
0.6837232915722606
0.6604388401310515
0.6851691330702419
0.6837232915722631
0.6604388401310455
0.685169133070248
0.68372329157228
0.6604388401310821
0.6851691330702339
0.68372329157228
0.6604388401310942
0.6851691330702326
0.6837232915722625
0.6604388401310224
0.6851691330702236
0.6837232915722586
0.6604388401310441
0.6851691330702416
0.6837232915722687
0.660438840131113
0.6851691330702283
0.6837232915722647
0.6604388401311132
0.6851691330702292
0.6837232915722509
0.6604388401310428
0.6851691330702192
0.6837232915722493
0.6604388401310535
0.6851691330702205
0.6837232915722647
0.6604388401311159
0.6851691330702472
0.6837232915722666
0.660438840131086
0.6851691330702315
0.6837232915722526
0.6604388401310592
0.6851691330702447
0.6837232915722697
0.6604388401310926
0.6851691330702314
0.6837232915722674
0.6604388401310988
0.6851691330702452
0.6837232915722768
0.6604388401310619
0.6851691330702454
0.6837232915722768
0.6604388401310771
0.6851691330702465
0.6837232915722709
0.6604388401310453
0.6851691330702474
0.6837232915722806
0.660438840131073
0.6851691330702354
0.683723291572276
0.6604388401311043
0.6851691330702216
0.6837232915722561
0.6604388401310474
0.6851691330702183
0.6837232915722534
0.6604388401310579
0.6851691330702396
0.6837232915722693
0.6604388401311103
0.6851691330702171
0.6837232915722593
0.6604388401311139
0.6851691330702243
0.6837232915722555
0.660438840131066
0.6851691330702174
0.683723291572252
0.6604388401310479
0.6851691330702303
0.6837232915722746
0.6604388401311126
0.6851691330702417
0.6837232915722693
0.6604388401311021
0.685169133070243
0.6837232915722594
0.6604388401310468
0.6851691330702459
0.683723291572278
0.6604388401310617
0.6851691330702412
0.6837232915722782
0.6604388401310988