0.6638825719781258
0.6593753618690429
0.6852010885186817
0.6638825719933179
0.6593753618584441
0.6852010884267519
0.663882572001451
0.6593753618332499
0.685201088354962
0.6638825720161781
0.6593753618202565
0.685201088360379
0.6638825720302195
0.6593753618295055
0.6852010883429427
0.6638825720291103
0.6593753618364342
0.6852010883041151
0.6638825720212504
0.6593753618268563
0.6852010883201423
0.6638825720183699
0.6593753618220087
0.6852010883553992
0.6638825720120001
0.6593753618374844
0.6852010883721908
0.6638825719898419
0.6593753618574132
0.6852010884075366
0.663882571970001
0.6593753618666155
0.6852010884921436
0.663882571967239
0.6593753618695779
0.6852010885392822
0.6638825719653947
0.6593753618701679
0.6852010884959951
0.6638825719585244
0.6593753618675047
0.6852010884870272
0.6638825719611041
0.6593753618669838
0.6852010885320968
0.6638825720237127
0.6593753618319574
0.6852010883563616
0.6638825720340074
0.6593753618482332
0.6852010883642515
0.6638825720232402
0.6593753618325955
0.6852010883477097
0.6638825720113436
0.6593753618138853
0.6852010883313981
0.6638825720096095
0.6593753618314044
0.685201088355881
0.6638825719965147
0.6593753618583905
0.6852010884111186
0.6638825719714208
0.6593753618592442
0.6852010884641767
0.6638825719604757
0.6593753618544012
0.68520108847594
0.6638825719676367
0.6593753618653365
0.6852010884801398
0.6638825719660999
0.6593753618712199
0.6852010884998451
0.6638825719581081
0.659375361863574
0.6852010885061344
0.6638825719715837
0.6593753618646045
0.6852010884991486
0.6638825719959851
0.6593753618672675
0.6852010884594576
0.6638825720060636
0.6593753618463305
0.6852010884102377
0.6638825720097545
0.6593753618228667
0.6852010883733031
0.6638825720010753
0.6593753618359548
0.6852010883658908
0.663882571990902
0.6593753618622048
0.6852010884276147
0.6638825719791205
0.6593753618690904
0.6852010885061872
0.6638825719639055
0.6593753618617315
0.6852010884987457
0.663882571959449
0.6593753618630318
0.685201088461844
0.6638825719645252
0.6593753618674212
0.6852010884738318
0.6638825719681973
0.6593753618634088
0.6852010885076129
0.6638825719721317
0.6593753618593405
0.6852010884730078
0.6638825719882127
0.6593753618552617
0.6852010884045123
0.6638825720098267
0.6593753618392583
0.6852010883880804
0.6638825720184405
0.6593753618224754
0.6852010883711082
0.6638825720201565
0.6593753618285296
0.6852010883456727
0.6638825720259691
0.6593753618431568
0.6852010883490146
0.6638825720278764
0.6593753618368698
0.6852010883767864
0.663882572017171
0.6593753618236415
0.685201088379662
0.6638825719649607
0.6593753618667064
0.6852010884826596
0.6638825719599164
0.6593753618593776
0.6852010884488651
0.6638825719642703
0.6593753618602649
0.6852010884918627
0.6638825719785155
0.6593753618671683
0.6852010884903328
0.6638825719932653
0.6593753618569286
0.6852010884090809
0.6638825720040472
0.6593753618316013
0.68520108834472
0.6638825720170574
0.6593753618235391
0.6852010883577979
0.6638825720282242
0.6593753618374851
0.6852010883700648
0.6638825720271192
0.659375361841513
0.6852010883334648
0.6638825720216002
0.6593753618295725
0.6852010883450163
0.6638825720178819
0.6593753618280093
0.6852010883879524
0.6638825720082135
0.6593753618434346
0.6852010884038562
0.6638825719888641
0.6593753618565616
0.6852010884255331
0.6638825719716932
0.6593753618621521
0.6852010884860398
0.6638825719675556
0.6593753618672531
0.6852010885278532
0.6638825719984871
0.659375361857961
0.6852010884250248
0.6638825720097036
0.6593753618308069
0.6852010883526368
0.6638825720110247
0.6593753618151181
0.6852010883259583
0.6638825720240542
0.6593753618273148
0.6852010883202958
0.6638825720362052
0.6593753618371658
0.685201088323004
0.6638825720258573
0.6593753618254423
0.6852010883303794
0.6638825720098699
0.6593753618205239
0.685201088343913
0.6638825720077637
0.6593753618414933
0.6852010883900738
0.6638825719969187
0.659375361862511
0.6852010884468127
0.6638825719704218
0.6593753618671923
0.6852010885051554
0.6638825719579616
0.6593753618702005
0.6852010885319941
0.6638825719657854
0.6593753618751113
0.6852010885179373
0.6638825719671757
0.6593753618705784
0.6852010885107115
0.6638825719585263
0.6593753618641343
0.6852010885072339
0.663882571970563
0.6593753618658684
0.6852010884841591
0.6638825720288877
0.6593753618375751
0.6852010883195928
0.6638825720286065
0.6593753618315767
0.6852010883492825
0.6638825720165041
0.659375361821682
0.6852010883533526
0.6638825720031966
0.6593753618315307
0.6852010883415391
0.6638825719923052
0.6593753618548457
0.6852010884048962
0.6638825719777774
0.6593753618661143
0.6852010885078321
0.6638825719621422
0.659375361863419
0.6852010885118969
0.6638825719594914
0.6593753618640745
0.6852010884761182
0.6638825719640538
0.6593753618690898
0.6852010885049101
0.6638825719648606
0.6593753618696462
0.685201088543703
0.6638825719709971
0.6593753618662215
0.6852010885035942
0.6638825719890966
0.659375361858066
0.6852010884217196
0.6638825720090533
0.6593753618414484
0.6852010883960873
0.6638825720170731
0.6593753618269435
0.6852010883781163
0.6638825720208085
0.6593753618291023
0.6852010883252793
0.6638825719891375
0.6593753618553099
0.6852010883994408
0.6638825719716878
0.6593753618610004
0.6852010884729172
0.663882571968539
0.6593753618643834
0.6852010885091275
0.6638825719658854
0.6593753618694855
0.6852010884849226
0.663882571957665
0.6593753618680986
0.6852010884754923
0.6638825719620186
0.6593753618658513
0.6852010885234662
0.6638825719786658
0.6593753618690348
0.6852010885180477
0.6638825719916119
0.6593753618622846
0.6852010884366294
0.6638825720008315
0.6593753618384588
0.6852010883852266
0.6638825720155965
0.6593753618233658
0.6852010883771222
0.6638825720294637
0.6593753618324887
0.6852010883642023
0.6638825720273764
0.6593753618392388
0.6852010883289941
0.663882572020166
0.6593753618265349
0.6852010883283194
0.663882572019443
0.6593753618197996
0.6852010883577317
0.6638825720107415
0.6593753618361357
0.6852010883615265
0.6638825719668369
0.6593753618658067
0.6852010884718214
0.6638825719616646
0.6593753618543949
0.6852010884759013
0.6638825719726578
0.6593753618589269
0.6852010884634927
0.6638825719966543
0.6593753618634757
0.6852010884374922
0.6638825720075757
0.6593753618406254
0.6852010883887121
0.6638825720111008
0.6593753618202184
0.6852010883590558
0.6638825720239386
0.6593753618355715
0.6852010883670271
0.6638825720326447
0.6593753618517368
0.6852010883724564
0.6638825720237308
0.6593753618348321
0.6852010883692405
0.6638825720111442
0.6593753618206422
0.6852010883584323
0.6638825720077535
0.6593753618417364
0.6852010883860007
0.6638825719964299
0.6593753618634413
0.6852010884391635
0.6638825719724032
0.6593753618583484
0.685201088466554
0.6638825719617953
0.6593753618551899
0.6852010884773294
0.6638825719670517
0.6593753618665523
0.685201088470657
0.663882572010214
0.6593753618356967
0.6852010883629953
0.6638825720193784
0.6593753618198595
0.6852010883574644
0.6638825720206457
0.6593753618274857
0.685201088327407
0.6638825720273422
0.6593753618390931
0.6852010883290341
0.663882572028894
0.6593753618316456
0.6852010883672641
0.6638825720156905
0.6593753618234723
0.6852010883767196
0.6638825720012296
0.6593753618390088
0.6852010883822526
0.6638825719913495
0.6593753618615601
0.6852010884348637
0.6638825719782777
0.6593753618681066
0.6852010885188087
0.6638825719623735
0.6593753618661999
0.6852010885222737
0.6638825719579502
0.6593753618686041
0.6852010884739914
0.6638825719653365
0.6593753618688987
0.6852010884869943
0.6638825719682468
0.6593753618639646
0.6852010885114004
0.6638825719722539
0.659375361861934
0.6852010884731177
0.6638825719894166
0.6593753618558849
0.6852010883980459
0.6638825720202887
0.659375361828686
0.6852010883280772
0.6638825720169134
0.659375361827346
0.6852010883785045
0.663882572009481
0.6593753618422646
0.6852010883963472
0.6638825719890526
0.6593753618579146
0.6852010884236754
0.6638825719704022
0.6593753618660203
0.6852010885064815
0.6638825719649855
0.6593753618703155
0.6852010885415991
0.6638825719645511
0.6593753618697733
0.6852010885033823
0.663882571959264
0.6593753618636445
0.6852010884771588
0.6638825719616983
0.6593753618630345
0.6852010885134567
0.6638825719782221
0.6593753618663232
0.6852010885057521
0.6638825719927816
0.6593753618547624
0.685201088404554
0.663882572002739
0.6593753618308112
0.6852010883436931
0.663882572016131
0.6593753618213373
0.6852010883521927
0.6638825720291959
0.659375361831813
0.6852010883452018
0.6638825720292743
0.6593753618373352
0.6852010883181031
0.6638825719703916
0.6593753618649622
0.6852010884870754
0.6638825719587462
0.6593753618644986
0.6852010885068754
0.6638825719672384
0.6593753618709856
0.6852010885092645
0.663882571965544
0.659375361874313
0.6852010885181001
0.6638825719579444
0.6593753618698086
0.6852010885328569
0.6638825719708383
0.6593753618679092
0.6852010885019142
0.66388257199702
0.6593753618629958
0.685201088446715
0.6638825720074604
0.6593753618411424
0.6852010883936446
0.663882572009755
0.6593753618209353
0.6852010883470405
0.6638825720261443
0.6593753618262319
0.6852010883284153
0.6638825720362516
0.6593753618370344
0.6852010883233158
0.6638825720238508
0.6593753618267945
0.6852010883228983
0.6638825720110062
0.6593753618155551
0.6852010883249131
0.6638825720098419
0.659375361831205
0.6852010883479959
0.6638825719983428
0.6593753618570585
0.6852010884242585
0.6638825719674195
0.659375361866192
0.6852010885291389
0.6638825719723871
0.6593753618628646
0.6852010884850417
0.6638825719889583
0.6593753618571707
0.6852010884238675
0.6638825720076379
0.6593753618422507
0.6852010884022848
0.6638825720179834
0.6593753618272693
0.685201088387084
0.6638825720222739
0.6593753618302102
0.6852010883430453
0.6638825720269849
0.6593753618413951
0.6852010883344481
0.6638825720276711
0.6593753618362621
0.6852010883718354
0.6638825720171311
0.6593753618239546
0.6852010883591304
0.6638825720043813
0.659375361832907
0.685201088342942
0.6638825719929333
0.6593753618566307
0.6852010884090117
0.6638825719782865
0.659375361866249
0.6852010884912594
0.6638825719646608
0.659375361861361
0.6852010884929255
0.6638825719600276
0.6593753618607869
0.6852010884487042
0.663882571964324
0.6593753618660214
0.6852010884841835
0.6638825720168274
0.659375361823211
0.685201088379398
0.6638825720283678
0.6593753618376752
0.6852010883747328
0.6638825720263272
0.6593753618438042
0.6852010883493562
0.6638825720196599
0.659375361828064
0.6852010883472638
0.6638825720181212
0.6593753618224917
0.6852010883714781
0.6638825720102122
0.6593753618400409
0.6852010883876785
0.6638825719882875
0.6593753618549199
0.6852010884061515
0.6638825719717488
0.6593753618579322
0.6852010884722914
0.6638825719681841
0.659375361863499
0.6852010885050273
0.6638825719649468
0.6593753618682969
0.6852010884712332
0.6638825719593646
0.6593753618624287
0.6852010884624891
0.6638825719636401
0.6593753618604046
0.6852010884979343
0.6638825719794113
0.6593753618695675
0.6852010885061286
0.663882571991293
0.6593753618633035
0.6852010884293345
0.6638825720006811
0.6593753618357887
0.6852010883696023
0.6638825720096809
0.6593753618232024
0.6852010883720586
0.6638825720061223
0.6593753618465599
0.6852010884065183
0.6638825719960273
0.6593753618667906
0.685201088459531
0.663882571971427
0.6593753618645685
0.68520108850361
0.6638825719579797
0.659375361864519
0.6852010885080477
0.6638825719660504
0.6593753618720009
0.6852010884994233
0.6638825719675628
0.6593753618651615
0.6852010884818572
0.6638825719605768
0.6593753618540992
0.6852010884764571
0.6638825719716094
0.6593753618596592
0.6852010884616903
0.6638825719965691
0.6593753618585977
0.6852010884091887
0.663882572009452
0.6593753618310227
0.6852010883589935
0.6638825720113166
0.6593753618134088
0.6852010883315693
0.6638825720233764
0.659375361832374
0.6852010883447761
0.6638825720341629
0.6593753618476701
0.6852010883621957
0.663882572023619
0.6593753618316726
0.6852010883589001
0.6638825719615296
0.6593753618677416
0.6852010885314395
0.6638825719586884
0.6593753618678031
0.685201088485683
0.6638825719649002
0.6593753618688241
0.6852010884954721
0.6638825719671486
0.6593753618688307
0.6852010885409958
0.6638825719706402
0.6593753618672465
0.6852010884912733
0.663882571989866
0.6593753618577483
0.6852010884056462
0.6638825720113555
0.6593753618370248
0.6852010883720825
0.6638825720185295
0.6593753618221956
0.685201088356269
0.6638825720219361
0.6593753618276204
0.6852010883202859
0.6638825720288607
0.6593753618363967
0.685201088304922
0.6638825720294825
0.6593753618294003
0.6852010883468962
0.6638825720163338
0.6593753618210851
0.685201088361591
0.6638825720018702
0.6593753618338247
0.6852010883531257
0.6638825719930472
0.6593753618573903
0.6852010884238664
0.6638825719777899
0.659375361868362
0.6852010885194213