0.6638825719781181
0.6593753618690495
0.6852010885186256
0.6638825719933097
0.6593753618584562
0.6852010884266928
0.6638825720014434
0.659375361833261
0.6852010883549029
0.6638825720161685
0.659375361820264
0.6852010883603195
0.6638825720302133
0.6593753618295195
0.685201088342887
0.6638825720291024
0.6593753618364415
0.6852010883040592
0.6638825720212456
0.6593753618268713
0.6852010883200857
0.6638825720183641
0.6593753618220246
0.6852010883553399
0.6638825720119914
0.6593753618374972
0.6852010883721333
0.6638825719898378
0.6593753618574301
0.6852010884074781
0.6638825719699948
0.6593753618666275
0.6852010884920846
0.6638825719672312
0.6593753618695938
0.6852010885392243
0.6638825719653876
0.659375361870181
0.6852010884959358
0.6638825719585149
0.6593753618675157
0.685201088486969
0.6638825719610981
0.6593753618669964
0.6852010885320395
0.6638825720237077
0.6593753618319742
0.6852010883563069
0.6638825720340014
0.6593753618482464
0.6852010883641959
0.6638825720232349
0.659375361832612
0.6852010883476519
0.6638825720113369
0.6593753618138973
0.6852010883313412
0.6638825720096035
0.6593753618314169
0.6852010883558279
0.6638825719965101
0.6593753618584023
0.685201088411068
0.6638825719714156
0.659375361859254
0.6852010884641245
0.6638825719604708
0.6593753618544129
0.6852010884758841
0.6638825719676293
0.6593753618653446
0.6852010884800828
0.6638825719660955
0.6593753618712314
0.6852010884997879
0.6638825719581019
0.6593753618635855
0.6852010885060792
0.6638825719715786
0.6593753618646151
0.6852010884990949
0.663882571995978
0.659375361867282
0.685201088459402
0.6638825720060564
0.6593753618463429
0.6852010884101828
0.663882572009748
0.6593753618228793
0.6852010883732458
0.6638825720010683
0.6593753618359643
0.6852010883658358
0.6638825719908981
0.6593753618622217
0.6852010884275608
0.663882571979115
0.6593753618691005
0.6852010885061333
0.6638825719639015
0.6593753618617508
0.6852010884986934
0.6638825719594437
0.6593753618630462
0.6852010884617896
0.6638825719645192
0.6593753618674364
0.6852010884737798
0.6638825719681938
0.659375361863427
0.6852010885075572
0.6638825719721262
0.659375361859351
0.685201088472954
0.6638825719882079
0.6593753618552772
0.6852010884044554
0.663882572009822
0.6593753618392691
0.6852010883880248
0.6638825720184349
0.6593753618224846
0.6852010883710522
0.6638825720201516
0.6593753618285427
0.6852010883456201
0.6638825720259621
0.659375361843161
0.6852010883489619
0.6638825720278703
0.6593753618368813
0.6852010883767301
0.663882572017163
0.6593753618236513
0.6852010883796029
0.6638825719649538
0.6593753618667177
0.6852010884826018
0.6638825719599111
0.6593753618593864
0.6852010884488093
0.663882571964264
0.6593753618602777
0.6852010884918107
0.6638825719785084
0.6593753618671776
0.6852010884902764
0.6638825719932577
0.6593753618569413
0.6852010884090233
0.6638825720040393
0.6593753618316127
0.6852010883446611
0.6638825720170493
0.6593753618235498
0.6852010883577406
0.6638825720282175
0.6593753618375
0.6852010883700098
0.6638825720271133
0.6593753618415255
0.6852010883334094
0.6638825720215924
0.659375361829589
0.6852010883449593
0.6638825720178751
0.6593753618280246
0.6852010883878946
0.6638825720082081
0.6593753618434464
0.6852010884038027
0.6638825719888592
0.6593753618565762
0.6852010884254799
0.6638825719716855
0.6593753618621611
0.6852010884859816
0.6638825719675483
0.659375361867268
0.6852010885277946
0.663882571998482
0.6593753618579797
0.6852010884249677
0.6638825720096979
0.6593753618308209
0.6852010883525834
0.6638825720110209
0.6593753618151325
0.6852010883259043
0.6638825720240498
0.6593753618273309
0.6852010883202404
0.6638825720361985
0.6593753618371749
0.6852010883229472
0.6638825720258503
0.6593753618254568
0.6852010883303221
0.6638825720098618
0.6593753618205318
0.6852010883438566
0.6638825720077575
0.6593753618415017
0.6852010883900197
0.6638825719969124
0.6593753618625222
0.685201088446759
0.6638825719704131
0.6593753618671989
0.6852010885051
0.6638825719579544
0.6593753618702147
0.6852010885319375
0.6638825719657775
0.6593753618751208
0.6852010885178814
0.6638825719671697
0.6593753618705901
0.6852010885106572
0.6638825719585222
0.6593753618641515
0.6852010885071802
0.6638825719705572
0.6593753618658824
0.6852010884841024
0.6638825720288802
0.6593753618375839
0.6852010883195385
0.6638825720285992
0.6593753618315913
0.6852010883492277
0.6638825720164987
0.6593753618216952
0.6852010883532974
0.6638825720031918
0.659375361831543
0.6852010883414861
0.6638825719923026
0.6593753618548648
0.6852010884048416
0.6638825719777721
0.6593753618661267
0.6852010885077766
0.6638825719621377
0.659375361863436
0.6852010885118407
0.6638825719594876
0.6593753618640878
0.6852010884760629
0.6638825719640482
0.6593753618691003
0.6852010885048563
0.6638825719648551
0.6593753618696607
0.6852010885436493
0.6638825719709878
0.6593753618662264
0.685201088503536
0.6638825719890915
0.6593753618580773
0.6852010884216656
0.6638825720090477
0.6593753618414566
0.6852010883960309
0.6638825720170671
0.6593753618269516
0.6852010883780626
0.6638825720208048
0.6593753618291155
0.685201088325226
0.6638825719891299
0.6593753618553226
0.6852010883993847
0.6638825719716814
0.6593753618610098
0.6852010884728591
0.6638825719685304
0.6593753618643954
0.685201088509069
0.6638825719658776
0.6593753618694944
0.6852010884848666
0.6638825719576578
0.6593753618681093
0.6852010884754343
0.6638825719620125
0.6593753618658633
0.6852010885234096
0.6638825719786603
0.6593753618690449
0.6852010885179878
0.6638825719916048
0.6593753618623013
0.6852010884365709
0.6638825720008255
0.6593753618384719
0.6852010883851716
0.6638825720155916
0.6593753618233793
0.6852010883770657
0.6638825720294582
0.6593753618325056
0.6852010883641498
0.6638825720273716
0.6593753618392522
0.6852010883289364
0.6638825720201611
0.6593753618265522
0.6852010883282627
0.6638825720194381
0.6593753618198118
0.6852010883576758
0.6638825720107365
0.6593753618361473
0.6852010883614725
0.6638825719668318
0.659375361865822
0.6852010884717639
0.6638825719616595
0.6593753618544141
0.685201088475842
0.6638825719726498
0.6593753618589375
0.6852010884634339
0.6638825719966486
0.6593753618634925
0.6852010884374359
0.6638825720075678
0.6593753618406353
0.6852010883886557
0.663882572011091
0.6593753618202257
0.6852010883589974
0.66388257202393
0.659375361835584
0.6852010883669661
0.6638825720326328
0.6593753618517423
0.6852010883723962
0.6638825720237227
0.6593753618348452
0.6852010883691796
0.6638825720111345
0.6593753618206495
0.6852010883583735
0.6638825720077458
0.6593753618417468
0.6852010883859448
0.6638825719964234
0.6593753618634581
0.6852010884391069
0.663882571972395
0.659375361858359
0.6852010884664947
0.66388257196179
0.6593753618552093
0.6852010884772697
0.6638825719670463
0.6593753618665672
0.6852010884705995
0.6638825720102095
0.6593753618357088
0.6852010883629408
0.6638825720193736
0.6593753618198713
0.6852010883574089
0.6638825720206414
0.6593753618275029
0.6852010883273507
0.6638825720273369
0.6593753618391067
0.6852010883289767
0.6638825720288886
0.6593753618316625
0.6852010883672112
0.6638825720156853
0.6593753618234857
0.6852010883766637
0.6638825720012235
0.6593753618390218
0.6852010883821978
0.663882571991342
0.6593753618615771
0.6852010884348052
0.6638825719782724
0.6593753618681176
0.6852010885187487
0.6638825719623668
0.6593753618662117
0.6852010885222172
0.663882571957943
0.6593753618686148
0.6852010884739337
0.6638825719653285
0.6593753618689073
0.685201088486938
0.6638825719682381
0.6593753618639766
0.6852010885113415
0.6638825719722479
0.6593753618619433
0.6852010884730599
0.663882571989409
0.659375361855897
0.6852010883979898
0.6638825720202852
0.6593753618286985
0.6852010883280236
0.6638825720169078
0.6593753618273546
0.6852010883784506
0.6638825720094752
0.6593753618422724
0.6852010883962899
0.6638825719890472
0.6593753618579266
0.6852010884236208
0.6638825719703929
0.6593753618660252
0.6852010885064241
0.6638825719649799
0.6593753618703302
0.6852010885415449
0.6638825719645457
0.6593753618697837
0.6852010885033285
0.6638825719592597
0.6593753618636575
0.685201088477104
0.6638825719616941
0.6593753618630509
0.6852010885134012
0.6638825719782168
0.6593753618663358
0.6852010885056965
0.6638825719927792
0.6593753618547811
0.6852010884044999
0.6638825720027338
0.6593753618308236
0.6852010883436397
0.6638825720161255
0.6593753618213507
0.6852010883521378
0.6638825720291889
0.6593753618318273
0.6852010883451468
0.6638825720292669
0.6593753618373432
0.6852010883180486
0.6638825719703861
0.6593753618649761
0.6852010884870192
0.6638825719587421
0.6593753618645164
0.6852010885068216
0.663882571967233
0.659375361870997
0.6852010885092099
0.6638825719655363
0.6593753618743224
0.685201088518044
0.6638825719579373
0.6593753618698226
0.6852010885328004
0.66388257197083
0.6593753618679158
0.6852010885018585
0.6638825719970141
0.6593753618630074
0.685201088446661
0.6638825720074542
0.6593753618411502
0.6852010883935895
0.6638825720097472
0.659375361820943
0.6852010883469845
0.6638825720261373
0.6593753618262462
0.6852010883283576
0.6638825720362449
0.6593753618370437
0.6852010883232585
0.6638825720238457
0.6593753618268097
0.6852010883228429
0.6638825720110024
0.6593753618155695
0.6852010883248598
0.663882572009836
0.6593753618312198
0.6852010883479424
0.6638825719983374
0.6593753618570768
0.685201088424201
0.6638825719674117
0.6593753618662066
0.6852010885290807
0.6638825719723793
0.6593753618628739
0.6852010884849835
0.6638825719889537
0.6593753618571854
0.685201088423815
0.6638825720076322
0.6593753618422626
0.6852010884022313
0.6638825720179765
0.659375361827284
0.6852010883870264
0.6638825720222666
0.6593753618302266
0.6852010883429875
0.6638825720269792
0.659375361841408
0.6852010883343935
0.6638825720276649
0.6593753618362773
0.6852010883717805
0.6638825720171224
0.6593753618239659
0.6852010883590737
0.6638825720043734
0.659375361832919
0.6852010883428818
0.6638825719929254
0.6593753618566434
0.6852010884089546
0.6638825719782795
0.6593753618662588
0.6852010884912036
0.6638825719646544
0.6593753618613734
0.6852010884928736
0.6638825719600214
0.6593753618607963
0.6852010884486485
0.663882571964317
0.659375361866033
0.685201088484126
0.6638825720168195
0.6593753618232208
0.685201088379339
0.6638825720283612
0.6593753618376867
0.6852010883746769
0.6638825720263202
0.6593753618438085
0.6852010883493036
0.6638825720196558
0.6593753618280768
0.685201088347211
0.6638825720181161
0.6593753618225009
0.6852010883714222
0.6638825720102075
0.6593753618400519
0.6852010883876227
0.6638825719882829
0.659375361854935
0.6852010884060953
0.6638825719717432
0.6593753618579429
0.6852010884722375
0.6638825719681805
0.6593753618635169
0.6852010885049721
0.6638825719649413
0.6593753618683122
0.6852010884711807
0.6638825719593592
0.6593753618624434
0.685201088462435
0.6638825719636365
0.6593753618604231
0.685201088497882
0.6638825719794053
0.6593753618695766
0.6852010885060745
0.6638825719912892
0.6593753618633205
0.6852010884292805
0.6638825720006741
0.6593753618357985
0.6852010883695473
0.6638825720096746
0.6593753618232154
0.6852010883720017
0.6638825720061152
0.6593753618465727
0.6852010884064632
0.6638825719960196
0.6593753618668052
0.6852010884594752
0.6638825719714215
0.6593753618645786
0.6852010885035564
0.6638825719579733
0.6593753618645303
0.685201088507993
0.6638825719660455
0.6593753618720122
0.6852010884993656
0.6638825719675558
0.6593753618651701
0.6852010884817997
0.6638825719605721
0.6593753618541115
0.6852010884764009
0.6638825719716045
0.6593753618596687
0.6852010884616376
0.6638825719965638
0.6593753618586101
0.6852010884091384
0.6638825720094461
0.6593753618310351
0.6852010883589404
0.66388257201131
0.6593753618134206
0.6852010883315122
0.6638825720233706
0.6593753618323903
0.6852010883447186
0.6638825720341568
0.6593753618476834
0.6852010883621401
0.6638825720236141
0.6593753618316895
0.6852010883588453
0.6638825719615227
0.6593753618677541
0.6852010885313822
0.6638825719586787
0.6593753618678138
0.6852010884856248
0.6638825719648926
0.6593753618688378
0.6852010884954127
0.663882571967141
0.6593753618688468
0.6852010885409381
0.6638825719706338
0.6593753618672582
0.6852010884912141
0.6638825719898613
0.6593753618577656
0.6852010884055872
0.6638825720113468
0.6593753618370377
0.6852010883720252
0.6638825720185231
0.6593753618222112
0.6852010883562104
0.6638825720219308
0.6593753618276359
0.6852010883202286
0.663882572028853
0.6593753618364045
0.6852010883048665
0.6638825720294761
0.6593753618294144
0.6852010883468407
0.6638825720163242
0.6593753618210925
0.6852010883615309
0.6638825720018624
0.6593753618338356
0.6852010883530666
0.663882571993039
0.6593753618574019
0.6852010884238071
0.6638825719777826
0.6593753618683684
0.6852010885193652