0.6690531567834485
0.6699012841126633
0.6587841758476961
0.6690531567834459
0.6699012841126843
0.6587841758476922
0.6690531567834557
0.6699012841126988
0.6587841758477188
0.6690531567834592
0.6699012841126873
0.658784175847694
0.6690531567834361
0.6699012841126641
0.6587841758476809
0.6690531567834613
0.6699012841126643
0.6587841758476696
0.6690531567834831
0.6699012841126335
0.6587841758476468
0.6690531567834607
0.6699012841126033
0.6587841758476167
0.6690531567834503
0.6699012841126052
0.6587841758475981
0.669053156783431
0.6699012841125637
0.6587841758475913
0.6690531567834118
0.6699012841125578
0.6587841758475435
0.6690531567834281
0.6699012841125705
0.6587841758475954
0.6690531567834419
0.6699012841126084
0.6587841758476081
0.6690531567834253
0.6699012841126013
0.658784175847635
0.6690531567834317
0.6699012841126443
0.6587841758476428
0.6690531567836027
0.6699012841128194
0.6587841758479891
0.6690531567835846
0.66990128411285
0.6587841758479944
0.669053156783594
0.6699012841128638
0.6587841758480177
0.6690531567836036
0.6699012841128911
0.658784175848035
0.669053156783582
0.6699012841128987
0.6587841758480282
0.6690531567836075
0.6699012841129197
0.6587841758480276
0.669053156783619
0.6699012841129162
0.6587841758480432
0.669053156783607
0.6699012841129373
0.6587841758480407
0.6690531567835905
0.6699012841129047
0.658784175848053
0.6690531567835802
0.6699012841128678
0.6587841758479813
0.6690531567835899
0.6699012841128558
0.6587841758480165
0.669053156783606
0.6699012841128438
0.6587841758479904
0.6690531567836009
0.6699012841127994
0.6587841758479788
0.6690531567835775
0.6699012841127991
0.6587841758479616
0.6690531567835869
0.6699012841128071
0.6587841758479798
0.6690531567835598
0.6699012841127711
0.6587841758478978
0.6690531567835432
0.6699012841127444
0.6587841758478921
0.6690531567835474
0.669901284112743
0.6587841758478745
0.6690531567835531
0.6699012841127345
0.6587841758478649
0.6690531567835392
0.6699012841127492
0.6587841758478375
0.6690531567835578
0.6699012841127632
0.65878417584787
0.6690531567835609
0.6699012841128078
0.6587841758478787
0.6690531567835412
0.6699012841128357
0.6587841758479178
0.6690531567835728
0.669901284112848
0.6587841758479347
0.6690531567835658
0.6699012841128724
0.6587841758479616
0.6690531567835771
0.669901284112886
0.6587841758479874
0.6690531567835958
0.6699012841128584
0.6587841758479891
0.6690531567835598
0.6699012841128305
0.6587841758479445
0.6690531567835573
0.6699012841128184
0.6587841758479471
0.6690531567835647
0.6699012841127877
0.6587841758479539
0.6690531567834282
0.6699012841126366
0.6587841758476382
0.669053156783433
0.6699012841126415
0.6587841758476469
0.6690531567834435
0.6699012841126298
0.6587841758476545
0.6690531567834439
0.6699012841126158
0.658784175847616
0.6690531567834381
0.6699012841125842
0.65878417584759
0.6690531567834537
0.6699012841125854
0.6587841758476157
0.6690531567834306
0.6699012841125755
0.6587841758475794
0.6690531567833999
0.669901284112536
0.6587841758475208
0.6690531567834255
0.669901284112576
0.6587841758475577
0.6690531567834377
0.66990128411259
0.6587841758475703
0.6690531567834253
0.6699012841126023
0.6587841758475689
0.6690531567834228
0.669901284112602
0.6587841758475983
0.6690531567834124
0.6699012841126302
0.6587841758475768
0.6690531567834097
0.66990128411263
0.6587841758476116
0.6690531567834277
0.6699012841126464
0.6587841758476289
0.6690531567834682
0.6699012841126705
0.6587841758477098
0.6690531567834754
0.6699012841127043
0.6587841758477231
0.6690531567834875
0.6699012841127344
0.6587841758477712
0.6690531567834958
0.6699012841127285
0.6587841758477313
0.6690531567834823
0.6699012841127266
0.658784175847755
0.6690531567834855
0.6699012841127439
0.6587841758477779
0.6690531567834879
0.669901284112694
0.6587841758477451
0.6690531567834633
0.6699012841126759
0.6587841758476904
0.6690531567834805
0.6699012841126569
0.6587841758477224
0.6690531567834905
0.669901284112647
0.6587841758476947
0.6690531567834783
0.6699012841126208
0.6587841758476858
0.6690531567834835
0.6699012841126564
0.6587841758477246
0.6690531567834694
0.6699012841126342
0.6587841758476938
0.6690531567834694
0.6699012841126457
0.6587841758476805
0.6690531567834777
0.6699012841126746
0.6587841758477304
0.6690531567836049
0.6699012841128407
0.6587841758480153
0.6690531567835902
0.6699012841128311
0.6587841758480052
0.6690531567836179
0.6699012841128832
0.6587841758480384
0.669053156783623
0.6699012841128794
0.6587841758480528
0.6690531567835952
0.669901284112917
0.6587841758480242
0.6690531567835948
0.6699012841129129
0.6587841758480428
0.6690531567836151
0.669901284112931
0.6587841758480402
0.6690531567836066
0.6699012841129408
0.6587841758480462
0.6690531567836253
0.6699012841129389
0.6587841758480839
0.669053156783622
0.6699012841129108
0.6587841758480556
0.6690531567836098
0.6699012841129139
0.658784175848068
0.669053156783627
0.6699012841129017
0.658784175848093
0.6690531567836167
0.669901284112863
0.6587841758480599
0.6690531567836204
0.66990128411287
0.6587841758480575
0.669053156783636
0.6699012841128608
0.658784175848112
0.6690531567835117
0.6699012841127241
0.6587841758478319
0.6690531567834979
0.6699012841127049
0.6587841758477693
0.6690531567835376
0.6699012841127056
0.6587841758478538
0.6690531567835358
0.6699012841127274
0.6587841758478525
0.6690531567835203
0.6699012841127073
0.6587841758478004
0.6690531567835177
0.6699012841127114
0.6587841758478029
0.6690531567835316
0.6699012841127523
0.6587841758478127
0.6690531567835312
0.6699012841127552
0.6587841758478181
0.6690531567835291
0.6699012841127607
0.6587841758478042
0.669053156783512
0.6699012841127694
0.6587841758478252
0.669053156783497
0.6699012841127671
0.6587841758477727
0.6690531567835036
0.6699012841127591
0.658784175847817
0.6690531567835121
0.669901284112772
0.6587841758478196
0.6690531567835085
0.6699012841127554
0.6587841758478395
0.6690531567835343
0.6699012841127596
0.6587841758478684
0.669053156783411
0.6699012841126339
0.6587841758476034
0.6690531567834108
0.669901284112604
0.6587841758475579
0.6690531567834169
0.6699012841126226
0.658784175847611
0.6690531567834203
0.6699012841125993
0.6587841758475846
0.6690531567834058
0.6699012841125624
0.6587841758475481
0.6690531567834205
0.6699012841125778
0.6587841758475588
0.6690531567834395
0.6699012841125707
0.6587841758476044
0.669053156783437
0.6699012841125722
0.6587841758475457
0.6690531567834387
0.669901284112568
0.6587841758476012
0.6690531567834214
0.6699012841125773
0.6587841758475621
0.6690531567834082
0.6699012841125599
0.658784175847549
0.6690531567834201
0.6699012841125975
0.6587841758475856
0.6690531567834186
0.669901284112622
0.658784175847615
0.6690531567834129
0.669901284112606
0.6587841758475617
0.6690531567834108
0.6699012841126317
0.658784175847603
0.6690531567835336
0.6699012841127543
0.6587841758478666
0.6690531567835064
0.6699012841127515
0.6587841758478371
0.6690531567835104
0.669901284112769
0.6587841758478185
0.6690531567835047
0.6699012841127596
0.6587841758478197
0.6690531567834971
0.6699012841127672
0.658784175847775
0.6690531567835104
0.6699012841127692
0.6587841758478241
0.66905315678353
0.6699012841127658
0.6587841758478097
0.6690531567835318
0.669901284112758
0.6587841758478218
0.6690531567835301
0.6699012841127558
0.6587841758478126
0.6690531567835183
0.6699012841127121
0.6587841758478057
0.6690531567835177
0.6699012841127081
0.6587841758478011
0.6690531567835338
0.6699012841127243
0.6587841758478495
0.6690531567835362
0.6699012841127043
0.6587841758478528
0.6690531567834956
0.6699012841126987
0.6587841758477639
0.6690531567835072
0.6699012841127203
0.6587841758478279
0.6690531567836344
0.6699012841128587
0.6587841758481112
0.6690531567836168
0.669901284112866
0.658784175848055
0.6690531567836161
0.6699012841128607
0.658784175848061
0.669053156783628
0.6699012841129006
0.658784175848097
0.6690531567836094
0.6699012841129118
0.6587841758480697
0.6690531567836193
0.6699012841129073
0.6587841758480527
0.6690531567836245
0.6699012841129324
0.6587841758480824
0.669053156783605
0.6699012841129398
0.6587841758480466
0.6690531567836092
0.6699012841129246
0.6587841758480333
0.6690531567835913
0.6699012841129115
0.6587841758480413
0.6690531567835915
0.6699012841129146
0.6587841758480223
0.6690531567836175
0.6699012841128797
0.6587841758480496
0.6690531567836155
0.6699012841128805
0.6587841758480348
0.6690531567835865
0.6699012841128291
0.6587841758480021
0.6690531567836031
0.6699012841128388
0.6587841758480124
0.6690531567834777
0.6699012841126759
0.6587841758477335
0.669053156783464
0.6699012841126414
0.6587841758476749
0.6690531567834643
0.6699012841126306
0.6587841758476882
0.6690531567834801
0.6699012841126504
0.6587841758477191
0.6690531567834728
0.6699012841126165
0.6587841758476825
0.669053156783487
0.6699012841126395
0.6587841758476873
0.669053156783477
0.6699012841126526
0.6587841758477193
0.6690531567834619
0.669901284112671
0.6587841758476898
0.6690531567834843
0.6699012841126875
0.6587841758477386
0.6690531567834823
0.6699012841127365
0.6587841758477746
0.6690531567834788
0.6699012841127243
0.6587841758477546
0.669053156783493
0.6699012841127235
0.65878417584773
0.6690531567834868
0.6699012841127334
0.6587841758477743
0.6690531567834732
0.6699012841127052
0.6587841758477249
0.6690531567834671
0.6699012841126716
0.6587841758477138
0.6690531567834272
0.6699012841126462
0.6587841758476329
0.6690531567834062
0.66990128411263
0.6587841758476116
0.6690531567834106
0.6699012841126292
0.6587841758475785
0.6690531567834206
0.6699012841126042
0.6587841758475997
0.6690531567834234
0.6699012841126002
0.6587841758475679
0.6690531567834348
0.66990128411259
0.6587841758475704
0.669053156783422
0.6699012841125751
0.6587841758475563
0.6690531567833984
0.6699012841125376
0.6587841758475232
0.6690531567834284
0.6699012841125732
0.6587841758475772
0.6690531567834511
0.6699012841125827
0.6587841758476146
0.6690531567834357
0.6699012841125784
0.6587841758475882
0.6690531567834408
0.6699012841126095
0.658784175847613
0.6690531567834406
0.6699012841126244
0.6587841758476536
0.6690531567834294
0.6699012841126342
0.6587841758476426
0.6690531567834239
0.6699012841126342
0.6587841758476374
0.669053156783562
0.6699012841127818
0.65878417584795
0.6690531567835534
0.6699012841128081
0.6587841758479392
0.6690531567835581
0.6699012841128291
0.6587841758479449
0.6690531567835959
0.6699012841128558
0.6587841758479905
0.6690531567835766
0.6699012841128849
0.6587841758479898
0.6690531567835638
0.6699012841128729
0.6587841758479636
0.6690531567835685
0.6699012841128456
0.6587841758479318
0.6690531567835395
0.6699012841128342
0.658784175847918
0.6690531567835575
0.6699012841128071
0.6587841758478789
0.6690531567835545
0.669901284112763
0.6587841758478699
0.6690531567835374
0.6699012841127485
0.6587841758478387
0.6690531567835488
0.6699012841127336
0.6587841758478636
0.6690531567835438
0.6699012841127366
0.6587841758478704
0.6690531567835366
0.6699012841127364
0.6587841758478832
0.669053156783554
0.6699012841127605
0.6587841758478874
0.6690531567835898
0.6699012841128068
0.6587841758479824
0.6690531567835751
0.6699012841127964
0.6587841758479585
0.6690531567835984
0.6699012841127947
0.6587841758479736
0.6690531567836041
0.6699012841128384
0.6587841758479858
0.6690531567835862
0.6699012841128509
0.6587841758480121
0.6690531567835797
0.6699012841128635
0.6587841758479787
0.6690531567835878
0.6699012841128984
0.6587841758480477
0.6690531567836057
0.6699012841129326
0.6587841758480394
0.6690531567836169
0.6699012841129139
0.6587841758480422
0.6690531567836043
0.6699012841129148
0.6587841758480244
0.66905315678358
0.6699012841129006
0.6587841758480304
0.6690531567835996
0.6699012841128902
0.6587841758480351
0.6690531567835936
0.6699012841128675
0.6587841758480222
0.6690531567835843
0.6699012841128519
0.6587841758479971
0.669053156783598
0.6699012841128207
0.6587841758479887
0.6690531567834352
0.6699012841126517
0.6587841758476531
0.6690531567834266
0.6699012841126071
0.6587841758476405
0.6690531567834405
0.6699012841126113
0.6587841758476103
0.6690531567834288
0.6699012841125742
0.6587841758475989
0.6690531567834103
0.6699012841125577
0.6587841758475423
0.6690531567834297
0.6699012841125642
0.6587841758475914
0.6690531567834517
0.6699012841126025
0.6587841758475967
0.6690531567834608
0.669901284112604
0.6587841758476185
0.6690531567834839
0.6699012841126297
0.6587841758476454
0.6690531567834593
0.6699012841126616
0.6587841758476662
0.6690531567834347
0.669901284112659
0.6587841758476776
0.6690531567834566
0.6699012841126839
0.6587841758476891
0.6690531567834553
0.669901284112697
0.6587841758477201
0.6690531567834466
0.6699012841126871
0.6587841758476954
0.6690531567834478
0.6699012841126633
0.6587841758476957