0.6900356568778853
0.6922434817759826
0.6366019626401973
0.6900356568778427
0.6922434817759253
0.6366019626402012
0.6900356568778006
0.6922434817759833
0.6366019626401955
0.6900356568778424
0.6922434817762049
0.6366019626402808
0.6900356568778565
0.6922434817762042
0.6366019626401823
0.690035656877781
0.692243481775837
0.6366019626401397
0.6900356568777981
0.6922434817760037
0.6366019626401694
0.6900356568778211
0.692243481776004
0.6366019626401542
0.6900356568777942
0.6922434817757986
0.6366019626401431
0.690035656877807
0.6922434817760208
0.6366019626402084
0.6900356568778034
0.6922434817760765
0.6366019626402295
0.6900356568778081
0.6922434817761022
0.6366019626402002
0.690035656877827
0.6922434817761876
0.6366019626402306
0.6900356568778192
0.6922434817761759
0.6366019626401989
0.6900356568778402
0.6922434817758184
0.6366019626402134
0.690035656877846
0.6922434817759604
0.6366019626402062
0.6900356568778255
0.6922434817758373
0.6366019626402203
0.6900356568778048
0.6922434817760013
0.6366019626402536
0.6900356568777863
0.6922434817761298
0.6366019626402062
0.6900356568777766
0.6922434817760057
0.6366019626402006
0.6900356568778341
0.6922434817762152
0.6366019626401498
0.6900356568778123
0.6922434817760534
0.6366019626401751
0.6900356568777956
0.6922434817758092
0.636601962640139
0.6900356568778607
0.6922434817760035
0.6366019626401989
0.6900356568778556
0.6922434817760028
0.6366019626402222
0.6900356568778028
0.6922434817758663
0.6366019626401913
0.6900356568778352
0.6922434817759927
0.6366019626401813
0.6900356568778867
0.6922434817762384
0.6366019626401751
0.690035656877871
0.6922434817760394
0.63660196264024
0.6900356568778531
0.6922434817761781
0.6366019626402053
0.6900356568778188
0.6922434817760215
0.6366019626402002
0.6900356568778345
0.692243481775998
0.6366019626402576
0.6900356568778385
0.6922434817759404
0.6366019626402066
0.6900356568777519
0.6922434817757568
0.6366019626401644
0.6900356568777646
0.6922434817761177
0.6366019626401683
0.6900356568778112
0.6922434817762233
0.6366019626402193
0.6900356568778246
0.692243481776035
0.6366019626401411
0.690035656877842
0.6922434817760887
0.63660196264021
0.6900356568778359
0.6922434817760449
0.6366019626402333
0.690035656877821
0.6922434817758885
0.6366019626402071
0.6900356568778375
0.6922434817759573
0.6366019626401636
0.6900356568778218
0.6922434817760295
0.6366019626401969
0.6900356568778325
0.6922434817758758
0.6366019626401827
0.6900356568778933
0.6922434817762608
0.6366019626401769
0.6900356568778792
0.6922434817761935
0.6366019626402385
0.6900356568778775
0.6922434817762535
0.6366019626402872
0.690035656877824
0.6922434817761378
0.6366019626402092
0.6900356568777654
0.6922434817757595
0.6366019626401687
0.6900356568778045
0.6922434817759151
0.6366019626401639
0.6900356568777789
0.6922434817759543
0.6366019626401902
0.690035656877775
0.6922434817759155
0.6366019626401376
0.6900356568778695
0.6922434817762253
0.6366019626402628
0.6900356568778994
0.692243481776248
0.6366019626402168
0.6900356568778352
0.692243481775946
0.6366019626402073
0.6900356568778321
0.692243481775974
0.6366019626401842
0.6900356568778405
0.6922434817760321
0.6366019626401813
0.6900356568778256
0.692243481775819
0.6366019626401833
0.6900356568778208
0.6922434817760491
0.6366019626401975
0.6900356568778429
0.6922434817760352
0.636601962640182
0.6900356568778672
0.6922434817761216
0.6366019626402062
0.6900356568778773
0.6922434817762418
0.6366019626401882
0.6900356568777907
0.6922434817760232
0.6366019626402035
0.6900356568777516
0.6922434817761252
0.636601962640169
0.6900356568777524
0.6922434817759691
0.636601962640188
0.6900356568777668
0.6922434817757344
0.6366019626401562
0.6900356568778064
0.6922434817759954
0.6366019626402291
0.6900356568778259
0.6922434817761629
0.6366019626402376
0.6900356568778445
0.6922434817761159
0.6366019626402653
0.6900356568778911
0.6922434817761901
0.6366019626401617
0.6900356568778536
0.6922434817760807
0.6366019626402011
0.6900356568778298
0.692243481775807
0.6366019626401704
0.6900356568778581
0.6922434817759968
0.6366019626401811
0.690035656877857
0.6922434817759335
0.6366019626401661
0.6900356568778235
0.6922434817758791
0.6366019626401952
0.6900356568778585
0.6922434817760791
0.6366019626402389
0.6900356568778024
0.6922434817758564
0.6366019626401451
0.6900356568778463
0.692243481776202
0.6366019626401463
0.6900356568778143
0.6922434817761839
0.6366019626402185
0.6900356568777535
0.6922434817758902
0.6366019626401315
0.6900356568778092
0.6922434817759586
0.6366019626402256
0.6900356568778545
0.6922434817759525
0.6366019626402302
0.6900356568778161
0.6922434817758651
0.636601962640232
0.6900356568778377
0.6922434817761057
0.636601962640183
0.6900356568778723
0.692243481776269
0.6366019626402497
0.6900356568778641
0.6922434817760537
0.6366019626401811
0.6900356568778157
0.6922434817760936
0.6366019626401948
0.6900356568777921
0.6922434817759718
0.6366019626401793
0.6900356568777937
0.6922434817758858
0.6366019626402035
0.6900356568778372
0.6922434817760306
0.6366019626402187
0.6900356568778331
0.6922434817760303
0.6366019626402131
0.6900356568778019
0.6922434817760221
0.6366019626401707
0.6900356568777941
0.6922434817760654
0.6366019626401715
0.6900356568777901
0.692243481776017
0.6366019626401369
0.6900356568778182
0.6922434817762213
0.636601962640257
0.6900356568777984
0.69224348177614
0.6366019626402322
0.6900356568778001
0.692243481775861
0.636601962640231
0.6900356568778728
0.6922434817759133
0.6366019626401856
0.6900356568778591
0.6922434817760204
0.6366019626402233
0.6900356568778455
0.6922434817759577
0.6366019626401819
0.6900356568778723
0.6922434817762404
0.6366019626402513
0.6900356568778714
0.6922434817761608
0.6366019626401556
0.6900356568778074
0.6922434817759142
0.6366019626402027
0.6900356568778256
0.6922434817760073
0.6366019626402301
0.6900356568778525
0.6922434817760031
0.636601962640192
0.690035656877813
0.6922434817758071
0.636601962640149
0.6900356568778315
0.6922434817760011
0.6366019626401591
0.6900356568777819
0.6922434817758002
0.6366019626401368
0.6900356568778248
0.6922434817760493
0.6366019626402093
0.6900356568778545
0.6922434817762253
0.6366019626402102
0.6900356568778137
0.6922434817760912
0.6366019626402595
0.690035656877819
0.6922434817760961
0.6366019626401813
0.690035656877849
0.6922434817760319
0.6366019626402221
0.6900356568778728
0.6922434817757859
0.6366019626401982
0.6900356568778492
0.6922434817760318
0.6366019626402224
0.6900356568778194
0.6922434817760954
0.6366019626401824
0.690035656877814
0.6922434817760926
0.6366019626402591
0.6900356568778534
0.6922434817762255
0.6366019626402108
0.6900356568778225
0.6922434817760498
0.6366019626402087
0.6900356568777815
0.6922434817758009
0.6366019626401369
0.6900356568778319
0.6922434817760013
0.6366019626401607
0.6900356568778139
0.6922434817758076
0.6366019626401482
0.6900356568778533
0.6922434817760048
0.6366019626401933
0.6900356568778234
0.6922434817760101
0.6366019626402295
0.6900356568778047
0.6922434817759169
0.6366019626402031
0.6900356568778706
0.6922434817761629
0.6366019626401569
0.6900356568778734
0.6922434817762413
0.6366019626402512
0.6900356568778461
0.6922434817759552
0.6366019626401819
0.6900356568778612
0.6922434817760197
0.6366019626402221
0.6900356568778745
0.6922434817759149
0.6366019626401864
0.6900356568778008
0.6922434817758617
0.6366019626402306
0.6900356568777974
0.6922434817761429
0.6366019626402316
0.6900356568778168
0.6922434817762224
0.636601962640259
0.6900356568777906
0.6922434817760184
0.6366019626401365
0.6900356568777943
0.6922434817760643
0.6366019626401704
0.6900356568778034
0.6922434817760217
0.6366019626401722
0.6900356568778313
0.6922434817760306
0.6366019626402126
0.6900356568778382
0.6922434817760299
0.6366019626402193
0.6900356568777971
0.6922434817758845
0.6366019626402036
0.6900356568777951
0.6922434817759691
0.6366019626401787
0.6900356568778184
0.6922434817760913
0.6366019626401935
0.6900356568778627
0.6922434817760541
0.6366019626401819
0.6900356568778703
0.6922434817762704
0.6366019626402509
0.6900356568778354
0.6922434817761083
0.6366019626401824
0.6900356568778148
0.6922434817758669
0.6366019626402334
0.6900356568778558
0.6922434817759511
0.6366019626402297
0.6900356568778134
0.692243481775958
0.6366019626402244
0.690035656877758
0.6922434817758879
0.6366019626401328
0.690035656877815
0.6922434817761829
0.6366019626402174
0.6900356568778451
0.6922434817762022
0.6366019626401466
0.6900356568778011
0.6922434817758572
0.6366019626401452
0.690035656877859
0.6922434817760783
0.6366019626402393
0.6900356568778245
0.6922434817758774
0.6366019626401946
0.6900356568778558
0.6922434817759345
0.6366019626401667
0.6900356568778543
0.6922434817759989
0.6366019626401821
0.6900356568778281
0.6922434817758074
0.6366019626401692
0.6900356568778523
0.6922434817760805
0.636601962640201
0.6900356568778931
0.6922434817761867
0.6366019626401609
0.6900356568778457
0.6922434817761115
0.6366019626402633
0.6900356568778269
0.6922434817761607
0.6366019626402385
0.6900356568778083
0.6922434817759949
0.6366019626402282
0.6900356568777646
0.6922434817757379
0.6366019626401563
0.6900356568777495
0.6922434817759711
0.6366019626401895
0.6900356568777489
0.6922434817761259
0.6366019626401684
0.690035656877789
0.6922434817760215
0.6366019626402032
0.690035656877878
0.6922434817762394
0.6366019626401878
0.6900356568778634
0.692243481776124
0.6366019626402062
0.690035656877841
0.6922434817760353
0.6366019626401814
0.6900356568778194
0.692243481776049
0.6366019626401975
0.690035656877825
0.6922434817758187
0.6366019626401834
0.6900356568778422
0.6922434817760303
0.6366019626401798
0.6900356568778303
0.6922434817759742
0.6366019626401858
0.6900356568778325
0.6922434817759466
0.6366019626402069
0.6900356568778963
0.6922434817762494
0.6366019626402158
0.690035656877866
0.6922434817762273
0.636601962640265
0.690035656877773
0.6922434817759158
0.636601962640137
0.6900356568777786
0.6922434817759534
0.6366019626401896
0.6900356568778065
0.6922434817759127
0.6366019626401636
0.6900356568777672
0.692243481775759
0.6366019626401691
0.6900356568778223
0.6922434817761367
0.6366019626402086
0.6900356568778758
0.6922434817762527
0.636601962640287
0.6900356568778797
0.692243481776194
0.6366019626402378
0.6900356568778953
0.6922434817762588
0.6366019626401755
0.6900356568778354
0.6922434817758745
0.6366019626401838
0.6900356568778234
0.6922434817760299
0.6366019626401963
0.6900356568778377
0.6922434817759556
0.636601962640162
0.6900356568778201
0.6922434817758882
0.6366019626402076
0.6900356568778379
0.6922434817760456
0.6366019626402339
0.6900356568778427
0.6922434817760864
0.6366019626402091
0.6900356568778251
0.6922434817760343
0.6366019626401414
0.6900356568778141
0.6922434817762224
0.6366019626402195
0.6900356568777648
0.6922434817761183
0.6366019626401687
0.6900356568777535
0.6922434817757581
0.6366019626401656
0.6900356568778373
0.6922434817759413
0.6366019626402064
0.6900356568778341
0.6922434817759993
0.6366019626402573
0.6900356568778203
0.6922434817760206
0.6366019626402017
0.6900356568778541
0.6922434817761792
0.636601962640205
0.6900356568778722
0.6922434817760409
0.6366019626402404
0.690035656877886
0.6922434817762407
0.6366019626401767
0.6900356568778336
0.6922434817759958
0.6366019626401811
0.6900356568778038
0.6922434817758671
0.6366019626401922
0.6900356568778574
0.6922434817760037
0.6366019626402228
0.6900356568778615
0.6922434817760028
0.6366019626401982
0.6900356568777977
0.6922434817758075
0.6366019626401391
0.6900356568778144
0.6922434817760541
0.6366019626401751
0.690035656877835
0.6922434817762152
0.63660196264015
0.6900356568777763
0.6922434817760079
0.6366019626402
0.6900356568777862
0.6922434817761309
0.6366019626402073
0.6900356568778059
0.6922434817760026
0.6366019626402548
0.690035656877827
0.6922434817758376
0.636601962640218
0.6900356568778472
0.692243481775959
0.6366019626402079
0.6900356568778387
0.6922434817758204
0.6366019626402115
0.690035656877819
0.692243481776176
0.6366019626401997
0.6900356568778296
0.6922434817761878
0.6366019626402323
0.6900356568778117
0.6922434817761012
0.6366019626401986
0.6900356568778052
0.6922434817760756
0.6366019626402298
0.6900356568778063
0.6922434817760226
0.6366019626402082
0.6900356568777926
0.6922434817758018
0.636601962640144
0.6900356568778181
0.6922434817760075
0.6366019626401553
0.6900356568777961
0.6922434817760067
0.6366019626401702
0.6900356568777803
0.6922434817758378
0.6366019626401414
0.6900356568778587
0.692243481776204
0.6366019626401802
0.6900356568778458
0.6922434817762042
0.6366019626402819
0.6900356568778011
0.6922434817759835
0.6366019626401951
0.690035656877842
0.6922434817759271
0.6366019626402011
0.690035656877884
0.6922434817759837
0.6366019626401997