0.6831889545245788
0.6810041810117557
0.6598089331152666
0.6831889545245776
0.681004181011756
0.6598089331152643
0.6831889545245959
0.6810041810117555
0.6598089331152531
0.6831889545245884
0.6810041810117724
0.6598089331152892
0.6831889545245983
0.6810041810117866
0.6598089331153036
0.6831889545245888
0.6810041810117716
0.6598089331152548
0.6831889545245858
0.6810041810117695
0.6598089331152599
0.6831889545246139
0.6810041810117814
0.6598089331153038
0.683188954524593
0.6810041810117827
0.6598089331153159
0.6831889545246058
0.6810041810117659
0.6598089331152561
0.6831889545245795
0.6810041810117546
0.6598089331152289
0.6831889545245939
0.6810041810117711
0.6598089331152762
0.6831889545245957
0.6810041810117616
0.6598089331152712
0.6831889545245835
0.6810041810117399
0.6598089331152267
0.6831889545245836
0.6810041810117575
0.659808933115261
0.6831889545245862
0.6810041810117615
0.6598089331152625
0.683188954524584
0.6810041810117622
0.6598089331152999
0.6831889545245768
0.6810041810117691
0.6598089331152779
0.6831889545246027
0.6810041810117629
0.6598089331152406
0.6831889545245853
0.681004181011778
0.6598089331152912
0.6831889545245939
0.6810041810117875
0.6598089331153123
0.6831889545245892
0.6810041810117669
0.6598089331152405
0.6831889545245877
0.6810041810117632
0.6598089331152548
0.6831889545246002
0.6810041810117748
0.6598089331153165
0.6831889545246016
0.6810041810117722
0.6598089331153052
0.6831889545245916
0.6810041810117585
0.6598089331152279
0.6831889545245851
0.6810041810117489
0.6598089331152266
0.6831889545245862
0.6810041810117609
0.6598089331152818
0.6831889545245977
0.6810041810117607
0.6598089331152704
0.6831889545245919
0.6810041810117526
0.6598089331152219
0.6831889545245959
0.6810041810117569
0.659808933115253
0.6831889545245897
0.6810041810117693
0.6598089331152784
0.6831889545245831
0.6810041810117722
0.6598089331152936
0.6831889545245924
0.681004181011772
0.6598089331152859
0.6831889545245846
0.6810041810117644
0.6598089331152619
0.6831889545246109
0.6810041810117815
0.6598089331152897
0.6831889545245848
0.6810041810117793
0.6598089331153083
0.6831889545245876
0.6810041810117546
0.6598089331152471
0.6831889545245873
0.6810041810117533
0.6598089331152434
0.6831889545245957
0.6810041810117663
0.65980893311528
0.683188954524603
0.681004181011768
0.6598089331152992
0.6831889545245842
0.6810041810117499
0.659808933115238
0.6831889545245879
0.681004181011748
0.6598089331152274
0.6831889545245926
0.6810041810117702
0.659808933115278
0.6831889545246002
0.6810041810117708
0.6598089331152811
0.6831889545245873
0.6810041810117753
0.6598089331152897
0.6831889545246081
0.6810041810117701
0.6598089331152521
0.6831889545245816
0.6810041810117728
0.6598089331152848
0.6831889545245807
0.6810041810117728
0.6598089331153041
0.6831889545245972
0.6810041810117744
0.6598089331152733
0.6831889545245862
0.6810041810117605
0.6598089331152507
0.6831889545246045
0.681004181011772
0.6598089331152885
0.6831889545245817
0.6810041810117671
0.6598089331152897
0.683188954524584
0.6810041810117493
0.6598089331152119
0.6831889545245857
0.6810041810117495
0.6598089331152337
0.6831889545245933
0.6810041810117652
0.6598089331152964
0.6831889545245954
0.6810041810117644
0.6598089331152904
0.6831889545245922
0.6810041810117551
0.6598089331152233
0.6831889545245782
0.681004181011754
0.659808933115233
0.683188954524601
0.6810041810117766
0.6598089331153065
0.6831889545245988
0.6810041810117895
0.659808933115303
0.6831889545245962
0.6810041810117817
0.6598089331152954
0.6831889545245902
0.6810041810117659
0.6598089331152546
0.6831889545245902
0.6810041810117726
0.6598089331152697
0.6831889545245776
0.6810041810117662
0.6598089331152963
0.6831889545245833
0.6810041810117613
0.659808933115273
0.6831889545245936
0.6810041810117509
0.6598089331152373
0.683188954524592
0.6810041810117636
0.6598089331152619
0.6831889545245908
0.681004181011763
0.6598089331152841
0.6831889545245735
0.6810041810117402
0.6598089331152195
0.6831889545245959
0.6810041810117586
0.6598089331152441
0.6831889545245958
0.6810041810117688
0.6598089331152844
0.6831889545246014
0.6810041810117682
0.6598089331152979
0.6831889545245925
0.6810041810117637
0.6598089331152637
0.6831889545245844
0.6810041810117633
0.6598089331152448
0.683188954524589
0.6810041810117718
0.6598089331152557
0.6831889545245868
0.6810041810117872
0.6598089331153167
0.6831889545246133
0.6810041810117816
0.6598089331152863
0.6831889545245773
0.6810041810117557
0.6598089331152517
0.6831889545245959
0.6810041810117642
0.6598089331152854
0.6831889545245686
0.6810041810117531
0.6598089331152861
0.6831889545245866
0.6810041810117559
0.6598089331152461
0.6831889545245882
0.6810041810117469
0.6598089331152335
0.6831889545245913
0.6810041810117535
0.6598089331152699
0.6831889545245872
0.681004181011763
0.6598089331152827
0.6831889545245919
0.6810041810117564
0.6598089331152186
0.6831889545245907
0.6810041810117582
0.6598089331152461
0.683188954524611
0.6810041810117777
0.6598089331153172
0.683188954524599
0.6810041810117823
0.6598089331153196
0.6831889545246032
0.6810041810117708
0.6598089331152495
0.6831889545246007
0.6810041810117746
0.6598089331152641
0.6831889545245904
0.6810041810117715
0.6598089331152449
0.6831889545245935
0.6810041810117828
0.65980893311531
0.683188954524593
0.6810041810117682
0.6598089331152911
0.6831889545245853
0.6810041810117451
0.6598089331152337
0.6831889545245797
0.6810041810117561
0.6598089331152446
0.6831889545245753
0.681004181011752
0.6598089331152772
0.6831889545245745
0.6810041810117511
0.659808933115257
0.6831889545245889
0.6810041810117431
0.6598089331152275
0.6831889545245909
0.6810041810117621
0.6598089331152561
0.6831889545245884
0.68100418101177
0.6598089331152914
0.6831889545245939
0.6810041810117619
0.6598089331152426
0.6831889545245876
0.6810041810117676
0.6598089331152559
0.6831889545246187
0.681004181011789
0.6598089331153107
0.6831889545245945
0.6810041810117822
0.6598089331153185
0.6831889545246175
0.6810041810117883
0.6598089331153103
0.6831889545245866
0.6810041810117666
0.659808933115253
0.683188954524594
0.6810041810117621
0.6598089331152434
0.6831889545245866
0.6810041810117694
0.6598089331152903
0.6831889545245898
0.6810041810117606
0.6598089331152552
0.6831889545245873
0.6810041810117425
0.6598089331152275
0.6831889545245747
0.6810041810117512
0.6598089331152577
0.683188954524576
0.6810041810117526
0.6598089331152794
0.68318895452458
0.6810041810117562
0.6598089331152444
0.6831889545245875
0.681004181011746
0.6598089331152364
0.6831889545245943
0.6810041810117693
0.6598089331152918
0.6831889545245946
0.6810041810117837
0.6598089331153112
0.6831889545245917
0.6810041810117733
0.6598089331152448
0.6831889545246009
0.6810041810117751
0.6598089331152637
0.683188954524595
0.6810041810117828
0.6598089331153173
0.6831889545245982
0.6810041810117812
0.6598089331153195
0.6831889545246104
0.6810041810117776
0.6598089331153172
0.6831889545245899
0.6810041810117573
0.6598089331152472
0.6831889545245903
0.6810041810117546
0.6598089331152179
0.6831889545245864
0.6810041810117616
0.6598089331152831
0.6831889545245905
0.6810041810117525
0.6598089331152692
0.6831889545245882
0.6810041810117462
0.6598089331152339
0.6831889545245866
0.6810041810117566
0.6598089331152464
0.6831889545245684
0.6810041810117525
0.6598089331152852
0.6831889545245959
0.6810041810117646
0.6598089331152838
0.683188954524579
0.6810041810117569
0.6598089331152517
0.6831889545246141
0.6810041810117831
0.6598089331152859
0.6831889545245879
0.6810041810117892
0.6598089331153177
0.6831889545245902
0.6810041810117721
0.6598089331152541
0.6831889545246032
0.6810041810117717
0.6598089331152508
0.6831889545245926
0.6810041810117642
0.6598089331152638
0.6831889545245998
0.6810041810117675
0.6598089331152978
0.6831889545245945
0.6810041810117685
0.6598089331152828
0.6831889545245953
0.6810041810117582
0.6598089331152434
0.6831889545245723
0.6810041810117397
0.6598089331152179
0.6831889545245908
0.6810041810117636
0.6598089331152854
0.6831889545245919
0.6810041810117632
0.6598089331152597
0.6831889545245938
0.6810041810117515
0.6598089331152373
0.6831889545245837
0.6810041810117611
0.6598089331152726
0.6831889545245782
0.6810041810117677
0.6598089331152971
0.6831889545245924
0.6810041810117735
0.65980893311527
0.6831889545245916
0.6810041810117679
0.6598089331152555
0.6831889545245975
0.6810041810117835
0.6598089331152991
0.6831889545245996
0.6810041810117898
0.6598089331153025
0.683188954524586
0.6810041810117642
0.6598089331152471
0.6831889545245782
0.6810041810117538
0.6598089331152319
0.6831889545245919
0.6810041810117549
0.659808933115223
0.6831889545245946
0.6810041810117639
0.6598089331152908
0.6831889545245922
0.6810041810117636
0.6598089331152945
0.6831889545245855
0.6810041810117483
0.6598089331152335
0.6831889545245826
0.6810041810117486
0.659808933115212
0.6831889545245813
0.681004181011766
0.6598089331152899
0.6831889545246048
0.6810041810117717
0.6598089331152895
0.6831889545245866
0.6810041810117609
0.659808933115251
0.6831889545245984
0.6810041810117755
0.6598089331152766
0.6831889545245815
0.681004181011774
0.6598089331153045
0.6831889545245828
0.6810041810117747
0.6598089331152863
0.683188954524609
0.6810041810117715
0.6598089331152515
0.6831889545245879
0.681004181011776
0.6598089331152905
0.6831889545246016
0.6810041810117772
0.6598089331153052
0.6831889545245922
0.6810041810117695
0.6598089331152777
0.6831889545245875
0.6810041810117482
0.6598089331152276
0.6831889545245835
0.6810041810117486
0.6598089331152395
0.6831889545246015
0.6810041810117664
0.6598089331152988
0.6831889545245948
0.6810041810117656
0.6598089331152817
0.6831889545245862
0.6810041810117522
0.6598089331152425
0.6831889545245882
0.6810041810117551
0.6598089331152492
0.6831889545245853
0.6810041810117793
0.6598089331153076
0.6831889545246115
0.6810041810117826
0.6598089331152897
0.6831889545245855
0.6810041810117662
0.6598089331152612
0.6831889545245939
0.6810041810117737
0.6598089331152862
0.6831889545245846
0.681004181011774
0.6598089331152932
0.6831889545245904
0.6810041810117703
0.659808933115279
0.6831889545245969
0.6810041810117576
0.659808933115252
0.6831889545246013
0.6810041810117723
0.659808933115283
0.6831889545245985
0.6810041810117607
0.6598089331152699
0.6831889545245854
0.6810041810117602
0.659808933115283
0.6831889545245843
0.6810041810117473
0.6598089331152243
0.6831889545245908
0.6810041810117569
0.6598089331152274
0.6831889545245999
0.681004181011771
0.6598089331153043
0.6831889545245992
0.681004181011774
0.6598089331153145
0.6831889545245873
0.6810041810117629
0.6598089331152539
0.6831889545245902
0.6810041810117672
0.6598089331152397
0.6831889545245949
0.681004181011789
0.6598089331153121
0.6831889545245851
0.6810041810117795
0.6598089331152914
0.6831889545246047
0.6810041810117641
0.6598089331152419
0.6831889545245782
0.6810041810117708
0.6598089331152799
0.6831889545245842
0.6810041810117624
0.6598089331153011
0.6831889545245865
0.6810041810117613
0.6598089331152635
0.6831889545245928
0.6810041810117539
0.6598089331152244
0.6831889545245832
0.6810041810117391
0.6598089331152255
0.6831889545245942
0.6810041810117613
0.6598089331152703
0.6831889545245924
0.6810041810117691
0.6598089331152743
0.683188954524579
0.6810041810117542
0.6598089331152283
0.6831889545246053
0.6810041810117656
0.6598089331152568
0.6831889545245909
0.6810041810117812
0.6598089331153156
0.6831889545246131
0.6810041810117812
0.6598089331153039
0.6831889545245862
0.6810041810117697
0.6598089331152603
0.6831889545245894
0.6810041810117726
0.659808933115256
0.6831889545246004
0.6810041810117882
0.6598089331153061
0.6831889545245896
0.6810041810117735
0.6598089331152891
0.683188954524597
0.6810041810117564
0.6598089331152548
0.6831889545245782
0.6810041810117564
0.6598089331152629
0.6831889545245791
0.6810041810117563
0.6598089331152663
0.6831889545245847
0.6810041810117584
0.6598089331152603
0.6831889545245875
0.6810041810117522
0.6598089331152581
0.6831889545245864
0.6810041810117464
0.6598089331152192
0.6831889545245968
0.6810041810117643
0.659808933115279
0.6831889545245919
0.6810041810117746
0.659808933115309
0.6831889545245884
0.6810041810117652
0.6598089331152488
0.6831889545246023
0.681004181011775
0.6598089331152575
0.6831889545246005
0.6810041810117805
0.6598089331153214
0.6831889545246008
0.6810041810117808
0.6598089331153196
0.6831889545246035
0.6810041810117762
0.6598089331152583
0.6831889545245886
0.6810041810117664
0.6598089331152478
0.6831889545245925
0.6810041810117755
0.6598089331153092
0.6831889545245986
0.6810041810117655
0.6598089331152783
0.683188954524587
0.6810041810117474
0.6598089331152188
0.6831889545245884
0.6810041810117533
0.659808933115259
0.6831889545245683
0.681004181011752
0.6598089331152821