0.6851691137208731
0.6837232673475147
0.6604389094159009
0.6851691137208851
0.6837232673475178
0.660438909415859
0.6851691137208709
0.6837232673474963
0.6604389094158488
0.6851691137208784
0.6837232673475082
0.6604389094159011
0.6851691137208643
0.6837232673475121
0.6604389094159131
0.6851691137208527
0.6837232673474909
0.6604389094158472
0.6851691137208485
0.6837232673474876
0.6604389094158651
0.6851691137208678
0.6837232673475022
0.660438909415912
0.6851691137208487
0.6837232673474993
0.6604389094159092
0.6851691137208656
0.6837232673474921
0.6604389094158523
0.6851691137208493
0.6837232673474892
0.6604389094158489
0.685169113720861
0.6837232673475118
0.6604389094159004
0.6851691137208881
0.6837232673475175
0.6604389094158714
0.6851691137208712
0.6837232673475052
0.6604389094158454
0.6851691137208811
0.6837232673475155
0.6604389094158754
0.6851691137208797
0.6837232673475135
0.6604389094158626
0.6851691137208684
0.6837232673475053
0.660438909415895
0.685169113720864
0.6837232673475018
0.6604389094158929
0.6851691137208894
0.6837232673474953
0.6604389094158574
0.6851691137208562
0.6837232673474971
0.6604389094158851
0.6851691137208695
0.6837232673475068
0.6604389094159171
0.6851691137208522
0.6837232673474837
0.6604389094158507
0.685169113720849
0.6837232673474855
0.660438909415844
0.6851691137208744
0.6837232673475035
0.6604389094159124
0.6851691137208625
0.6837232673475011
0.6604389094159114
0.6851691137208593
0.6837232673474972
0.6604389094158452
0.6851691137208628
0.6837232673474964
0.6604389094158203
0.6851691137208656
0.6837232673475162
0.6604389094158944
0.6851691137208795
0.6837232673475151
0.6604389094158791
0.6851691137208737
0.6837232673475001
0.6604389094158439
0.6851691137208655
0.6837232673474961
0.6604389094158524
0.6851691137208711
0.683723267347504
0.6604389094158878
0.6851691137208625
0.683723267347503
0.6604389094159124
0.6851691137208631
0.6837232673474991
0.6604389094158802
0.6851691137208681
0.6837232673474889
0.6604389094158606
0.6851691137208711
0.6837232673475035
0.6604389094159062
0.6851691137208593
0.6837232673475077
0.6604389094159053
0.6851691137208619
0.6837232673474947
0.6604389094158507
0.6851691137208649
0.6837232673474966
0.6604389094158645
0.6851691137208631
0.6837232673475075
0.6604389094159004
0.6851691137208861
0.6837232673475218
0.6604389094158885
0.6851691137208585
0.6837232673475022
0.6604389094158483
0.685169113720866
0.6837232673475004
0.6604389094158322
0.6851691137208619
0.6837232673475182
0.6604389094158969
0.6851691137208877
0.6837232673475183
0.6604389094158709
0.6851691137208646
0.6837232673475069
0.6604389094158998
0.6851691137208793
0.6837232673474956
0.6604389094158596
0.6851691137208542
0.683723267347499
0.6604389094158873
0.6851691137208564
0.6837232673474976
0.6604389094159132
0.6851691137208719
0.6837232673475027
0.660438909415896
0.6851691137208544
0.683723267347491
0.6604389094158609
0.6851691137208874
0.6837232673475124
0.6604389094158987
0.6851691137208594
0.6837232673475082
0.6604389094159127
0.6851691137208601
0.6837232673474956
0.660438909415838
0.6851691137208722
0.6837232673475047
0.6604389094158285
0.6851691137208756
0.6837232673475164
0.6604389094158978
0.6851691137208771
0.6837232673475138
0.6604389094159006
0.6851691137208682
0.6837232673475059
0.6604389094158444
0.6851691137208649
0.6837232673475004
0.6604389094158225
0.6851691137208636
0.6837232673475089
0.6604389094158976
0.6851691137208711
0.6837232673475114
0.660438909415908
0.6851691137208575
0.683723267347495
0.6604389094158882
0.6851691137208737
0.6837232673474898
0.6604389094158658
0.6851691137208584
0.6837232673474948
0.6604389094158891
0.6851691137208575
0.6837232673474958
0.6604389094158993
0.6851691137208702
0.6837232673475009
0.6604389094158871
0.685169113720872
0.6837232673474948
0.6604389094158594
0.6851691137208727
0.6837232673475095
0.6604389094158877
0.6851691137208775
0.6837232673475195
0.6604389094158822
0.6851691137208584
0.6837232673475013
0.6604389094158328
0.6851691137208739
0.6837232673475033
0.6604389094158434
0.6851691137208713
0.6837232673475135
0.6604389094158987
0.6851691137208835
0.6837232673475149
0.6604389094158806
0.6851691137208582
0.6837232673474933
0.6604389094158416
0.6851691137208555
0.6837232673474868
0.6604389094158507
0.6851691137208511
0.6837232673474881
0.6604389094158412
0.6851691137208553
0.6837232673474998
0.6604389094159135
0.6851691137208773
0.6837232673475016
0.6604389094159
0.6851691137208562
0.6837232673474852
0.6604389094158494
0.6851691137208804
0.6837232673475069
0.6604389094158885
0.685169113720864
0.683723267347506
0.6604389094159158
0.6851691137208684
0.6837232673475093
0.6604389094158778
0.6851691137208871
0.68372326734751
0.6604389094158408
0.6851691137208764
0.6837232673475188
0.6604389094158859
0.685169113720871
0.6837232673475213
0.6604389094158953
0.6851691137208579
0.6837232673474996
0.6604389094158367
0.6851691137208745
0.6837232673475081
0.6604389094158354
0.6851691137208649
0.6837232673475111
0.6604389094159043
0.6851691137208678
0.6837232673475034
0.6604389094159147
0.6851691137208623
0.6837232673474921
0.6604389094158557
0.6851691137208566
0.6837232673474889
0.6604389094158581
0.6851691137208484
0.683723267347486
0.6604389094158559
0.6851691137208566
0.683723267347508
0.6604389094159109
0.6851691137208831
0.6837232673475115
0.6604389094158977
0.6851691137208709
0.6837232673474957
0.6604389094158667
0.6851691137208781
0.6837232673475138
0.6604389094158807
0.6851691137208786
0.683723267347516
0.6604389094158833
0.6851691137208771
0.6837232673475186
0.66043890941588
0.6851691137208828
0.6837232673475032
0.6604389094158424
0.6851691137208752
0.6837232673475188
0.6604389094158831
0.685169113720874
0.6837232673475195
0.6604389094158869
0.6851691137208558
0.683723267347494
0.6604389094158362
0.6851691137208504
0.6837232673474904
0.6604389094158578
0.6851691137208759
0.6837232673475067
0.6604389094159142
0.6851691137208478
0.6837232673474964
0.6604389094159047
0.6851691137208599
0.6837232673474944
0.6604389094159113
0.6851691137208461
0.6837232673474851
0.6604389094158492
0.6851691137208564
0.6837232673474887
0.6604389094158448
0.6851691137208689
0.6837232673475081
0.6604389094159104
0.6851691137208709
0.6837232673475091
0.6604389094158873
0.6851691137208906
0.6837232673475045
0.6604389094158281
0.6851691137208779
0.6837232673475135
0.6604389094158738
0.6851691137208795
0.6837232673475198
0.6604389094159014
0.6851691137208771
0.683723267347512
0.6604389094158722
0.6851691137208901
0.6837232673475048
0.6604389094158291
0.6851691137208693
0.6837232673475084
0.6604389094158866
0.6851691137208681
0.6837232673475084
0.6604389094159108
0.6851691137208555
0.6837232673474885
0.6604389094158456
0.6851691137208442
0.6837232673474836
0.6604389094158476
0.6851691137208591
0.6837232673474958
0.6604389094159138
0.6851691137208478
0.6837232673474944
0.6604389094159036
0.6851691137208775
0.6837232673475082
0.6604389094159155
0.6851691137208504
0.6837232673474899
0.6604389094158568
0.685169113720857
0.6837232673474949
0.660438909415837
0.6851691137208755
0.6837232673475215
0.6604389094158893
0.6851691137208765
0.6837232673475191
0.6604389094158823
0.6851691137208837
0.6837232673475054
0.6604389094158446
0.6851691137208765
0.6837232673475182
0.6604389094158802
0.6851691137208786
0.6837232673475157
0.6604389094158829
0.6851691137208777
0.6837232673475149
0.6604389094158826
0.6851691137208691
0.6837232673474944
0.6604389094158639
0.6851691137208822
0.6837232673475108
0.6604389094158984
0.6851691137208541
0.6837232673475055
0.6604389094159081
0.6851691137208479
0.6837232673474843
0.6604389094158545
0.6851691137208564
0.6837232673474881
0.6604389094158583
0.685169113720862
0.683723267347492
0.6604389094158554
0.6851691137208682
0.6837232673475058
0.6604389094159178
0.6851691137208662
0.6837232673475118
0.6604389094159046
0.6851691137208749
0.6837232673475099
0.6604389094158357
0.6851691137208591
0.6837232673475013
0.6604389094158394
0.6851691137208717
0.6837232673475209
0.6604389094158931
0.6851691137208766
0.6837232673475193
0.6604389094158877
0.6851691137208868
0.6837232673475082
0.6604389094158379
0.6851691137208682
0.6837232673475091
0.6604389094158778
0.6851691137208643
0.6837232673475062
0.6604389094159153
0.6851691137208792
0.6837232673475045
0.6604389094158863
0.6851691137208545
0.6837232673474849
0.66043890941585
0.685169113720876
0.6837232673474999
0.6604389094158989
0.6851691137208542
0.6837232673474989
0.6604389094159138
0.6851691137208499
0.6837232673474887
0.6604389094158414
0.6851691137208544
0.6837232673474849
0.6604389094158474
0.685169113720859
0.6837232673474942
0.6604389094158434
0.6851691137208843
0.6837232673475137
0.6604389094158782
0.6851691137208733
0.6837232673475147
0.6604389094158996
0.6851691137208746
0.6837232673475038
0.6604389094158422
0.6851691137208584
0.6837232673475004
0.6604389094158318
0.6851691137208784
0.6837232673475211
0.660438909415884
0.6851691137208724
0.6837232673475084
0.6604389094158852
0.6851691137208713
0.683723267347496
0.6604389094158614
0.6851691137208695
0.6837232673475004
0.6604389094158867
0.685169113720856
0.6837232673474949
0.6604389094158989
0.6851691137208575
0.6837232673474942
0.6604389094158896
0.6851691137208724
0.6837232673474882
0.6604389094158647
0.6851691137208562
0.6837232673474949
0.6604389094158887
0.6851691137208699
0.6837232673475102
0.6604389094159084
0.6851691137208638
0.6837232673475084
0.6604389094158968
0.6851691137208655
0.6837232673475008
0.6604389094158232
0.6851691137208679
0.6837232673475061
0.6604389094158432
0.6851691137208783
0.6837232673475164
0.6604389094159036
0.6851691137208764
0.6837232673475178
0.6604389094158977
0.6851691137208724
0.6837232673475052
0.6604389094158286
0.6851691137208605
0.683723267347498
0.6604389094158399
0.6851691137208594
0.6837232673475087
0.6604389094159131
0.6851691137208878
0.6837232673475133
0.6604389094158993
0.6851691137208532
0.6837232673474892
0.6604389094158611
0.6851691137208709
0.6837232673475013
0.6604389094158942
0.6851691137208555
0.6837232673474962
0.6604389094159144
0.6851691137208518
0.6837232673474964
0.6604389094158832
0.685169113720879
0.6837232673474948
0.6604389094158598
0.6851691137208633
0.683723267347506
0.6604389094158983
0.6851691137208873
0.6837232673475182
0.6604389094158725
0.6851691137208613
0.683723267347518
0.6604389094158962
0.6851691137208668
0.6837232673475007
0.6604389094158319
0.6851691137208595
0.6837232673475049
0.6604389094158503
0.6851691137208873
0.6837232673475221
0.6604389094158889
0.6851691137208651
0.6837232673475089
0.6604389094159013
0.6851691137208649
0.6837232673474969
0.6604389094158649
0.6851691137208611
0.6837232673474931
0.6604389094158476
0.6851691137208586
0.683723267347508
0.6604389094159071
0.6851691137208702
0.6837232673475003
0.660438909415902
0.6851691137208664
0.6837232673474869
0.6604389094158598
0.6851691137208618
0.6837232673474976
0.6604389094158805
0.6851691137208616
0.6837232673475004
0.6604389094159104
0.6851691137208706
0.6837232673475047
0.6604389094158887
0.6851691137208653
0.6837232673474949
0.6604389094158513
0.685169113720873
0.6837232673475004
0.6604389094158443
0.6851691137208797
0.6837232673475169
0.6604389094158803
0.685169113720866
0.6837232673475162
0.6604389094158931
0.6851691137208646
0.6837232673474984
0.6604389094158221
0.6851691137208598
0.6837232673474967
0.6604389094158429
0.6851691137208635
0.6837232673475019
0.6604389094159122
0.6851691137208751
0.6837232673475047
0.6604389094159129
0.6851691137208493
0.6837232673474845
0.6604389094158423
0.6851691137208513
0.6837232673474842
0.6604389094158536
0.685169113720868
0.6837232673475051
0.6604389094159155
0.6851691137208549
0.6837232673474962
0.6604389094158859
0.6851691137208877
0.6837232673474944
0.6604389094158571
0.685169113720864
0.6837232673475014
0.6604389094158933
0.6851691137208686
0.6837232673475068
0.6604389094158962
0.6851691137208793
0.6837232673475121
0.6604389094158614
0.6851691137208812
0.683723267347516
0.6604389094158758
0.685169113720872
0.6837232673475054
0.6604389094158445
0.6851691137208891
0.6837232673475181
0.6604389094158722
0.6851691137208622
0.6837232673475128
0.6604389094159021
0.6851691137208493
0.6837232673474896
0.6604389094158472
0.6851691137208671
0.6837232673474947
0.660438909415856
0.6851691137208495
0.6837232673475007
0.6604389094159098
0.6851691137208671
0.6837232673475022
0.6604389094159129
0.6851691137208487
0.6837232673474885
0.6604389094158656
0.6851691137208511
0.6837232673474887
0.6604389094158465
0.6851691137208635
0.6837232673475113
0.6604389094159132
0.6851691137208771
0.6837232673475058
0.6604389094159
0.6851691137208691
0.6837232673474939
0.6604389094158466
0.6851691137208848
0.6837232673475165
0.6604389094158601
0.6851691137208717
0.6837232673475113
0.6604389094158977