0.6889332614453298
0.6934004666426268
0.6276667233372184
0.6889332614454439
0.6934004666427693
0.627666723337482
0.6889332614455113
0.6934004666430928
0.6276667233374177
0.6889332614453407
0.6934004666428293
0.62766672333732
0.6889332614454807
0.6934004666430444
0.6276667233374096
0.6889332614454091
0.6934004666428791
0.627666723337418
0.6889332614454495
0.6934004666428755
0.6276667233373274
0.6889332614453725
0.693400466642762
0.6276667233373459
0.6889332614452828
0.69340046664261
0.6276667233373829
0.6889332614455175
0.6934004666431524
0.627666723337338
0.6889332614454275
0.6934004666429194
0.6276667233374815
0.6889332614454673
0.6934004666429318
0.6276667233373687
0.6889332614453847
0.6934004666429943
0.6276667233374053
0.6889332614453311
0.6934004666425935
0.627666723337295
0.6889332614454091
0.6934004666428585
0.6276667233375
0.6889332614454444
0.6934004666427657
0.6276667233374802
0.6889332614453859
0.693400466642897
0.6276667233373084
0.6889332614453719
0.6934004666426992
0.6276667233374129
0.6889332614454784
0.6934004666429396
0.6276667233373706
0.6889332614453997
0.6934004666428648
0.627666723337322
0.6889332614454525
0.6934004666429303
0.62766672333745
0.6889332614454474
0.693400466643006
0.6276667233373798
0.6889332614453928
0.6934004666428454
0.6276667233373248
0.688933261445404
0.693400466642913
0.6276667233373928
0.6889332614453525
0.6934004666426774
0.6276667233374482
0.6889332614454635
0.693400466642883
0.6276667233372479
0.688933261445394
0.6934004666430125
0.6276667233375006
0.6889332614453404
0.6934004666427016
0.6276667233373343
0.6889332614453825
0.6934004666429965
0.6276667233374044
0.6889332614454571
0.6934004666428256
0.6276667233373286
0.688933261445504
0.6934004666430891
0.6276667233374171
0.6889332614453645
0.6934004666426942
0.6276667233374122
0.6889332614453559
0.6934004666427454
0.6276667233372597
0.688933261445423
0.6934004666427254
0.6276667233374155
0.6889332614454349
0.6934004666428083
0.6276667233374071
0.6889332614454328
0.6934004666429847
0.6276667233372841
0.6889332614453856
0.6934004666428905
0.6276667233374441
0.6889332614454708
0.6934004666431477
0.6276667233374267
0.6889332614454615
0.6934004666429116
0.6276667233373885
0.6889332614453354
0.6934004666426334
0.6276667233373018
0.6889332614453049
0.6934004666427573
0.6276667233374631
0.6889332614453352
0.69340046664265
0.6276667233372137
0.688933261445387
0.6934004666430025
0.6276667233374977
0.6889332614454554
0.6934004666429266
0.6276667233373686
0.688933261445416
0.6934004666429039
0.6276667233373853
0.6889332614453401
0.6934004666428322
0.6276667233373185
0.6889332614454817
0.6934004666429403
0.6276667233373704
0.6889332614454349
0.6934004666427334
0.6276667233374171
0.6889332614453179
0.693400466642619
0.627666723337297
0.6889332614454555
0.6934004666428443
0.6276667233373782
0.6889332614453856
0.6934004666427878
0.627666723337405
0.6889332614454702
0.693400466643146
0.6276667233373329
0.6889332614454706
0.6934004666429685
0.6276667233375108
0.6889332614454202
0.693400466642885
0.6276667233373381
0.6889332614454229
0.6934004666430007
0.6276667233374069
0.6889332614452206
0.6934004666424127
0.6276667233372697
0.6889332614453203
0.6934004666427722
0.6276667233374653
0.6889332614454645
0.6934004666428837
0.6276667233372472
0.688933261445422
0.6934004666429152
0.62766672333748
0.6889332614455115
0.6934004666431977
0.6276667233374572
0.688933261445484
0.6934004666430487
0.6276667233374109
0.6889332614454089
0.6934004666428698
0.6276667233373233
0.6889332614454489
0.693400466642822
0.6276667233374094
0.6889332614454562
0.6934004666428466
0.6276667233373785
0.6889332614452561
0.6934004666425859
0.6276667233372941
0.6889332614454965
0.6934004666430036
0.627666723337427
0.6889332614454693
0.6934004666428635
0.6276667233374721
0.6889332614454213
0.6934004666428785
0.6276667233372435
0.6889332614454291
0.6934004666430558
0.6276667233375295
0.6889332614452959
0.6934004666426551
0.6276667233373049
0.6889332614454363
0.6934004666430134
0.6276667233374102
0.6889332614453569
0.6934004666426535
0.6276667233373063
0.6889332614453542
0.6934004666426781
0.6276667233374456
0.6889332614455084
0.6934004666431417
0.6276667233373356
0.6889332614453441
0.6934004666428406
0.6276667233374134
0.6889332614454082
0.6934004666428784
0.6276667233374179
0.6889332614454505
0.6934004666429244
0.6276667233374476
0.6889332614454313
0.6934004666429822
0.627666723337284
0.6889332614453707
0.6934004666427701
0.6276667233374016
0.6889332614454822
0.6934004666429905
0.6276667233374247
0.6889332614453391
0.6934004666426578
0.6276667233373616
0.6889332614454446
0.6934004666427367
0.6276667233373394
0.6889332614454216
0.6934004666429454
0.6276667233374889
0.6889332614452832
0.6934004666426369
0.6276667233372094
0.6889332614454247
0.6934004666430521
0.6276667233375273
0.6889332614454258
0.693400466642889
0.6276667233373403
0.6889332614454733
0.6934004666429231
0.6276667233373905
0.688933261445392
0.693400466642905
0.6276667233373936
0.6889332614452599
0.6934004666425901
0.6276667233373767
0.6889332614454757
0.6934004666429932
0.6276667233372893
0.6889332614454579
0.6934004666428826
0.6276667233373289
0.6889332614454503
0.6934004666430066
0.6276667233373812
0.6889332614453904
0.6934004666428921
0.6276667233374449
0.6889332614454602
0.6934004666431316
0.6276667233373326
0.688933261445457
0.6934004666428526
0.6276667233374702
0.6889332614454469
0.693400466642739
0.6276667233373401
0.6889332614453028
0.6934004666427511
0.6276667233373789
0.6889332614453088
0.6934004666424946
0.627666723337303
0.6889332614454183
0.6934004666429399
0.6276667233374883
0.6889332614454102
0.6934004666428664
0.6276667233372438
0.6889332614454717
0.6934004666429667
0.627666723337512
0.6889332614454806
0.6934004666431608
0.6276667233374296
0.688933261445388
0.6934004666428439
0.6276667233373249
0.6889332614453627
0.693400466642756
0.6276667233373453
0.6889332614453373
0.6934004666426383
0.6276667233373843
0.688933261445377
0.6934004666427672
0.6276667233373471
0.688933261445398
0.6934004666428518
0.6276667233373261
0.6889332614454784
0.6934004666431586
0.627666723337429
0.6889332614454666
0.6934004666429622
0.627666723337511
0.6889332614454136
0.6934004666428685
0.6276667233372445
0.6889332614454277
0.693400466642947
0.6276667233374897
0.6889332614453105
0.6934004666424955
0.6276667233373034
0.6889332614452914
0.6934004666427414
0.6276667233373774
0.6889332614454331
0.6934004666427279
0.6276667233373381
0.6889332614454552
0.6934004666428524
0.6276667233374702
0.6889332614454671
0.6934004666431386
0.6276667233373339
0.6889332614453914
0.6934004666428939
0.6276667233374456
0.688933261445442
0.6934004666430004
0.62766672333738
0.6889332614454502
0.6934004666428762
0.6276667233373274
0.688933261445342
0.6934004666426415
0.6276667233373849
0.6889332614452748
0.6934004666426019
0.6276667233373794
0.6889332614453959
0.6934004666429088
0.6276667233373944
0.6889332614454662
0.6934004666429188
0.6276667233373902
0.6889332614454176
0.6934004666428839
0.627666723337339
0.6889332614454255
0.6934004666430531
0.6276667233375275
0.6889332614452854
0.6934004666426399
0.62766672333721
0.688933261445415
0.6934004666429396
0.6276667233374881
0.6889332614454283
0.6934004666427234
0.6276667233373366
0.6889332614453287
0.6934004666426495
0.6276667233373596
0.688933261445486
0.693400466642995
0.6276667233374248
0.6889332614453795
0.6934004666427773
0.6276667233374025
0.6889332614454307
0.6934004666429814
0.6276667233372839
0.6889332614454423
0.6934004666429171
0.6276667233374464
0.6889332614454049
0.6934004666428737
0.6276667233374167
0.6889332614454857
0.6934004666429996
0.6276667233372901
0.6889332614455157
0.6934004666431469
0.6276667233373372
0.6889332614453487
0.6934004666426742
0.6276667233374451
0.6889332614453431
0.6934004666426444
0.6276667233373054
0.6889332614454298
0.6934004666430089
0.6276667233374091
0.6889332614452985
0.693400466642658
0.6276667233373044
0.6889332614454322
0.6934004666430593
0.6276667233375297
0.688933261445416
0.6934004666428744
0.627666723337243
0.6889332614454599
0.6934004666428564
0.627666723337471
0.6889332614454973
0.6934004666430051
0.6276667233374277
0.6889332614452692
0.6934004666425975
0.6276667233372966
0.6889332614454663
0.6934004666428555
0.62766672333738
0.6889332614454458
0.6934004666428187
0.6276667233374098
0.6889332614454007
0.693400466642861
0.6276667233373218
0.6889332614454816
0.6934004666430447
0.6276667233374099
0.6889332614453525
0.6934004666428466
0.6276667233374138
0.6889332614454229
0.6934004666429158
0.62766672333748
0.6889332614454535
0.6934004666428742
0.6276667233372456
0.6889332614453084
0.6934004666427626
0.627666723337464
0.6889332614452206
0.693400466642413
0.6276667233372693
0.6889332614454332
0.6934004666430089
0.6276667233374078
0.688933261445428
0.6934004666428917
0.6276667233373392
0.6889332614454696
0.6934004666429687
0.6276667233375118
0.6889332614454682
0.693400466643144
0.627666723337333
0.6889332614453936
0.6934004666427955
0.6276667233374065
0.6889332614454728
0.69340046664286
0.6276667233373805
0.6889332614453263
0.6934004666426264
0.6276667233372983
0.6889332614454287
0.6934004666427285
0.6276667233374167
0.6889332614454741
0.6934004666429334
0.627666723337369
0.6889332614453397
0.6934004666428311
0.6276667233373183
0.6889332614455174
0.6934004666432023
0.6276667233374582
0.6889332614454542
0.6934004666429245
0.6276667233373678
0.6889332614453751
0.6934004666429917
0.6276667233374957
0.6889332614453278
0.6934004666426434
0.6276667233372122
0.6889332614453122
0.6934004666427622
0.6276667233374639
0.6889332614453479
0.6934004666426432
0.6276667233373032
0.6889332614454668
0.6934004666429157
0.6276667233373892
0.6889332614454677
0.6934004666431435
0.6276667233374263
0.688933261445382
0.6934004666428859
0.6276667233374436
0.6889332614454391
0.6934004666429892
0.6276667233372843
0.6889332614454459
0.6934004666428174
0.627666723337408
0.6889332614454227
0.6934004666427267
0.6276667233374154
0.6889332614453471
0.6934004666427399
0.6276667233372595
0.6889332614453584
0.6934004666426902
0.627666723337412
0.688933261445507
0.6934004666430916
0.6276667233374177
0.6889332614454227
0.6934004666429103
0.6276667233373867
0.688933261445381
0.6934004666429952
0.6276667233374036
0.6889332614453316
0.6934004666426947
0.627666723337333
0.6889332614453922
0.6934004666430111
0.6276667233375006
0.6889332614454733
0.6934004666428912
0.6276667233372493
0.6889332614453609
0.693400466642684
0.6276667233374491
0.6889332614454002
0.6934004666429092
0.6276667233373924
0.6889332614453813
0.6934004666428344
0.6276667233373228
0.6889332614454385
0.6934004666429965
0.6276667233373785
0.6889332614454533
0.6934004666429288
0.6276667233374493
0.6889332614454027
0.6934004666428666
0.6276667233373215
0.6889332614454715
0.6934004666429352
0.6276667233373696
0.6889332614453609
0.6934004666426924
0.6276667233374121
0.6889332614453854
0.6934004666428981
0.627666723337309
0.6889332614454525
0.6934004666427731
0.6276667233374811
0.688933261445465
0.6934004666428324
0.6276667233373294
0.6889332614453292
0.6934004666425924
0.6276667233372948
0.6889332614453793
0.6934004666429905
0.6276667233374049
0.68893326144547
0.6934004666429354
0.6276667233373697
0.6889332614454374
0.6934004666429276
0.6276667233374829
0.6889332614455197
0.6934004666431544
0.6276667233373381
0.6889332614452733
0.6934004666426035
0.6276667233373819
0.6889332614453609
0.6934004666427511
0.6276667233373441
0.6889332614454435
0.6934004666428688
0.6276667233373263
0.6889332614454126
0.6934004666428799
0.6276667233374181
0.6889332614454824
0.6934004666430452
0.6276667233374097
0.6889332614453338
0.6934004666428245
0.6276667233373195
0.6889332614455053
0.6934004666430897
0.6276667233374174
0.6889332614454486
0.693400466642774
0.6276667233374829
0.688933261445341
0.6934004666426361
0.6276667233372197
0.6889332614454167
0.6934004666428648
0.6276667233375006
0.6889332614453973
0.6934004666428467
0.627666723337496
0.6889332614454478
0.6934004666428162
0.6276667233373274
0.6889332614454189
0.693400466642903
0.6276667233373874
0.6889332614455118
0.693400466643197
0.6276667233374582
0.6889332614453423
0.6934004666428413
0.6276667233374136
0.6889332614454771
0.6934004666429945
0.627666723337289
0.6889332614453233
0.6934004666426268
0.6276667233373818
0.6889332614453287
0.6934004666426302
0.6276667233373825
0.6889332614454857
0.6934004666430005
0.6276667233372897
0.688933261445344
0.6934004666428415
0.6276667233374138
0.6889332614455038
0.6934004666431907
0.6276667233374567
0.6889332614454151
0.6934004666428994
0.6276667233373867
0.6889332614454532
0.6934004666428195
0.6276667233373275
0.6889332614454047
0.6934004666428524
0.6276667233374977
0.688933261445206
0.6934004666423899
0.6276667233371833