0.6775331407865269
0.678854438929303
0.671147377900976
0.6775325845932589
0.6788547672458565
0.6711444800012838
0.6775321338012152
0.6788546957511805
0.6711407149586952
0.6775318058534286
0.678854915850727
0.67113908873718
0.6775316906940752
0.6788548459285343
0.6711379607706348
0.6775318097466057
0.6788548734852374
0.6711389155503378
0.6775321211412407
0.6788547898562182
0.6711409806810673
0.6775325813788893
0.6788546443235146
0.671143965212464
0.6775331272742621
0.6788545965587254
0.6711478680059195
0.6775336459858373
0.6788543557250561
0.6711508870341996
0.6775340408088291
0.6788544303975333
0.6711541874527638
0.6775342862947618
0.6788541852068181
0.671155016762253
0.6775342766239598
0.6788543998820467
0.6711557951660084
0.6775340588250577
0.6788542274239898
0.6711535123290302
0.6775336546047745
0.678854539598823
0.6711516282444571
0.6775340512301362
0.6788544333720856
0.6711542223680436
0.6775342700258462
0.6788542087916759
0.6711550707667479
0.6775342742670816
0.6788543449045394
0.6711555965054095
0.6775340598366523
0.6788542918380247
0.6711537617061596
0.6775336472704061
0.6788544484752946
0.671151273323467
0.6775331430563674
0.6788545534135537
0.6711477996198074
0.6775326065125822
0.6788546440674628
0.6711440632141799
0.6775321210271078
0.6788548372478947
0.6711412007173505
0.6775318131278865
0.6788547808876135
0.6711386082626362
0.6775316886541907
0.6788549651355453
0.6711384071024965
0.6775317966387675
0.6788547536961853
0.6711384534124536
0.6775321151521086
0.6788548897185085
0.6711413433257478
0.6775325966999914
0.6788545602786091
0.6711436838008509
0.6775331190946857
0.67885466806917
0.6711481057607054
0.677533655822186
0.678854326286459
0.6711507888085622
0.6775318147318241
0.6788547757625321
0.6711385643673955
0.6775321127801264
0.6788548474981341
0.6711411773242266
0.677532589887334
0.6788546337707569
0.6711439379736424
0.6775331291237077
0.6788545624687983
0.6711477505575854
0.6775336358868331
0.678854437813767
0.6711511612704781
0.6775340505059144
0.6788543059306145
0.6711537560298758
0.6775342782403934
0.6788543381410996
0.6711555620636086
0.6775342770853965
0.6788542203856733
0.6711551341812396
0.6775340573341395
0.6788544291336767
0.6711542510217096
0.6775336657040445
0.6788543263705464
0.6711508644446298
0.6775331261213968
0.6788546584740707
0.6711481521742471
0.6775326000278924
0.6788545546213592
0.6711437329484091
0.6775321247693459
0.678854887664337
0.6711414034233403
0.6775318054886941
0.6788547506009323
0.6711384811436001
0.6775316907325033
0.6788549775379649
0.671138449774103
0.67753314300137
0.6788546079496193
0.6711479968676896
0.6775325983006328
0.6788546352374615
0.6711440180544375
0.6775321273925106
0.6788548013962805
0.6711410774745589
0.6775318139545656
0.6788548587687097
0.671138897597048
0.6775316877795208
0.678854851874239
0.6711379831911696
0.6775317947244175
0.6788549057246228
0.6711390084135956
0.6775321253803288
0.678854704240581
0.6711406857114941
0.6775325791383631
0.6788547640117286
0.6711443960443971
0.6775331317194933
0.6788544508052778
0.6711473360209157
0.6775336504732243
0.6788545422970536
0.6711515724392261
0.677534054430302
0.6788542284940804
0.6711534721034618
0.677534267358523
0.6788544009860932
0.6711557717188436
0.6775342848317788
0.6788541748849657
0.6711549957059462
0.6775340459953317
0.6788544314470464
0.6711542423571677
0.6775336539536434
0.6788543480427831
0.6711509251152361
0.6775340563363225
0.6788542931505293
0.6711537203950055
0.6775342716019439
0.6788543054484637
0.6711554293285227
0.6775342742276496
0.67885429703854
0.6711554124577167
0.6775340686411838
0.6788543068817896
0.6711538238797183
0.6775336531836473
0.6788544834097263
0.6711514158369845
0.677533137353617
0.6788544777995718
0.6711475052854357
0.6775325978389702
0.6788547552681492
0.6711444688905889
0.6775321265227492
0.6788546765839147
0.6711406273209165
0.6775317954012704
0.6788549640756933
0.671139249539635
0.6775317040394209
0.6788547653773405
0.6711376986217272
0.6775317987669581
0.6788549712457874
0.6711392514864545
0.6775321223154092
0.6788546817780319
0.6711405828042382
0.6775325904004625
0.678854767604282
0.6711444360660423
0.6775331273842643
0.6788544691327709
0.6711473958465776
0.6775336344013108
0.6788544913894441
0.6711513608621278
0.677531804176122
0.6788548669959399
0.6711388888807963
0.6775321167106724
0.6788547853583582
0.6711409613968473
0.6775325808515603
0.6788546451568629
0.6711439669390131
0.677533131134353
0.6788546013309615
0.6711478870210761
0.6775336517945444
0.6788543607107188
0.67115090906635
0.6775340444189145
0.6788544330454012
0.6711541997032988
0.6775342851495092
0.6788541845411694
0.6711550130442123
0.6775342713702435
0.6788543963880993
0.6711557775955356
0.6775340527081807
0.6788542230862713
0.6711534911617748
0.6775336518113297
0.6788545368373435
0.671151616465362
0.6775331432543635
0.6788544396383942
0.6711473835983695
0.6775325904024593
0.678854771670836
0.6711445010953823
0.6775321392244409
0.6788547010874504
0.6711407383512167
0.677531807651921
0.6788549178131351
0.6711390974574615
0.6775316877523334
0.6788548425103367
0.6711379470360697
0.6775331420115747
0.6788545528854126
0.6711477961098757
0.6775326014702721
0.678854638818776
0.6711440401260433
0.6775321149191292
0.678854831889933
0.6711411762815314
0.6775318100477472
0.6788547792991327
0.6711385995900374
0.6775316907505622
0.678854967800433
0.6711384179926683
0.6775318024264012
0.6788547584134215
0.6711384751441491
0.6775321208792214
0.6788548933543386
0.6711413619615957
0.6775325985454898
0.6788545608563202
0.6711436885139684
0.6775331158279401
0.6788546654532837
0.6711480942359209
0.677533650078527
0.678854321623834
0.6711507677763799
0.6775340470239634
0.6788544290382342
0.6711542041633225
0.6775342698877427
0.6788542076130741
0.6711550669665693
0.6775342783387756
0.678854348096767
0.6711556111157218
0.6775340655170944
0.6788542978531074
0.6711537869955573
0.6775336507037604
0.6788544531754037
0.6711512917217267
0.6775340559804389
0.678854311499522
0.6711537804609716
0.6775342803265285
0.6788543394462665
0.6711555691507349
0.6775342742354976
0.6788542164882407
0.6711551188635876
0.677534051609911
0.6788544229962612
0.6711542253332565
0.6775336610769533
0.6788543223099421
0.671150846741331
0.6775331258589983
0.6788546587680491
0.671148153331084
0.6775326045867132
0.678854558344354
0.6711437504355369
0.6775321308817142
0.6788548923512358
0.6711414252883241
0.6775318088040398
0.6788547536325777
0.6711384939841176
0.677531689316798
0.6788549771622123
0.6711384463597014
0.677531809556928
0.6788547723284186
0.6711385472728644
0.6775321069336186
0.678854843044306
0.6711411561667429
0.6775325870860818
0.6788546309039276
0.6711439250381939
0.6775331310178433
0.6788545637187433
0.6711477560501797
0.6775336411576017
0.6788544431776025
0.6711511842237629
0.6775317989309091
0.6788549093104382
0.6711390247486516
0.6775321315400016
0.678854710260626
0.6711407121510332
0.6775325830924035
0.6788547678165979
0.6711444128553701
0.6775331307454192
0.6788544495380578
0.6711473308492415
0.6775336449034054
0.6788545374148938
0.6711515500794254
0.6775340479789969
0.6788542237490909
0.6711534488649684
0.6775342645489415
0.678854399373237
0.6711557628765029
0.6775342871125031
0.6788541773632975
0.6711550061172467
0.6775340513922595
0.6788544362890347
0.6711542639013235
0.6775336590399015
0.6788543520713053
0.6711509435079898
0.6775331445600348
0.6788546091105372
0.6711480020832388
0.6775325953948954
0.6788546330079469
0.6711440078619276
0.6775321221112511
0.6788547964566056
0.6711410565085508
0.6775318096699224
0.6788548538548549
0.6711388776879347
0.6775316873901034
0.6788548505544378
0.6711379787168118
0.677533134037375
0.6788544747824163
0.6711474913846105
0.6775325993865997
0.6788547570626949
0.6711444759771668
0.6775321319809551
0.6788546822271584
0.6711406513061109
0.677531801049609
0.6788549694012094
0.6711392728787322
0.6775317055950663
0.6788547667590131
0.6711377047587029
0.6775317952123698
0.6788549677834264
0.6711392364979524
0.6775321165417321
0.6788546758360207
0.6711405576670588
0.6775325863137387
0.6788547634893662
0.6711444187799631
0.6775331276256477
0.6788544693834879
0.6711473973645484
0.6775336389127851
0.6788544950352032
0.6711513779623324
0.6775340621786953
0.6788542975818788
0.6711537412511751
0.6775342752062132
0.6788543082623568
0.6711554423361548
0.6775342734987154
0.6788542967271223
0.6711554106772375
0.677534063771698
0.6788543033985974
0.6711538071020087
0.6775336471032758
0.6788544784538613
0.6711513926768646
0.6775340386662719
0.678854427907196
0.6711541768894893
0.677534280322146
0.6788541797545962
0.6711549923297938
0.6775342711335435
0.6788543952534722
0.6711557742113816
0.6775340575855578
0.6788542264500852
0.6711535083026332
0.6775336583075503
0.6788545425382626
0.6711516425814891
0.6775331470752677
0.6788544434054566
0.6711473999933506
0.6775325893357487
0.6788547704719798
0.6711444958306296
0.6775321340585201
0.6788546960036603
0.6711407159500822
0.677531801880173
0.6788549127963842
0.6711390747166435
0.6775316850556388
0.6788548410656057
0.6711379391807879
0.6775318059092577
0.6788548697293391
0.6711388989444746
0.6775321216792537
0.6788547900763693
0.6711409812164564
0.6775325858877427
0.6788546492206509
0.6711439852744144
0.6775331327344329
0.6788546029216049
0.6711478941817495
0.6775336488022214
0.6788543585664543
0.6711508992147721
0.677531801943859
0.6788547579955859
0.671138473864572
0.6775321156919802
0.6788548895079253
0.6711413438800752
0.6775325924175188
0.6788545556487321
0.671143664600445
0.6775331130361619
0.6788546624369973
0.671148080982142
0.6775336521633224
0.6788543234934331
0.6711507755401017
0.677534052413445
0.6788544348778709
0.6711542283997646
0.6775342748413311
0.6788542133553679
0.6711550905339585
0.6775342794049422
0.678854349629916
0.6711556167302211
0.6775340621641905
0.6788542941857469
0.6711537710274729
0.6775336451250602
0.6788544474953476
0.6711512672598192
0.6775331375883766
0.6788545493858421
0.6711477804738342
0.6775326011955226
0.6788546390066283
0.6711440411023936
0.6775321191852985
0.6788548349273964
0.6711411912451718
0.6775318162040941
0.6788547835089762
0.6711386202965659
0.6775316950455068
0.6788549707179999
0.671138432757985
0.6775331312000851
0.6788546632426661
0.6711481732549857
0.6775326058472458
0.6788545606122475
0.6711437583338296
0.6775321272727765
0.6788548905711782
0.6711414148734405
0.6775318027308441
0.6788547485990077
0.6711384708683701
0.6775316846970242
0.678854972273635
0.6711384255847102
0.677531809557377
0.6788547712072925
0.6711385438337271
0.6775321114723973
0.6788548469814412
0.671141174170762
0.6775325931213503
0.6788546370432699
0.671143951960069
0.6775331349491314
0.6788545668751871
0.6711477712128733
0.6775336405906798
0.6788544410186328
0.6711511772523546
0.6775340512638394
0.6788543062554566
0.6711537587708952
0.6775342746679924
0.6788543348556523
0.6711555482801961
0.6775342712723564
0.6788542150174273
0.6711551106689746
0.6775340532705039
0.6788544250509623
0.6711542333885339
0.6775336665023598
0.678854326577691
0.6711508662438126
0.6775340525607716
0.6788542266750864
0.6711534636999721
0.6775342707583742
0.6788544037849137
0.6711557844695223
0.6775342911067109
0.6788541805935371
0.6711550213067783
0.6775340506670864
0.6788544361441056
0.6711542628686387
0.6775336542365809
0.6788543479727297
0.6711509253278678
0.6775331391378746
0.6788546030522193
0.6711479770935023
0.6775325928323732
0.6788546294689729
0.671143993965133
0.6775321239877119
0.6788547986136124
0.6711410654583488
0.67753181490369
0.6788548600383645
0.6711389030586078
0.6775316924287895
0.6788548559118378
0.6711380010263926
0.6775318002843111
0.67885491012659
0.6711390284331444
0.6775321282081885
0.6788547067058265
0.6711406968505371
0.6775325769057234
0.6788547630842223
0.6711443904922925
0.6775331257214356
0.6788544465870618
0.6711473152051676
0.677533644672099
0.6788545374056492
0.6711515495495158
0.6775317927952451
0.6788549657327902
0.6711392274970245
0.6775321188914369
0.6788546774225213
0.6711405653770075
0.6775325918991847
0.67885476765432
0.6711444381753763
0.6775331325648918
0.6788544740575291
0.6711474175658044
0.6775336399915917
0.6788544974614008
0.6711513866696273
0.6775340587983808
0.6788542956009862
0.6711537308922932
0.6775342692444428
0.6788543028014837
0.671155417731179
0.6775342686055599
0.6788542918099925
0.6711553889138931
0.6775340631598006
0.6788543030490141
0.6711538051394719
0.6775336511039382
0.6788544831155737
0.6711514122976638
0.6775331401923792
0.6788544805607959
0.671147517116779
0.6775326037701375
0.6788547596040715
0.6711444893517104
0.6775321314127419
0.6788546804110278
0.6711406451311868
0.6775317960323515
0.6788549648173561
0.6711392528865914
0.6775316999784402
0.678854762080438
0.6711376838899136