0.6554067281356024
0.6555771488492568
0.7045516919903523
0.6554067281356215
0.6555771488492763
0.7045516919903531
0.6554067281356082
0.6555771488492661
0.7045516919903503
0.6554067281356074
0.6555771488492628
0.7045516919903556
0.6554067281356026
0.6555771488492611
0.7045516919903501
0.6554067281355926
0.6555771488492504
0.7045516919903468
0.6554067281356013
0.6555771488492594
0.7045516919903491
0.6554067281355989
0.6555771488492586
0.7045516919903516
0.655406728135588
0.655577148849249
0.7045516919903501
0.6554067281356022
0.6555771488492554
0.7045516919903514
0.6554067281356075
0.655577148849259
0.7045516919903484
0.6554067281355993
0.6555771488492658
0.7045516919903518
0.6554067281356174
0.6555771488492705
0.704551691990355
0.6554067281356044
0.6555771488492551
0.7045516919903512
0.6554067281356122
0.6555771488492724
0.704551691990353
0.6554067281356194
0.6555771488492745
0.7045516919903541
0.6554067281356057
0.6555771488492695
0.7045516919903512
0.6554067281356106
0.6555771488492668
0.7045516919903547
0.6554067281356086
0.6555771488492608
0.7045516919903488
0.6554067281355921
0.6555771488492524
0.7045516919903514
0.6554067281355991
0.6555771488492643
0.7045516919903505
0.6554067281356049
0.6555771488492638
0.7045516919903467
0.6554067281355886
0.6555771488492487
0.7045516919903485
0.6554067281355986
0.6555771488492556
0.7045516919903516
0.6554067281356009
0.6555771488492582
0.7045516919903547
0.6554067281356001
0.6555771488492607
0.704551691990351
0.6554067281356137
0.6555771488492642
0.7045516919903511
0.6554067281355959
0.655577148849258
0.7045516919903518
0.6554067281356084
0.6555771488492683
0.7045516919903551
0.6554067281356041
0.6555771488492537
0.7045516919903523
0.6554067281356082
0.6555771488492639
0.7045516919903505
0.6554067281356126
0.65557714884927
0.7045516919903526
0.6554067281356072
0.655577148849267
0.7045516919903502
0.6554067281355951
0.6555771488492586
0.7045516919903516
0.6554067281356083
0.6555771488492659
0.7045516919903481
0.6554067281356051
0.6555771488492684
0.704551691990353
0.655406728135588
0.6555771488492534
0.7045516919903518
0.6554067281356057
0.6555771488492607
0.7045516919903494
0.6554067281356056
0.6555771488492594
0.7045516919903503
0.6554067281355977
0.6555771488492633
0.7045516919903569
0.6554067281356079
0.6555771488492639
0.7045516919903541
0.6554067281355944
0.6555771488492517
0.7045516919903511
0.655406728135606
0.6555771488492621
0.7045516919903482
0.6554067281355944
0.6555771488492583
0.7045516919903508
0.6554067281356155
0.655577148849267
0.7045516919903534
0.6554067281356069
0.6555771488492597
0.7045516919903522
0.6554067281356111
0.6555771488492578
0.7045516919903497
0.6554067281355971
0.655577148849261
0.7045516919903521
0.6554067281356066
0.6555771488492683
0.7045516919903483
0.655406728135608
0.655577148849271
0.7045516919903516
0.6554067281355962
0.6555771488492522
0.7045516919903502
0.6554067281356092
0.6555771488492677
0.7045516919903545
0.655406728135604
0.6555771488492609
0.7045516919903501
0.6554067281356049
0.6555771488492634
0.7045516919903487
0.6554067281356128
0.6555771488492625
0.7045516919903501
0.6554067281355945
0.6555771488492526
0.7045516919903547
0.6554067281355986
0.6555771488492572
0.7045516919903523
0.6554067281355955
0.6555771488492526
0.7045516919903478
0.6554067281356141
0.6555771488492624
0.7045516919903503
0.6554067281355989
0.6555771488492645
0.7045516919903521
0.6554067281356019
0.6555771488492578
0.7045516919903503
0.6554067281355946
0.6555771488492543
0.7045516919903518
0.6554067281356102
0.6555771488492652
0.7045516919903455
0.6554067281356111
0.6555771488492752
0.7045516919903515
0.655406728135594
0.6555771488492554
0.7045516919903488
0.6554067281356108
0.6555771488492703
0.7045516919903527
0.6554067281356124
0.6555771488492621
0.7045516919903523
0.6554067281356075
0.6555771488492725
0.7045516919903559
0.6554067281356108
0.6555771488492641
0.7045516919903518
0.6554067281355994
0.6555771488492519
0.7045516919903486
0.6554067281356031
0.6555771488492607
0.7045516919903505
0.6554067281355926
0.6555771488492506
0.7045516919903545
0.6554067281356077
0.6555771488492584
0.7045516919903547
0.6554067281356
0.655577148849261
0.7045516919903501
0.655406728135608
0.6555771488492603
0.7045516919903504
0.6554067281355926
0.6555771488492523
0.7045516919903472
0.6554067281356004
0.6555771488492639
0.7045516919903505
0.6554067281356064
0.6555771488492688
0.7045516919903503
0.6554067281355979
0.6555771488492552
0.7045516919903496
0.6554067281356113
0.6555771488492705
0.7045516919903527
0.6554067281356089
0.655577148849264
0.7045516919903547
0.6554067281356085
0.6555771488492762
0.7045516919903545
0.6554067281356197
0.6555771488492679
0.7045516919903538
0.6554067281356024
0.6555771488492582
0.7045516919903562
0.6554067281356032
0.6555771488492624
0.7045516919903505
0.6554067281355994
0.6555771488492508
0.7045516919903494
0.6554067281356108
0.6555771488492634
0.7045516919903525
0.6554067281355964
0.6555771488492607
0.7045516919903538
0.6554067281355991
0.6555771488492531
0.704551691990355
0.6554067281356002
0.6555771488492542
0.704551691990349
0.6554067281356006
0.6555771488492611
0.7045516919903492
0.655406728135606
0.6555771488492673
0.7045516919903462
0.6554067281355876
0.6555771488492528
0.7045516919903497
0.655406728135607
0.6555771488492638
0.7045516919903521
0.6554067281356132
0.6555771488492621
0.7045516919903508
0.655406728135608
0.655577148849275
0.7045516919903546
0.6554067281356135
0.6555771488492682
0.7045516919903534
0.6554067281356035
0.6555771488492632
0.7045516919903547
0.6554067281356124
0.6555771488492641
0.7045516919903521
0.6554067281356015
0.6555771488492553
0.7045516919903554
0.6554067281356108
0.6555771488492631
0.7045516919903508
0.6554067281356032
0.6555771488492623
0.7045516919903525
0.6554067281356037
0.6555771488492594
0.7045516919903485
0.6554067281355982
0.6555771488492572
0.7045516919903512
0.6554067281355842
0.6555771488492456
0.7045516919903512
0.6554067281355955
0.655577148849259
0.7045516919903504
0.6554067281355884
0.6555771488492519
0.7045516919903468
0.6554067281356072
0.6555771488492638
0.7045516919903458
0.6554067281356042
0.655577148849262
0.7045516919903503
0.6554067281356046
0.6555771488492663
0.7045516919903554
0.655406728135622
0.6555771488492683
0.7045516919903496
0.6554067281356043
0.6555771488492652
0.7045516919903552
0.6554067281356055
0.6555771488492661
0.7045516919903521
0.655406728135604
0.6555771488492637
0.7045516919903558
0.6554067281356224
0.6555771488492688
0.7045516919903498
0.6554067281356055
0.6555771488492672
0.7045516919903563
0.6554067281356035
0.6555771488492603
0.70455169199035
0.6554067281356057
0.6555771488492617
0.7045516919903458
0.6554067281355883
0.6555771488492521
0.7045516919903476
0.6554067281355962
0.6555771488492598
0.7045516919903498
0.6554067281355842
0.6555771488492461
0.7045516919903518
0.6554067281355973
0.6555771488492564
0.7045516919903512
0.6554067281356039
0.6555771488492597
0.7045516919903487
0.655406728135604
0.6555771488492647
0.704551691990353
0.6554067281356108
0.6555771488492638
0.7045516919903512
0.6554067281356006
0.655577148849254
0.7045516919903563
0.6554067281356123
0.6555771488492643
0.7045516919903521
0.655406728135604
0.6555771488492641
0.7045516919903547
0.6554067281356135
0.6555771488492668
0.7045516919903533
0.6554067281356076
0.6555771488492728
0.7045516919903541
0.6554067281356133
0.6555771488492625
0.704551691990351
0.6554067281356075
0.6555771488492645
0.7045516919903511
0.6554067281355875
0.6555771488492521
0.7045516919903487
0.655406728135606
0.6555771488492667
0.7045516919903453
0.6554067281356009
0.6555771488492627
0.7045516919903492
0.6554067281356009
0.655577148849257
0.7045516919903504
0.6554067281355992
0.6555771488492534
0.7045516919903551
0.6554067281355964
0.6555771488492594
0.7045516919903538
0.6554067281356113
0.6555771488492639
0.7045516919903521
0.6554067281355999
0.6555771488492516
0.7045516919903487
0.6554067281356026
0.655577148849261
0.7045516919903505
0.6554067281356014
0.655577148849256
0.7045516919903543
0.6554067281356193
0.655577148849268
0.7045516919903534
0.655406728135609
0.6555771488492768
0.7045516919903545
0.6554067281356089
0.655577148849263
0.7045516919903542
0.6554067281356113
0.6555771488492701
0.7045516919903526
0.655406728135598
0.6555771488492563
0.7045516919903496
0.6554067281356066
0.6555771488492697
0.7045516919903511
0.6554067281355997
0.655577148849263
0.704551691990351
0.6554067281355928
0.6555771488492529
0.7045516919903482
0.6554067281356074
0.6555771488492607
0.7045516919903503
0.6554067281356003
0.6555771488492629
0.7045516919903492
0.6554067281356075
0.6555771488492572
0.704551691990355
0.6554067281355922
0.6555771488492487
0.7045516919903542
0.6554067281356036
0.655577148849261
0.7045516919903505
0.6554067281356004
0.6555771488492526
0.7045516919903492
0.6554067281356108
0.6555771488492623
0.7045516919903512
0.6554067281356067
0.6555771488492709
0.7045516919903563
0.6554067281356126
0.6555771488492632
0.7045516919903525
0.6554067281356107
0.6555771488492714
0.7045516919903532
0.6554067281355935
0.6555771488492546
0.7045516919903496
0.6554067281356115
0.6555771488492761
0.7045516919903518
0.6554067281356115
0.6555771488492677
0.7045516919903465
0.6554067281355943
0.6555771488492553
0.7045516919903516
0.655406728135601
0.655577148849257
0.70455169199035
0.6554067281355983
0.6555771488492632
0.7045516919903525
0.6554067281356145
0.6555771488492629
0.7045516919903498
0.655406728135596
0.6555771488492532
0.7045516919903483
0.6554067281355977
0.6555771488492552
0.7045516919903518
0.6554067281355935
0.6555771488492508
0.7045516919903552
0.655406728135613
0.6555771488492632
0.7045516919903501
0.6554067281356042
0.6555771488492643
0.7045516919903486
0.6554067281356032
0.6555771488492599
0.7045516919903501
0.6554067281356091
0.6555771488492679
0.7045516919903537
0.6554067281355972
0.6555771488492543
0.7045516919903502
0.6554067281356082
0.6555771488492721
0.7045516919903521
0.6554067281356063
0.6555771488492678
0.7045516919903476
0.6554067281355973
0.6555771488492614
0.7045516919903521
0.655406728135612
0.6555771488492598
0.7045516919903492
0.6554067281356071
0.6555771488492592
0.7045516919903528
0.6554067281356146
0.655577148849265
0.704551691990353
0.6554067281355935
0.6555771488492566
0.7045516919903503
0.6554067281356064
0.6555771488492631
0.7045516919903482
0.6554067281355949
0.6555771488492517
0.7045516919903503
0.6554067281356081
0.6555771488492623
0.7045516919903541
0.6554067281355983
0.6555771488492634
0.7045516919903565
0.6554067281356056
0.6555771488492611
0.7045516919903504
0.6554067281356055
0.6555771488492614
0.7045516919903498
0.6554067281355873
0.6555771488492523
0.7045516919903514
0.6554067281356051
0.6555771488492698
0.7045516919903543
0.6554067281356093
0.6555771488492688
0.7045516919903492
0.6554067281355951
0.6555771488492589
0.7045516919903516
0.6554067281356069
0.6555771488492663
0.704551691990351
0.6554067281356128
0.6555771488492708
0.7045516919903524
0.6554067281356082
0.6555771488492648
0.7045516919903507
0.6554067281356044
0.6555771488492534
0.7045516919903518
0.6554067281356075
0.6555771488492665
0.7045516919903546
0.6554067281355952
0.6555771488492574
0.7045516919903517
0.6554067281356137
0.6555771488492659
0.7045516919903512
0.6554067281356
0.6555771488492613
0.7045516919903518
0.6554067281356003
0.655577148849257
0.7045516919903552
0.6554067281355993
0.6555771488492566
0.7045516919903524
0.6554067281355898
0.6555771488492514
0.7045516919903486
0.6554067281356051
0.6555771488492638
0.7045516919903463
0.6554067281355985
0.655577148849263
0.7045516919903507
0.6554067281355929
0.6555771488492539
0.7045516919903512
0.6554067281356095
0.6555771488492613
0.704551691990349
0.6554067281356104
0.6555771488492651
0.7045516919903548
0.6554067281356052
0.655577148849268
0.7045516919903501
0.65540672813562
0.655577148849275
0.7045516919903543
0.6554067281356126
0.6555771488492739
0.704551691990353
0.6554067281356042
0.6555771488492548
0.7045516919903512
0.6554067281356168
0.6555771488492694
0.7045516919903547
0.6554067281355997
0.6555771488492669
0.7045516919903522
0.6554067281356089
0.6555771488492614
0.704551691990349
0.6554067281356021
0.655577148849255
0.7045516919903503
0.6554067281355874
0.6555771488492481
0.7045516919903495
0.6554067281355991
0.6555771488492599
0.7045516919903516
0.6554067281356012
0.6555771488492605
0.7045516919903488
0.6554067281355911
0.6555771488492492
0.704551691990347
0.6554067281356015
0.6555771488492599
0.7045516919903492
0.6554067281356085
0.6555771488492634
0.704551691990356
0.6554067281356092
0.6555771488492661
0.7045516919903511
0.6554067281356207
0.6555771488492736
0.7045516919903532
0.6554067281356022
0.6555771488492564
0.7045516919903527