0.6892636106246395
0.6926383063579966
0.6325430726604511
0.6892636106245946
0.692638306357945
0.6325430726602809
0.6892636106246641
0.6926383063579676
0.632543072660352
0.689263610624679
0.6926383063579274
0.6325430726603632
0.6892636106245633
0.6926383063578765
0.6325430726603738
0.6892636106245353
0.6926383063579846
0.6325430726604332
0.6892636106245972
0.6926383063578964
0.6325430726603406
0.6892636106245807
0.6926383063579453
0.6325430726603363
0.6892636106245363
0.692638306357986
0.6325430726603716
0.6892636106245746
0.6926383063578794
0.6325430726603605
0.6892636106245996
0.6926383063579445
0.63254307266039
0.689263610624595
0.6926383063579077
0.6325430726603339
0.6892636106246298
0.6926383063579119
0.6325430726603463
0.6892636106246355
0.6926383063579675
0.6325430726604014
0.6892636106246358
0.692638306358027
0.6325430726603687
0.6892636106246044
0.6926383063579471
0.6325430726602816
0.6892636106246727
0.6926383063579946
0.6325430726603989
0.6892636106246461
0.6926383063579582
0.6325430726602975
0.6892636106246358
0.6926383063579341
0.6325430726603893
0.6892636106246139
0.6926383063579701
0.6325430726604053
0.6892636106245833
0.6926383063578948
0.6325430726603515
0.6892636106245751
0.6926383063579422
0.6325430726603974
0.6892636106245631
0.6926383063579413
0.6325430726603776
0.6892636106245659
0.6926383063579276
0.6325430726603567
0.6892636106246047
0.692638306357946
0.6325430726603289
0.6892636106246167
0.6926383063579137
0.6325430726603223
0.6892636106245542
0.6926383063579273
0.6325430726603718
0.6892636106245678
0.6926383063579103
0.6325430726603849
0.6892636106246675
0.6926383063579947
0.6325430726604367
0.6892636106246381
0.6926383063579706
0.6325430726604017
0.6892636106246618
0.6926383063579642
0.6325430726603497
0.6892636106246489
0.6926383063579622
0.6325430726602994
0.6892636106246282
0.6926383063579593
0.6325430726604393
0.6892636106245784
0.6926383063580006
0.6325430726603407
0.6892636106246537
0.692638306357952
0.6325430726603709
0.6892636106246514
0.6926383063579233
0.6325430726603694
0.6892636106245404
0.6926383063579349
0.6325430726603887
0.6892636106245533
0.6926383063579262
0.6325430726604169
0.6892636106246269
0.6926383063579007
0.6325430726603343
0.6892636106245917
0.6926383063579582
0.6325430726603174
0.6892636106245494
0.6926383063579278
0.6325430726603116
0.6892636106245872
0.6926383063579131
0.6325430726603714
0.6892636106245914
0.692638306358012
0.6325430726604625
0.6892636106245658
0.6926383063579118
0.6325430726603847
0.689263610624626
0.6926383063579098
0.6325430726603471
0.689263610624675
0.6926383063579244
0.6325430726603617
0.6892636106246353
0.6926383063579363
0.6325430726603898
0.6892636106245844
0.6926383063580017
0.6325430726603409
0.6892636106246446
0.6926383063579746
0.6325430726604186
0.6892636106246186
0.6926383063579569
0.632543072660304
0.6892636106246104
0.6926383063579924
0.6325430726604047
0.6892636106246324
0.692638306357908
0.6325430726603909
0.6892636106246057
0.6926383063578954
0.6325430726603474
0.6892636106245915
0.6926383063579584
0.6325430726603787
0.6892636106245804
0.6926383063578827
0.632543072660315
0.689263610624563
0.6926383063579613
0.632543072660367
0.6892636106245862
0.6926383063580103
0.6325430726604033
0.6892636106245877
0.6926383063579169
0.6325430726603716
0.6892636106245493
0.6926383063579278
0.6325430726603724
0.6892636106245928
0.6926383063579052
0.6325430726603335
0.6892636106245611
0.6926383063578759
0.6325430726603742
0.6892636106246143
0.6926383063579702
0.6325430726604068
0.6892636106246557
0.6926383063579516
0.6325430726603698
0.6892636106246228
0.6926383063579569
0.6325430726603046
0.6892636106246112
0.6926383063580187
0.6325430726604544
0.6892636106246066
0.692638306357942
0.6325430726603256
0.6892636106246779
0.6926383063579545
0.632543072660362
0.6892636106246671
0.6926383063579387
0.6325430726603519
0.6892636106245578
0.6926383063578765
0.632543072660328
0.6892636106245636
0.6926383063579614
0.6325430726604293
0.6892636106246224
0.69263830635797
0.6325430726604055
0.6892636106245653
0.6926383063579624
0.6325430726603676
0.6892636106245571
0.6926383063579264
0.6325430726603105
0.6892636106246196
0.692638306357912
0.6325430726603218
0.6892636106245992
0.6926383063579454
0.6325430726603894
0.689263610624534
0.6926383063579848
0.6325430726604326
0.6892636106245817
0.6926383063578934
0.6325430726603518
0.6892636106246509
0.6926383063579242
0.6325430726603689
0.6892636106246108
0.6926383063579932
0.6325430726604047
0.6892636106245954
0.6926383063579404
0.6325430726603262
0.6892636106246712
0.6926383063579773
0.6325430726604111
0.6892636106246341
0.6926383063579709
0.6325430726602856
0.689263610624624
0.6926383063579329
0.6325430726603448
0.6892636106246381
0.6926383063579434
0.6325430726604027
0.689263610624595
0.6926383063579631
0.6325430726604174
0.6892636106245638
0.6926383063579626
0.6325430726604309
0.6892636106245742
0.6926383063578823
0.6325430726603156
0.6892636106245867
0.6926383063579553
0.6325430726603165
0.6892636106246053
0.6926383063579455
0.6325430726603286
0.6892636106245817
0.6926383063578823
0.6325430726603603
0.6892636106245945
0.6926383063578946
0.6325430726603398
0.6892636106245712
0.6926383063579408
0.6325430726603973
0.6892636106245433
0.6926383063579371
0.6325430726603893
0.6892636106246366
0.6926383063579111
0.6325430726603921
0.6892636106246761
0.6926383063579519
0.6325430726603622
0.6892636106246279
0.692638306357968
0.632543072660285
0.6892636106246244
0.6926383063579579
0.6325430726603929
0.6892636106246044
0.6926383063579742
0.632543072660337
0.689263610624659
0.6926383063580193
0.6325430726604373
0.689263610624639
0.6926383063579431
0.6325430726604031
0.6892636106245587
0.6926383063578798
0.6325430726603283
0.6892636106245909
0.6926383063579571
0.6325430726603769
0.6892636106246235
0.6926383063578986
0.6325430726603347
0.6892636106245582
0.6926383063579273
0.6325430726603567
0.6892636106245397
0.6926383063579868
0.6325430726603727
0.689263610624584
0.6926383063579434
0.6325430726603356
0.6892636106245622
0.692638306357942
0.6325430726603776
0.6892636106245589
0.6926383063579262
0.6325430726604171
0.6892636106246091
0.692638306357895
0.6325430726603465
0.6892636106246681
0.6926383063579401
0.6325430726603507
0.6892636106246243
0.6926383063579333
0.6325430726603449
0.6892636106246075
0.6926383063579749
0.6325430726603376
0.6892636106246737
0.6926383063580478
0.6325430726604874
0.6892636106246068
0.6926383063579742
0.6325430726603378
0.6892636106246244
0.6926383063579331
0.6325430726603452
0.6892636106246675
0.6926383063579398
0.6325430726603511
0.6892636106246074
0.6926383063578943
0.6325430726603458
0.6892636106245593
0.692638306357927
0.6325430726604173
0.689263610624562
0.6926383063579418
0.6325430726603767
0.6892636106245835
0.6926383063579438
0.6325430726603348
0.6892636106245389
0.6926383063579871
0.632543072660372
0.6892636106245591
0.6926383063579273
0.6325430726603571
0.6892636106246234
0.6926383063578976
0.6325430726603347
0.6892636106245909
0.6926383063579575
0.6325430726603767
0.6892636106245585
0.6926383063578796
0.6325430726603283
0.6892636106246386
0.692638306357943
0.6325430726604033
0.6892636106246579
0.6926383063580186
0.6325430726604369
0.6892636106246043
0.692638306357974
0.6325430726603369
0.6892636106246235
0.6926383063579571
0.6325430726603919
0.6892636106246268
0.6926383063579677
0.6325430726602851
0.6892636106246754
0.6926383063579522
0.6325430726603629
0.6892636106246348
0.6926383063579105
0.6325430726603918
0.6892636106245424
0.6926383063579364
0.6325430726603893
0.6892636106245718
0.6926383063579415
0.6325430726603976
0.6892636106245952
0.6926383063578949
0.6325430726603398
0.689263610624582
0.6926383063578816
0.63254307266036
0.6892636106246054
0.6926383063579458
0.632543072660329
0.6892636106245866
0.6926383063579551
0.6325430726603166
0.6892636106245744
0.6926383063578819
0.632543072660316
0.6892636106245632
0.6926383063579623
0.6325430726604306
0.6892636106245946
0.6926383063579629
0.6325430726604175
0.6892636106246375
0.6926383063579425
0.6325430726604027
0.6892636106246244
0.6926383063579338
0.632543072660346
0.6892636106246346
0.6926383063579702
0.6325430726602863
0.6892636106246712
0.692638306357977
0.6325430726604111
0.6892636106245955
0.6926383063579401
0.6325430726603266
0.6892636106246113
0.6926383063579928
0.6325430726604047
0.6892636106246524
0.6926383063579251
0.6325430726603689
0.689263610624582
0.6926383063578938
0.6325430726603514
0.6892636106245356
0.6926383063579855
0.6325430726604337
0.6892636106245991
0.692638306357945
0.6325430726603891
0.6892636106246194
0.6926383063579115
0.6325430726603214
0.689263610624557
0.6926383063579264
0.6325430726603112
0.6892636106245658
0.6926383063579624
0.6325430726603678
0.689263610624622
0.6926383063579697
0.632543072660406
0.6892636106245635
0.6926383063579615
0.6325430726604295
0.6892636106245578
0.6926383063578767
0.6325430726603278
0.689263610624667
0.6926383063579391
0.6325430726603513
0.6892636106246778
0.6926383063579549
0.6325430726603622
0.6892636106246064
0.6926383063579413
0.632543072660325
0.6892636106246115
0.6926383063580192
0.6325430726604544
0.6892636106246232
0.6926383063579575
0.632543072660305
0.6892636106246566
0.6926383063579522
0.6325430726603698
0.6892636106246144
0.6926383063579702
0.632543072660406
0.6892636106245612
0.6926383063578763
0.6325430726603735
0.6892636106245928
0.6926383063579051
0.6325430726603339
0.689263610624549
0.6926383063579278
0.6325430726603722
0.6892636106245875
0.6926383063579167
0.6325430726603718
0.689263610624586
0.6926383063580097
0.6325430726604033
0.6892636106245623
0.6926383063579611
0.632543072660367
0.6892636106245807
0.6926383063578825
0.6325430726603156
0.6892636106245918
0.6926383063579584
0.6325430726603787
0.6892636106246062
0.6926383063578957
0.6325430726603468
0.6892636106246315
0.6926383063579072
0.6325430726603903
0.6892636106246108
0.6926383063579923
0.632543072660405
0.6892636106246183
0.6926383063579564
0.6325430726603031
0.6892636106246447
0.6926383063579746
0.6325430726604186
0.6892636106245842
0.6926383063580007
0.632543072660341
0.6892636106246348
0.6926383063579351
0.6325430726603904
0.6892636106246746
0.6926383063579249
0.6325430726603622
0.6892636106246262
0.6926383063579107
0.6325430726603469
0.6892636106245664
0.6926383063579118
0.6325430726603849
0.6892636106245909
0.6926383063580118
0.6325430726604622
0.6892636106245875
0.6926383063579142
0.6325430726603717
0.6892636106245495
0.6926383063579274
0.6325430726603112
0.6892636106245917
0.6926383063579585
0.6325430726603166
0.689263610624627
0.692638306357901
0.6325430726603336
0.6892636106245544
0.6926383063579262
0.6325430726604171
0.6892636106245408
0.6926383063579353
0.6325430726603891
0.6892636106246524
0.6926383063579241
0.6325430726603702
0.6892636106246548
0.6926383063579526
0.6325430726603709
0.6892636106245791
0.6926383063580013
0.6325430726603412
0.6892636106246268
0.6926383063579582
0.6325430726604384
0.6892636106246481
0.6926383063579618
0.6325430726602985
0.6892636106246612
0.6926383063579644
0.63254307266035
0.6892636106246381
0.6926383063579711
0.6325430726604019
0.6892636106246672
0.6926383063579942
0.6325430726604361
0.6892636106245678
0.6926383063579109
0.6325430726603851
0.689263610624554
0.6926383063579273
0.632543072660372
0.689263610624617
0.692638306357914
0.632543072660323
0.6892636106246057
0.6926383063579453
0.63254307266033
0.6892636106245664
0.6926383063579271
0.6325430726603567
0.6892636106245633
0.6926383063579418
0.6325430726603775
0.6892636106245755
0.6926383063579424
0.6325430726603982
0.6892636106245835
0.6926383063578951
0.6325430726603511
0.6892636106246137
0.6926383063579691
0.6325430726604052
0.6892636106246355
0.6926383063579337
0.63254307266039
0.6892636106246454
0.6926383063579588
0.6325430726602979
0.6892636106246722
0.6926383063579936
0.6325430726603992
0.689263610624605
0.6926383063579478
0.6325430726602814
0.6892636106246364
0.6926383063580279
0.6325430726603689
0.6892636106246358
0.6926383063579682
0.6325430726604016
0.6892636106246295
0.6926383063579113
0.6325430726603466
0.6892636106245948
0.6926383063579081
0.6325430726603335
0.6892636106245984
0.6926383063579441
0.6325430726603889
0.6892636106245741
0.692638306357878
0.6325430726603603
0.6892636106245364
0.6926383063579857
0.6325430726603714
0.6892636106245804
0.6926383063579451
0.6325430726603369
0.6892636106245965
0.6926383063578965
0.63254307266034
0.6892636106245356
0.6926383063579846
0.6325430726604337
0.6892636106245617
0.6926383063578755
0.6325430726603727
0.6892636106246783
0.6926383063579271
0.6325430726603622
0.6892636106246636
0.6926383063579669
0.6325430726603516
0.689263610624594
0.6926383063579447
0.6325430726602808
0.6892636106246386
0.6926383063579953
0.6325430726604511