0.15134648192617406
0.20287874055210844
-0.35314112745277904
-0.3924913192944332
0.26121903001618324
-0.05864122918205708
-0.3084870328805692
0.0170737093331379
0.10725230756150819
-0.02294149208068402
-0.03171048907790561
0.0009655227381696107
0.1103963377283445
0.024342431843116033
0.025271461603013634
0.02527146160301304
0.024342431843116092
0.1103963377283432
0.0009655227381703805
-0.03171048907790593
-0.022941492080683457
0.10725230756150973
0.017073709333138964
-0.30848703288056284
-0.058641229182056755
0.2612190300161849
-0.3924913192944186
-0.35314112745277376
0.20287874055211036
0.1513464819261807