0.0939656847114646 -0.01486895517223939 0.11450581349775688	-0.01486895524734491 0.03314164973556172 -0.014528208408662147	-0.11450580624031784 0.014528191059395082 0.2480228913017854
0.09396568471146909 -0.014868955172238303 0.11450581349774316	-0.014868955247345694 0.03314164973554109 -0.014528208408650017	-0.11450580624030329 0.014528191059383709 0.24802289130179772
0.09396568471149214 -0.014868955172241727 0.11450581349774533	-0.014868955247350222 0.03314164973554493 -0.014528208408635727	-0.11450580624030832 0.014528191059368603 0.24802289130181088
0.09396568471149894 -0.014868955172235208 0.11450581349773681	-0.014868955247344558 0.03314164973555799 -0.014528208408647696	-0.11450580624029953 0.014528191059382075 0.24802289130186447
0.09396568471147182 -0.014868955172230173 0.11450581349773295	-0.014868955247340434 0.03314164973552017 -0.01452820840864636	-0.1145058062402968 0.014528191059377981 0.2480228913017999
0.09396568471153566 -0.014868955172234832 0.11450581349773788	-0.014868955247341543 0.03314164973558292 -0.014528208408643422	-0.11450580624029952 0.01452819105937634 0.2480228913019118
0.09396568471148767 -0.014868955172254679 0.11450581349774985	-0.014868955247361053 0.03314164973555263 -0.014528208408654594	-0.11450580624030969 0.014528191059386894 0.24802289130183583
0.0939656847114726 -0.014868955172255848 0.11450581349775917	-0.014868955247363317 0.03314164973556723 -0.014528208408674012	-0.11450580624031535 0.01452819105940606 0.2480228913018744
0.09396568471150746 -0.014868955172246696 0.11450581349775395	-0.014868955247354175 0.03314164973560688 -0.014528208408678429	-0.11450580624031229 0.014528191059410035 0.24802289130191335
0.09396568471152447 -0.014868955172242905 0.11450581349775013	-0.014868955247348927 0.03314164973559927 -0.014528208408666744	-0.11450580624030954 0.014528191059398874 0.24802289130190974
0.0939656847114631 -0.014868955172249468 0.11450581349774794	-0.014868955247356737 0.033141649735519696 -0.014528208408664478	-0.11450580624030857 0.01452819105939885 0.2480228913018452
0.09396568471147468 -0.014868955172235902 0.11450581349773922	-0.014868955247346036 0.03314164973554342 -0.014528208408660377	-0.11450580624030314 0.014528191059393996 0.2480228913018514
0.09396568471145993 -0.014868955172233068 0.11450581349773088	-0.014868955247344114 0.033141649735524005 -0.014528208408648949	-0.11450580624029395 0.01452819105938119 0.2480228913018085
0.09396568471146044 -0.014868955172236251 0.11450581349774537	-0.014868955247346969 0.033141649735513756 -0.014528208408638055	-0.1145058062403088 0.014528191059371184 0.24802289130179433
0.09396568471146656 -0.014868955172242246 0.11450581349775232	-0.014868955247348388 0.033141649735542525 -0.014528208408660051	-0.11450580624031276 0.014528191059392546 0.2480228913017907
0.09396568471148847 -0.014868955172244095 0.11450581349775008	-0.014868955247350013 0.033141649735560955 -0.014528208408665786	-0.11450580624031077 0.014528191059398204 0.24802289130183222
0.09396568471150206 -0.014868955172241521 0.11450581349775046	-0.014868955247346483 0.03314164973557923 -0.014528208408665883	-0.11450580624031016 0.014528191059399224 0.24802289130185246
0.09396568471149988 -0.014868955172245417 0.11450581349774804	-0.014868955247349366 0.03314164973556733 -0.014528208408658913	-0.11450580624031229 0.01452819105939375 0.2480228913018312
0.09396568471149089 -0.014868955172241126 0.11450581349775033	-0.014868955247348794 0.03314164973555569 -0.014528208408651183	-0.11450580624031473 0.014528191059384403 0.24802289130183394
0.0939656847114459 -0.014868955172232412 0.11450581349773623	-0.01486895524734148 0.03314164973550836 -0.01452820840865203	-0.11450580624030073 0.014528191059386259 0.24802289130179375
0.09396568471147139 -0.014868955172227177 0.11450581349773038	-0.014868955247336342 0.033141649735544974 -0.014528208408637177	-0.11450580624029508 0.014528191059371462 0.24802289130180755
0.09396568471142996 -0.014868955172241648 0.11450581349773743	-0.01486895524734974 0.033141649735485675 -0.01452820840863412	-0.11450580624029756 0.01452819105936539 0.24802289130174557
0.0939656847114583 -0.014868955172237965 0.11450581349775009	-0.01486895524734532 0.03314164973550608 -0.014528208408633787	-0.11450580624030801 0.014528191059365751 0.24802289130182245
0.093965684711484 -0.014868955172232965 0.11450581349774183	-0.014868955247336568 0.03314164973556553 -0.014528208408655853	-0.11450580624029556 0.014528191059384264 0.24802289130184443
0.09396568471153495 -0.014868955172237157 0.11450581349774529	-0.014868955247342004 0.03314164973562598 -0.014528208408658403	-0.11450580624030174 0.014528191059390003 0.24802289130192956
0.09396568471148099 -0.014868955172257694 0.11450581349774935	-0.014868955247363516 0.033141649735556895 -0.014528208408665505	-0.11450580624030815 0.014528191059397629 0.24802289130187333
0.0939656847114855 -0.014868955172245324 0.11450581349774605	-0.014868955247350742 0.0331416497355663 -0.014528208408669432	-0.11450580624031 0.014528191059401195 0.2480228913018636
0.09396568471149501 -0.014868955172235531 0.11450581349773487	-0.014868955247341971 0.03314164973557025 -0.014528208408664277	-0.11450580624029923 0.014528191059398801 0.24802289130187363
0.09396568471148174 -0.01486895517224091 0.11450581349773661	-0.014868955247349717 0.033141649735540374 -0.014528208408655648	-0.11450580624029927 0.014528191059387002 0.24802289130183836
0.0939656847114963 -0.014868955172249218 0.11450581349775027	-0.014868955247356324 0.03314164973555686 -0.014528208408653362	-0.11450580624031137 0.014528191059387217 0.24802289130185712
0.09396568471147894 -0.014868955172238544 0.114505813497743	-0.014868955247345144 0.033141649735525955 -0.014528208408652977	-0.11450580624030415 0.014528191059386505 0.2480228913018241
0.09396568471147604 -0.014868955172238782 0.11450581349775081	-0.014868955247343172 0.033141649735533185 -0.01452820840866301	-0.11450580624031115 0.01452819105939843 0.24802289130181177
0.09396568471148298 -0.014868955172249048 0.11450581349774898	-0.014868955247351141 0.03314164973556923 -0.014528208408668239	-0.11450580624031095 0.014528191059402472 0.2480228913018158
0.09396568471149191 -0.014868955172247048 0.11450581349775434	-0.014868955247350685 0.03314164973556364 -0.014528208408667156	-0.11450580624031709 0.014528191059400966 0.2480228913018384
0.09396568471145382 -0.014868955172248987 0.1145058134977457	-0.014868955247354612 0.03314164973552834 -0.014528208408667354	-0.11450580624030994 0.014528191059402586 0.24802289130179622
0.09396568471148908 -0.014868955172242116 0.1145058134977405	-0.014868955247347847 0.033141649735586226 -0.01452820840866437	-0.1145058062403033 0.014528191059398891 0.24802289130186428
0.09396568471146717 -0.014868955172243882 0.11450581349773771	-0.014868955247350765 0.03314164973555152 -0.014528208408657983	-0.11450580624030049 0.014528191059390315 0.24802289130184416
0.09396568471148867 -0.01486895517223491 0.11450581349773761	-0.014868955247340237 0.03314164973553055 -0.014528208408643606	-0.1145058062402941 0.014528191059375264 0.2480228913018483
0.09396568471152204 -0.01486895517223455 0.11450581349773707	-0.01486895524733809 0.033141649735557874 -0.01452820840863505	-0.11450580624029284 0.014528191059366043 0.24802289130188118
0.0939656847115351 -0.014868955172236215 0.11450581349773895	-0.014868955247342159 0.03314164973560651 -0.014528208408640608	-0.11450580624029738 0.014528191059372881 0.2480228913019235
0.0939656847114813 -0.014868955172248729 0.11450581349774588	-0.01486895524735398 0.033141649735563265 -0.014528208408648251	-0.1145058062403065 0.014528191059377926 0.24802289130184696
0.09396568471149017 -0.014868955172247848 0.11450581349774941	-0.014868955247352229 0.033141649735570454 -0.014528208408651148	-0.11450580624031279 0.014528191059385302 0.2480228913018669
0.09396568471149504 -0.01486895517223449 0.11450581349774776	-0.014868955247339803 0.03314164973555974 -0.014528208408654646	-0.11450580624031022 0.01452819105938815 0.2480228913018346
0.09396568471144412 -0.014868955172238995 0.11450581349774148	-0.014868955247345099 0.03314164973551424 -0.014528208408655298	-0.11450580624030345 0.014528191059390391 0.24802289130180888
0.09396568471146463 -0.014868955172241358 0.11450581349773782	-0.014868955247347162 0.03314164973553798 -0.014528208408651919	-0.11450580624029874 0.014528191059385874 0.24802289130181118
0.09396568471149211 -0.014868955172232093 0.11450581349773288	-0.014868955247338632 0.03314164973555919 -0.014528208408640525	-0.1145058062402929 0.01452819105937361 0.2480228913018388
0.09396568471147444 -0.014868955172234733 0.11450581349774175	-0.014868955247341532 0.03314164973553044 -0.014528208408648602	-0.11450580624030085 0.01452819105938027 0.2480228913018241
0.0939656847114761 -0.014868955172242791 0.11450581349774745	-0.014868955247347087 0.03314164973553819 -0.01452820840865401	-0.11450580624030884 0.014528191059383903 0.24802289130179417
0.09396568471148808 -0.014868955172246304 0.1145058134977435	-0.014868955247352794 0.033141649735567685 -0.014528208408657761	-0.1145058062403042 0.014528191059391349 0.24802289130181784
0.09396568471146372 -0.014868955172248505 0.11450581349774738	-0.014868955247353832 0.03314164973553008 -0.014528208408660735	-0.11450580624031172 0.014528191059394166 0.24802289130176275
0.09396568471152794 -0.014868955172246002 0.11450581349775038	-0.01486895524735117 0.0331416497356003 -0.01452820840867055	-0.11450580624031532 0.014528191059405924 0.24802289130191857
0.09396568471148867 -0.014868955172250382 0.11450581349774794	-0.014868955247353792 0.033141649735570905 -0.014528208408678162	-0.11450580624031118 0.014528191059411402 0.2480228913018355
0.09396568471149343 -0.014868955172241103 0.1145058134977406	-0.014868955247346466 0.033141649735562925 -0.014528208408670622	-0.11450580624030038 0.014528191059406958 0.2480228913018952
0.09396568471148314 -0.01486895517223789 0.11450581349774347	-0.014868955247343465 0.0331416497355316 -0.014528208408657681	-0.11450580624030396 0.014528191059389982 0.24802289130183208
0.09396568471147834 -0.014868955172245537 0.11450581349775091	-0.014868955247350988 0.03314164973553438 -0.01452820840865323	-0.11450580624030877 0.014528191059381954 0.24802289130184657
0.09396568471145694 -0.014868955172248604 0.11450581349775171	-0.014868955247354156 0.033141649735529605 -0.014528208408651128	-0.11450580624031056 0.01452819105938154 0.24802289130181926
0.09396568471148575 -0.014868955172239642 0.11450581349774913	-0.014868955247344577 0.033141649735562606 -0.014528208408650031	-0.11450580624030952 0.014528191059382047 0.2480228913018306
0.09396568471149852 -0.014868955172238203 0.11450581349774992	-0.01486895524734323 0.03314164973556938 -0.014528208408651128	-0.114505806240311 0.014528191059383695 0.24802289130187086
0.09396568471145468 -0.01486895517224512 0.1145058134977463	-0.014868955247349751 0.033141649735525185 -0.014528208408650836	-0.11450580624031012 0.014528191059382717 0.24802289130181257
0.093965684711491 -0.014868955172240648 0.1145058134977346	-0.014868955247343888 0.03314164973556842 -0.014528208408646007	-0.1145058062402948 0.01452819105937795 0.24802289130186927
0.09396568471148574 -0.01486895517223558 0.11450581349773739	-0.014868955247340958 0.03314164973556239 -0.01452820840864515	-0.11450580624029924 0.0145281910593787 0.24802289130183922
0.09396568471146209 -0.01486895517223615 0.11450581349774647	-0.014868955247341444 0.03314164973553201 -0.014528208408650652	-0.11450580624030289 0.014528191059381988 0.2480228913018291
0.09396568471145424 -0.014868955172244097 0.11450581349774538	-0.014868955247350352 0.0331416497355167 -0.014528208408649324	-0.1145058062403051 0.014528191059383428 0.24802289130176905
0.09396568471147099 -0.01486895517223341 0.11450581349774341	-0.014868955247340169 0.0331416497355261 -0.014528208408639918	-0.11450580624030425 0.014528191059374397 0.24802289130175315
0.09396568471145442 -0.014868955172231408 0.11450581349774085	-0.014868955247338413 0.033141649735504694 -0.014528208408641753	-0.11450580624030463 0.014528191059376569 0.24802289130175392
0.09396568471149588 -0.014868955172235453 0.11450581349775082	-0.014868955247340214 0.03314164973555378 -0.01452820840864701	-0.11450580624031606 0.01452819105938179 0.24802289130178828
0.09396568471149014 -0.014868955172247742 0.11450581349774619	-0.014868955247355662 0.03314164973554886 -0.014528208408659808	-0.11450580624031131 0.014528191059395006 0.24802289130184224
0.09396568471148153 -0.014868955172240454 0.11450581349774235	-0.014868955247344428 0.03314164973555499 -0.014528208408659236	-0.11450580624030816 0.014528191059394992 0.2480228913018403
0.09396568471146549 -0.014868955172242028 0.11450581349773721	-0.014868955247345262 0.033141649735565104 -0.014528208408668648	-0.11450580624029791 0.014528191059400772 0.24802289130185867
0.09396568471148105 -0.014868955172245433 0.11450581349775377	-0.01486895524735082 0.03314164973555596 -0.014528208408663461	-0.11450580624030975 0.01452819105939289 0.24802289130185445
0.09396568471148596 -0.014868955172251206 0.11450581349774377	-0.014868955247357058 0.033141649735541796 -0.014528208408659829	-0.11450580624030146 0.014528191059393049 0.24802289130186983
0.09396568471150435 -0.014868955172241655 0.11450581349774198	-0.014868955247348187 0.0331416497355876 -0.014528208408659808	-0.11450580624030265 0.014528191059389548 0.2480228913018892
0.09396568471151741 -0.014868955172243849 0.11450581349774128	-0.01486895524734993 0.03314164973560692 -0.014528208408667382	-0.11450580624030124 0.014528191059398295 0.24802289130191896
0.09396568471149867 -0.014868955172252899 0.11450581349775268	-0.014868955247359466 0.03314164973556008 -0.01452820840866599	-0.11450580624031559 0.01452819105939699 0.24802289130188115
0.09396568471151584 -0.014868955172248094 0.11450581349774518	-0.01486895524735233 0.03314164973558158 -0.014528208408656366	-0.11450580624030782 0.014528191059390051 0.24802289130189575
0.09396568471148878 -0.014868955172242843 0.11450581349775052	-0.014868955247349793 0.03314164973554237 -0.014528208408659843	-0.11450580624031059 0.014528191059389853 0.24802289130185906
0.09396568471147174 -0.01486895517224537 0.114505813497747	-0.014868955247352069 0.03314164973555438 -0.014528208408664013	-0.11450580624030657 0.014528191059396678 0.24802289130185312
0.09396568471147224 -0.01486895517224172 0.11450581349774633	-0.014868955247349979 0.03314164973555667 -0.014528208408671542	-0.11450580624030272 0.014528191059405178 0.24802289130183047
0.09396568471150755 -0.014868955172232693 0.11450581349774697	-0.014868955247339975 0.03314164973556645 -0.014528208408651173	-0.11450580624030411 0.014528191059383855 0.2480228913018816
0.09396568471146119 -0.014868955172234558 0.11450581349773939	-0.014868955247341966 0.03314164973551464 -0.014528208408642398	-0.11450580624030025 0.01452819105937514 0.24802289130177024
0.09396568471150651 -0.01486895517223387 0.11450581349773688	-0.014868955247341688 0.03314164973557346 -0.0145282084086454	-0.11450580624030175 0.01452819105937806 0.2480228913018514
0.09396568471149627 -0.014868955172238033 0.11450581349774099	-0.014868955247346235 0.033141649735556264 -0.0145282084086448	-0.11450580624030675 0.014528191059379938 0.24802289130181107
0.09396568471147694 -0.01486895517224022 0.11450581349774094	-0.01486895524734841 0.033141649735545696 -0.014528208408640192	-0.11450580624030182 0.01452819105937396 0.24802289130183353
0.09396568471147204 -0.01486895517223959 0.11450581349774094	-0.014868955247345909 0.03314164973555632 -0.014528208408648945	-0.11450580624030289 0.014528191059382377 0.24802289130180716
0.093965684711483 -0.014868955172237137 0.114505813497742	-0.014868955247344386 0.03314164973556694 -0.014528208408659378	-0.11450580624030006 0.014528191059393646 0.24802289130184807
0.0939656847114575 -0.014868955172241446 0.11450581349774691	-0.014868955247345338 0.03314164973551594 -0.014528208408652231	-0.11450580624030232 0.014528191059382335 0.24802289130179006
0.09396568471148378 -0.014868955172239772 0.11450581349773631	-0.014868955247344467 0.03314164973554736 -0.014528208408650302	-0.11450580624029594 0.014528191059380614 0.24802289130184973
0.09396568471149176 -0.014868955172238883 0.11450581349774329	-0.014868955247348402 0.033141649735565056 -0.014528208408656547	-0.11450580624030351 0.014528191059387036 0.24802289130184674
0.09396568471147065 -0.014868955172248767 0.11450581349774859	-0.014868955247354933 0.0331416497355452 -0.014528208408671445	-0.11450580624031324 0.014528191059406184 0.2480228913018602
0.09396568471149407 -0.01486895517224509 0.11450581349775614	-0.014868955247352083 0.03314164973555874 -0.014528208408667202	-0.11450580624032067 0.014528191059402125 0.24802289130185345
0.0939656847115011 -0.014868955172246134 0.11450581349774593	-0.014868955247354508 0.03314164973556348 -0.014528208408649233	-0.11450580624030803 0.014528191059383348 0.24802289130186717
0.09396568471149197 -0.014868955172251522 0.1145058134977421	-0.014868955247357228 0.03314164973554757 -0.01452820840865764	-0.11450580624030283 0.014528191059392792 0.24802289130186728
0.09396568471150692 -0.014868955172243212 0.11450581349774848	-0.014868955247349077 0.03314164973558755 -0.014528208408676226	-0.11450580624030687 0.014528191059405619 0.24802289130189525
0.09396568471148672 -0.014868955172239753 0.11450581349774576	-0.014868955247346717 0.033141649735574916 -0.014528208408676836	-0.11450580624030202 0.014528191059407072 0.24802289130185612
0.09396568471146402 -0.014868955172246968 0.11450581349774905	-0.014868955247353436 0.03314164973552368 -0.014528208408661054	-0.11450580624030746 0.014528191059395377 0.24802289130181743
0.09396568471147472 -0.014868955172243922 0.11450581349774422	-0.01486895524735196 0.03314164973553875 -0.014528208408659982	-0.11450580624030718 0.014528191059393541 0.24802289130179733
0.09396568471146594 -0.014868955172237233 0.11450581349773836	-0.014868955247346455 0.033141649735543774 -0.014528208408660561	-0.11450580624030361 0.014528191059392775 0.2480228913017739
0.09396568471144694 -0.014868955172235649 0.11450581349775017	-0.014868955247342757 0.03314164973550671 -0.014528208408649136	-0.11450580624031276 0.014528191059383754 0.24802289130174837
0.09396568471147491 -0.014868955172242446 0.11450581349774605	-0.014868955247349946 0.03314164973552693 -0.014528208408644997	-0.1145058062403117 0.014528191059381218 0.24802289130178004
0.09396568471148671 -0.014868955172237576 0.11450581349774847	-0.01486895524734316 0.0331416497355599 -0.014528208408656026	-0.11450580624030973 0.014528191059390155 0.24802289130183292
0.09396568471145944 -0.014868955172236503 0.1145058134977413	-0.014868955247341158 0.03314164973553537 -0.014528208408655187	-0.11450580624029937 0.014528191059386658 0.24802289130181873
0.0939656847114995 -0.01486895517223602 0.11450581349774325	-0.014868955247340339 0.03314164973555687 -0.014528208408635411	-0.11450580624030118 0.014528191059370858 0.2480228913018523
0.09396568471150082 -0.014868955172244475 0.11450581349774124	-0.014868955247351694 0.033141649735556375 -0.014528208408631435	-0.11450580624030249 0.014528191059367843 0.24802289130188454
0.09396568471147643 -0.014868955172241117 0.114505813497743	-0.01486895524734819 0.03314164973555296 -0.014528208408645812	-0.11450580624030472 0.01452819105938044 0.24802289130184635
0.0939656847115115 -0.014868955172235448 0.11450581349774126	-0.014868955247343602 0.03314164973560048 -0.01452820840866411	-0.11450580624030701 0.014528191059395054 0.24802289130192595
0.0939656847114689 -0.014868955172232409 0.1145058134977363	-0.01486895524734098 0.033141649735551684 -0.014528208408649233	-0.11450580624029995 0.014528191059382342 0.24802289130181854
0.09396568471147379 -0.014868955172245454 0.11450581349774895	-0.01486895524735167 0.03314164973551861 -0.014528208408637049	-0.11450580624030714 0.014528191059367621 0.2480228913018348
0.09396568471150234 -0.014868955172242663 0.1145058134977435	-0.014868955247347066 0.03314164973555394 -0.014528208408648907	-0.1145058062403044 0.014528191059380767 0.24802289130184285
0.09396568471149067 -0.014868955172238194 0.11450581349774688	-0.014868955247342639 0.03314164973556876 -0.014528208408659454	-0.11450580624030626 0.014528191059390114 0.24802289130185798
0.09396568471147328 -0.014868955172244921 0.11450581349774648	-0.014868955247351745 0.033141649735548805 -0.014528208408668315	-0.11450580624030682 0.014528191059400248 0.24802289130183924
0.09396568471149414 -0.014868955172247445 0.11450581349775316	-0.014868955247355388 0.03314164973556283 -0.014528208408659676	-0.11450580624031215 0.014528191059392619 0.24802289130184776
0.09396568471148431 -0.014868955172242102 0.11450581349774594	-0.014868955247353113 0.03314164973554963 -0.014528208408663677	-0.11450580624031248 0.014528191059396015 0.2480228913018067
0.0939656847114857 -0.01486895517223841 0.11450581349774586	-0.014868955247347217 0.033141649735560025 -0.014528208408661696	-0.1145058062403111 0.014528191059402264 0.24802289130181238
0.09396568471148341 -0.014868955172244337 0.11450581349774663	-0.014868955247355247 0.03314164973554841 -0.014528208408663035	-0.1145058062403129 0.014528191059395262 0.24802289130180896
0.09396568471150321 -0.014868955172246616 0.11450581349775184	-0.014868955247354413 0.03314164973557176 -0.014528208408661307	-0.11450580624031094 0.014528191059394409 0.24802289130186578
0.09396568471146945 -0.014868955172245053 0.11450581349774633	-0.014868955247352034 0.03314164973554456 -0.014528208408668208	-0.11450580624030658 0.014528191059400376 0.24802289130184252
0.09396568471149125 -0.014868955172238303 0.11450581349774724	-0.014868955247342806 0.03314164973557132 -0.014528208408661196	-0.11450580624030623 0.01452819105939198 0.24802289130187138
0.09396568471149494 -0.014868955172245799 0.11450581349774495	-0.01486895524735006 0.033141649735549145 -0.014528208408649164	-0.11450580624030574 0.014528191059381211 0.24802289130184352
0.09396568471146922 -0.014868955172247242 0.11450581349774953	-0.014868955247353405 0.03314164973551596 -0.014528208408637	-0.11450580624030782 0.014528191059367639 0.24802289130183183
0.0939656847114742 -0.014868955172231605 0.11450581349773586	-0.014868955247340306 0.03314164973555932 -0.014528208408649927	-0.11450580624029955 0.0145281910593829 0.24802289130182656
0.09396568471151376 -0.01486895517223363 0.11450581349774146	-0.014868955247341784 0.03314164973559579 -0.01452820840866579	-0.11450580624030707 0.014528191059396716 0.24802289130192495
0.09396568471147998 -0.01486895517223997 0.11450581349774304	-0.014868955247347075 0.03314164973555135 -0.014528208408646406	-0.1145058062403049 0.014528191059381034 0.24802289130184674
0.09396568471151234 -0.014868955172243105 0.11450581349774097	-0.014868955247350357 0.03314164973556603 -0.014528208408631716	-0.11450580624030177 0.014528191059367986 0.24802289130189947
0.09396568471149756 -0.01486895517223892 0.11450581349774414	-0.014868955247343177 0.033141649735555966 -0.014528208408634911	-0.11450580624030217 0.014528191059370359 0.2480228913018533
0.0939656847114678 -0.014868955172239618 0.114505813497741	-0.014868955247344521 0.03314164973554809 -0.014528208408655353	-0.11450580624029935 0.014528191059387054 0.2480228913018368
0.09396568471149669 -0.014868955172239531 0.11450581349774681	-0.014868955247344808 0.03314164973557185 -0.01452820840865509	-0.114505806240308 0.014528191059389146 0.24802289130184837
0.09396568471148305 -0.014868955172242425 0.11450581349774544	-0.014868955247349887 0.033141649735536516 -0.014528208408644522	-0.11450580624031101 0.014528191059380628 0.2480228913017931
0.09396568471145028 -0.014868955172237462 0.11450581349774938	-0.014868955247344594 0.03314164973551475 -0.01452820840865025	-0.11450580624031194 0.014528191059384684 0.24802289130176508
0.09396568471146052 -0.014868955172240829 0.11450581349773944	-0.01486895524734991 0.033141649735542705 -0.014528208408659177	-0.11450580624030471 0.014528191059391342 0.24802289130176772
0.09396568471147895 -0.014868955172243603 0.11450581349774308	-0.014868955247351691 0.03314164973554472 -0.01452820840865941	-0.11450580624030575 0.014528191059392785 0.24802289130180732
0.09396568471145672 -0.01486895517224553 0.11450581349774916	-0.014868955247351968 0.03314164973551582 -0.014528208408660558	-0.11450580624030761 0.014528191059395162 0.24802289130180222
0.0939656847114754 -0.014868955172238971 0.11450581349774733	-0.014868955247346017 0.03314164973556303 -0.014528208408677194	-0.11450580624030353 0.01452819105940751 0.24802289130183441
0.09396568471149364 -0.014868955172243261 0.11450581349774992	-0.014868955247349262 0.03314164973557399 -0.014528208408676673	-0.11450580624030844 0.014528191059406032 0.2480228913018772
0.09396568471148259 -0.014868955172250314 0.11450581349774429	-0.014868955247356009 0.03314164973553448 -0.014528208408657109	-0.11450580624030501 0.01452819105939223 0.24802289130184657
0.09396568471150617 -0.01486895517224325 0.11450581349774602	-0.014868955247351465 0.03314164973556434 -0.014528208408650843	-0.11450580624030823 0.014528191059384993 0.24802289130186528
0.09396568471150661 -0.014868955172246628 0.11450581349775575	-0.014868955247353623 0.03314164973557284 -0.014528208408668603	-0.11450580624032018 0.014528191059403471 0.24802289130188088
0.09396568471146838 -0.01486895517225038 0.11450581349774921	-0.01486895524735669 0.033141649735544135 -0.014528208408671254	-0.11450580624031372 0.014528191059406 0.24802289130186322
0.09396568471148467 -0.014868955172238262 0.11450581349774427	-0.01486895524734793 0.033141649735558665 -0.014528208408656502	-0.1145058062403042 0.01452819105938711 0.24802289130184837
0.09396568471146816 -0.014868955172239712 0.11450581349773906	-0.014868955247344148 0.033141649735531443 -0.014528208408650913	-0.1145058062402985 0.014528191059381072 0.24802289130183297
0.09396568471143849 -0.014868955172241457 0.11450581349774844	-0.014868955247345411 0.03314164973549571 -0.014528208408653192	-0.11450580624030422 0.014528191059383293 0.24802289130176583
0.09396568471147204 -0.014868955172235755 0.1145058134977422	-0.014868955247342972 0.03314164973555567 -0.014528208408659517	-0.11450580624030002 0.014528191059393722 0.24802289130183017
0.09396568471145814 -0.014868955172238376 0.1145058134977422	-0.014868955247344844 0.03314164973553919 -0.01452820840864814	-0.11450580624030392 0.0145281910593817 0.2480228913017843
0.09396568471146095 -0.014868955172239594 0.11450581349774312	-0.014868955247347864 0.03314164973552794 -0.014528208408642114	-0.11450580624030421 0.014528191059375667 0.24802289130180882
0.09396568471149545 -0.014868955172238494 0.11450581349774139	-0.014868955247346455 0.03314164973555622 -0.014528208408646014	-0.11450580624030751 0.014528191059381027 0.2480228913018053
0.09396568471151426 -0.014868955172234802 0.11450581349773632	-0.01486895524734267 0.03314164973558094 -0.014528208408643911	-0.11450580624030172 0.014528191059376708 0.2480228913018516
0.09396568471147412 -0.014868955172235044 0.1145058134977387	-0.014868955247342563 0.03314164973552748 -0.014528208408642121	-0.11450580624029968 0.014528191059374869 0.2480228913017796
0.09396568471151642 -0.014868955172235415 0.11450581349774716	-0.01486895524734263 0.03314164973557773 -0.01452820840865061	-0.11450580624030406 0.014528191059383296 0.2480228913018887
0.09396568471148323 -0.014868955172242479 0.11450581349774462	-0.014868955247350778 0.03314164973556755 -0.014528208408671878	-0.11450580624030107 0.014528191059405452 0.24802289130184432
0.09396568471149326 -0.014868955172243844 0.11450581349774483	-0.01486895524735056 0.03314164973557383 -0.014528208408663167	-0.11450580624030435 0.014528191059395738 0.248022891301876
0.09396568471150929 -0.014868955172243094 0.11450581349774903	-0.014868955247350168 0.03314164973556141 -0.01452820840865928	-0.1145058062403091 0.014528191059388983 0.24802289130188837
0.09396568471150091 -0.014868955172249274 0.11450581349774788	-0.014868955247353481 0.03314164973556784 -0.014528208408657046	-0.11450580624031037 0.014528191059390884 0.24802289130187216
0.09396568471148647 -0.014868955172255716 0.1145058134977545	-0.01486895524736228 0.03314164973555284 -0.014528208408665748	-0.11450580624031721 0.014528191059396706 0.2480228913018644
0.0939656847115049 -0.014868955172245143 0.11450581349774305	-0.014868955247351223 0.033141649735595025 -0.014528208408666421	-0.1145058062403033 0.01452819105939751 0.2480228913018928
0.09396568471150724 -0.014868955172240761 0.11450581349774248	-0.014868955247347505 0.03314164973558856 -0.014528208408660571	-0.11450580624030327 0.014528191059390287 0.24802289130188823
0.09396568471148907 -0.014868955172251293 0.11450581349774351	-0.01486895524735709 0.03314164973554146 -0.014528208408661092	-0.1145058062403011 0.014528191059394166 0.24802289130186553
0.09396568471149522 -0.01486895517224365 0.11450581349775187	-0.0148689552473491 0.03314164973556918 -0.0145282084086642	-0.11450580624030784 0.01452819105939368 0.24802289130186722
0.09396568471147579 -0.014868955172242017 0.11450581349773595	-0.014868955247345205 0.033141649735573625 -0.014528208408667559	-0.11450580624029649 0.014528191059399967 0.2480228913018755
0.09396568471147956 -0.014868955172242633 0.11450581349774348	-0.014868955247346535 0.033141649735553044 -0.01452820840865908	-0.11450580624030937 0.014528191059394777 0.2480228913018438
0.09396568471150821 -0.014868955172245147 0.11450581349774498	-0.014868955247353079 0.033141649735565396 -0.01452820840866165	-0.11450580624031008 0.014528191059396636 0.24802289130187327
0.09396568471150252 -0.014868955172234048 0.11450581349774992	-0.014868955247338793 0.03314164973555633 -0.014528208408646277	-0.11450580624031509 0.014528191059381228 0.24802289130179844
0.09396568471145998 -0.01486895517223252 0.11450581349774094	-0.0148689552473395 0.033141649735511085 -0.014528208408641583	-0.11450580624030475 0.014528191059376465 0.24802289130176547
0.09396568471147419 -0.014868955172234613 0.11450581349774384	-0.014868955247341192 0.03314164973553049 -0.014528208408640428	-0.11450580624030465 0.014528191059374838 0.24802289130176447
0.09396568471144144 -0.014868955172244897 0.11450581349774665	-0.014868955247351122 0.033141649735502696 -0.014528208408649202	-0.11450580624030655 0.014528191059383133 0.24802289130175195
0.09396568471146136 -0.014868955172234893 0.11450581349774577	-0.014868955247340223 0.03314164973553048 -0.014528208408650732	-0.11450580624030277 0.014528191059382044 0.24802289130182636
0.09396568471147533 -0.014868955172235878 0.11450581349773893	-0.014868955247341373 0.03314164973554869 -0.014528208408643953	-0.11450580624030059 0.014528191059377658 0.24802289130181576
0.09396568471149563 -0.014868955172241554 0.11450581349773492	-0.014868955247344731 0.03314164973557193 -0.014528208408645202	-0.11450580624029498 0.014528191059377388 0.24802289130187546
0.09396568471147589 -0.01486895517224408 0.11450581349774402	-0.014868955247348681 0.03314164973554707 -0.014528208408651648	-0.11450580624030787 0.014528191059383695 0.2480228913018424
0.09396568471151114 -0.014868955172239025 0.11450581349774891	-0.014868955247344103 0.03314164973558167 -0.014528208408649719	-0.11450580624030994 0.014528191059382377 0.24802289130188082
0.0939656847115084 -0.014868955172239871 0.11450581349774677	-0.014868955247344747 0.03314164973558387 -0.014528208408649705	-0.11450580624030679 0.01452819105938186 0.24802289130186325
0.09396568471146868 -0.014868955172248339 0.11450581349775145	-0.014868955247354178 0.033141649735539826 -0.014528208408651246	-0.1145058062403102 0.014528191059381967 0.2480228913018266
0.09396568471148262 -0.014868955172246949 0.11450581349775099	-0.014868955247352244 0.033141649735541255 -0.0145282084086528	-0.11450580624030865 0.014528191059381582 0.24802289130184774
0.0939656847114859 -0.014868955172239864 0.11450581349774404	-0.014868955247345345 0.03314164973553799 -0.014528208408656852	-0.11450580624030453 0.014528191059389253 0.24802289130183625
0.093965684711475 -0.014868955172242973 0.11450581349774289	-0.014868955247348438 0.0331416497355425 -0.01452820840867013	-0.11450580624030243 0.014528191059406451 0.2480228913018646
0.09396568471148296 -0.014868955172247903 0.11450581349774913	-0.01486895524735136 0.033141649735562745 -0.014528208408678911	-0.11450580624031237 0.014528191059412006 0.2480228913018266
0.09396568471151008 -0.014868955172245839 0.11450581349775227	-0.014868955247350938 0.03314164973558073 -0.014528208408671108	-0.11450580624031709 0.014528191059406784 0.24802289130189412
0.09396568471144158 -0.014868955172249496 0.11450581349775046	-0.014868955247354772 0.03314164973550503 -0.014528208408660932	-0.11450580624031464 0.014528191059394478 0.24802289130173016
0.09396568471147959 -0.014868955172245847 0.114505813497745	-0.014868955247352229 0.03314164973555788 -0.0145282084086589	-0.11450580624030558 0.01452819105939265 0.2480228913018081
0.09396568471146027 -0.014868955172242976 0.1145058134977493	-0.014868955247347252 0.03314164973551895 -0.014528208408654701	-0.11450580624031068 0.014528191059384452 0.24802289130177047
0.09396568471147299 -0.014868955172233318 0.11450581349774167	-0.014868955247340191 0.03314164973552714 -0.014528208408649407	-0.11450580624030104 0.014528191059380847 0.24802289130182698
0.09396568471148989 -0.014868955172232442 0.11450581349773392	-0.014868955247338994 0.03314164973555533 -0.014528208408639887	-0.1145058062402938 0.014528191059372846 0.24802289130183885
0.09396568471145594 -0.014868955172241205 0.1145058134977391	-0.014868955247347009 0.03314164973552466 -0.014528208408651946	-0.1145058062403 0.014528191059385579 0.24802289130179728
0.09396568471144093 -0.014868955172237571 0.11450581349774189	-0.014868955247343628 0.0331416497355103 -0.014528208408656866	-0.11450580624030375 0.014528191059391939 0.24802289130180102
0.09396568471148589 -0.014868955172234046 0.11450581349774851	-0.014868955247339426 0.03314164973554918 -0.01452820840865588	-0.11450580624031098 0.014528191059389385 0.248022891301815
0.09396568471147596 -0.014868955172247594 0.11450581349775149	-0.01486895524735195 0.03314164973555112 -0.014528208408651488	-0.11450580624031496 0.014528191059385569 0.24802289130183988
0.09396568471146509 -0.014868955172248123 0.11450581349774845	-0.01486895524735359 0.03314164973554566 -0.014528208408649282	-0.11450580624030918 0.014528191059378921 0.2480228913018225
0.09396568471151782 -0.014868955172237717 0.11450581349774201	-0.01486895524734384 0.03314164973559132 -0.014528208408640393	-0.11450580624030042 0.014528191059372433 0.24802289130189775
0.09396568471151373 -0.014868955172236822 0.11450581349773917	-0.014868955247340334 0.03314164973555315 -0.014528208408635626	-0.11450580624029488 0.01452819105936655 0.24802289130187555
0.09396568471148746 -0.014868955172237143 0.11450581349773824	-0.014868955247342375 0.033141649735530014 -0.01452820840864235	-0.11450580624029458 0.014528191059373849 0.24802289130184646
0.09396568471148335 -0.014868955172241818 0.1145058134977355	-0.014868955247348634 0.033141649735564875 -0.014528208408656984	-0.11450580624029799 0.014528191059389427 0.24802289130186145
0.0939656847114981 -0.01486895517224134 0.11450581349773961	-0.014868955247346976 0.03314164973559473 -0.014528208408664832	-0.11450580624030254 0.014528191059399422 0.24802289130187608
0.09396568471145868 -0.014868955172252282 0.11450581349774527	-0.014868955247357934 0.03314164973553407 -0.014528208408666931	-0.1145058062403097 0.014528191059402028 0.2480228913018086
0.09396568471151422 -0.014868955172248096 0.11450581349775325	-0.014868955247351864 0.03314164973558812 -0.014528208408666483	-0.11450580624031617 0.0145281910594003 0.24802289130187
0.09396568471149545 -0.014868955172249333 0.11450581349774791	-0.014868955247351451 0.033141649735581674 -0.014528208408668607	-0.11450580624030998 0.014528191059402937 0.2480228913018339
0.09396568471148818 -0.014868955172239724 0.1145058134977506	-0.014868955247344237 0.03314164973554592 -0.014528208408663729	-0.11450580624031047 0.0145281910593993 0.2480228913018287
0.09396568471148808 -0.014868955172238353 0.11450581349774339	-0.014868955247345087 0.03314164973553432 -0.014528208408654226	-0.11450580624030421 0.014528191059387806 0.2480228913018389
0.0939656847114898 -0.014868955172248554 0.11450581349774998	-0.014868955247355618 0.0331416497355489 -0.01452820840865248	-0.11450580624031101 0.014528191059386228 0.2480228913018505
0.0939656847114782 -0.01486895517223915 0.1145058134977365	-0.014868955247347944 0.03314164973553553 -0.014528208408655006	-0.11450580624029905 0.014528191059386478 0.2480228913018317
0.09396568471149204 -0.014868955172236083 0.11450581349773428	-0.01486895524734256 0.03314164973557246 -0.014528208408665463	-0.1145058062402987 0.01452819105940014 0.24802289130188077
0.09396568471147448 -0.014868955172248465 0.11450581349774698	-0.01486895524735393 0.03314164973555906 -0.014528208408668974	-0.11450580624031105 0.01452819105940066 0.24802289130185942
0.09396568471148165 -0.0148689551722575 0.11450581349774935	-0.014868955247363366 0.03314164973555765 -0.014528208408664717	-0.11450580624030822 0.014528191059396841 0.2480228913018861
0.0939656847115435 -0.014868955172236388 0.11450581349774504	-0.014868955247341123 0.0331416497356347 -0.014528208408659097	-0.11450580624030163 0.01452819105939072 0.24802289130194907
0.09396568471149366 -0.014868955172233442 0.11450581349774178	-0.014868955247337029 0.03314164973557174 -0.014528208408658087	-0.11450580624029572 0.014528191059386464 0.24802289130186014
0.09396568471147937 -0.014868955172237732 0.11450581349774842	-0.014868955247345161 0.03314164973552515 -0.014528208408634963	-0.114505806240306 0.014528191059366903 0.248022891301854
0.09396568471144438 -0.014868955172241448 0.11450581349773724	-0.014868955247349443 0.033141649735498976 -0.014528208408633243	-0.11450580624029698 0.014528191059364415 0.2480228913017582
0.09396568471147082 -0.014868955172227282 0.11450581349773084	-0.014868955247336542 0.033141649735543274 -0.014528208408637916	-0.11450580624029567 0.014528191059372052 0.24802289130180022
0.09396568471144492 -0.014868955172232383 0.11450581349773667	-0.014868955247341695 0.03314164973550396 -0.014528208408652273	-0.11450580624030145 0.014528191059386238 0.24802289130178146
0.09396568471148904 -0.014868955172240916 0.11450581349775096	-0.014868955247348527 0.03314164973555199 -0.014528208408649407	-0.11450580624031517 0.014528191059382564 0.24802289130181498
0.0939656847115007 -0.014868955172244546 0.11450581349774766	-0.01486895524734868 0.03314164973556861 -0.014528208408658233	-0.11450580624031188 0.014528191059392973 0.2480228913018248
0.09396568471149279 -0.014868955172242938 0.11450581349775163	-0.014868955247348069 0.03314164973557336 -0.014528208408665762	-0.11450580624031144 0.01452819105939911 0.24802289130183702
0.09396568471147906 -0.01486895517224432 0.11450581349775096	-0.014868955247350286 0.03314164973555227 -0.014528208408666178	-0.11450580624031177 0.01452819105939844 0.24802289130181782
0.09396568471148092 -0.014868955172242812 0.11450581349775081	-0.014868955247348908 0.03314164973555861 -0.014528208408659288	-0.1145058062403112 0.014528191059391776 0.24802289130181265
0.09396568471146668 -0.014868955172237755 0.11450581349774494	-0.014868955247348502 0.03314164973552128 -0.014528208408636237	-0.11450580624030852 0.014528191059369509 0.24802289130180039
0.09396568471147035 -0.014868955172234254 0.11450581349773051	-0.01486895524734554 0.03314164973553792 -0.014528208408649566	-0.114505806240294 0.014528191059381704 0.24802289130182115
0.09396568471147435 -0.01486895517223798 0.11450581349773917	-0.014868955247348128 0.033141649735545224 -0.014528208408660172	-0.11450580624030336 0.014528191059393812 0.2480228913018471
0.09396568471146155 -0.014868955172249936 0.11450581349774777	-0.014868955247357138 0.03314164973551645 -0.014528208408661702	-0.11450580624030829 0.01452819105939604 0.24802289130183333
0.0939656847115349 -0.014868955172238322 0.11450581349774898	-0.01486895524734436 0.03314164973560424 -0.01452820840866718	-0.11450580624030855 0.014528191059399394 0.24802289130191518
0.09396568471149797 -0.014868955172244439 0.11450581349775515	-0.01486895524735194 0.033141649735589356 -0.014528208408679348	-0.11450580624031322 0.014528191059411066 0.24802289130189192
0.0939656847114672 -0.014868955172252927 0.11450581349775826	-0.014868955247360502 0.03314164973555819 -0.014528208408675285	-0.11450580624031481 0.014528191059407454 0.24802289130186195
0.09396568471148155 -0.014868955172252535 0.11450581349775026	-0.014868955247358725 0.03314164973554712 -0.014528208408654396	-0.11450580624031054 0.014528191059386592 0.24802289130182353
0.09396568471151541 -0.014868955172236492 0.11450581349774025	-0.014868955247343376 0.03314164973556376 -0.014528208408643786	-0.11450580624030185 0.014528191059376576 0.24802289130188965
0.09396568471146502 -0.014868955172230178 0.11450581349773441	-0.014868955247340413 0.03314164973551421 -0.01452820840864856	-0.11450580624029832 0.01452819105938001 0.24802289130179803
0.09396568471149422 -0.014868955172234428 0.11450581349773636	-0.014868955247343933 0.03314164973555191 -0.014528208408646992	-0.1145058062402994 0.01452819105938145 0.24802289130186098
0.09396568471149885 -0.014868955172240598 0.11450581349774352	-0.014868955247349297 0.03314164973555206 -0.014528208408635206	-0.1145058062403064 0.014528191059368041 0.24802289130182764
0.09396568471147661 -0.014868955172240442 0.11450581349774303	-0.014868955247347701 0.03314164973555233 -0.014528208408650545	-0.1145058062403029 0.014528191059384372 0.24802289130181618
0.09396568471146918 -0.01486895517224335 0.11450581349775686	-0.014868955247348813 0.033141649735569684 -0.014528208408662029	-0.11450580624031795 0.01452819105939495 0.24802289130180122
