0.16671114415890342 -0.0010705896705618658 0.1060248703063876	-0.0010705896705147646 0.14664589775968093 -0.008752004289942501	-0.10602487030620325 0.008752004289728534 0.3480179512641668
0.1667111442057998 -0.001070589651761959 0.10602487022267112	-0.0010705896517116302 0.14664589752488705 -0.008752004142502035	-0.10602487022249918 0.0087520041422837 0.3480179513820351
0.1667111442267205 -0.001070589642644242 0.10602487018527777	-0.0010705896425980462 0.14664589742161882 -0.008752004077873562	-0.10602487018507983 0.008752004077669767 0.3480179514345237
0.16671114415948693 -0.0010705896701313057 0.10602487030568543	-0.0010705896700809736 0.14664589775974396 -0.008752004289859002	-0.10602487030552481 0.008752004289630272 0.3480179512638995
0.16671114420616157 -0.0010705896509103875 0.10602487022215512	-0.0010705896508620841 0.1466458975267784 -0.00875200414356727	-0.10602487022195196 0.008752004143366722 0.3480179513815076
0.1667111442274967 -0.0010705896430659601 0.10602487018513673	-0.0010705896430167495 0.14664589742320153 -0.008752004077731308	-0.1060248701849744 0.008752004077506984 0.3480179514350935
0.16671114415994354 -0.0010705896710023694 0.1060248703061187	-0.0010705896709539819 0.14664589776072334 -0.008752004289457587	-0.10602487030592929 0.008752004289247786 0.348017951264995
0.16671114420522826 -0.0010705896504141646 0.10602487022265872	-0.0010705896503649635 0.1466458975260651 -0.008752004144238976	-0.10602487022246966 0.00875200414402797 0.34801795138127545
0.16671114422581793 -0.0010705896423934252 0.106024870185559	-0.0010705896423441061 0.14664589742069453 -0.008752004078354404	-0.10602487018539179 0.008752004078132033 0.3480179514333199
0.16671114415973187 -0.0010705896716292984 0.10602487030624164	-0.0010705896715809578 0.146645897758852 -0.008752004288438635	-0.1060248703060379 0.008752004288236897 0.3480179512651233
0.1667111442060852 -0.0010705896509456692 0.10602487022234092	-0.001070589650894323 0.14664589752645157 -0.008752004143428162	-0.10602487022218278 0.008752004143201157 0.34801795138193925
0.16671114422651157 -0.0010705896416802812 0.10602487018481194	-0.0010705896416339563 0.14664589742241593 -0.008752004078824017	-0.10602487018462012 0.008752004078617148 0.3480179514333425
0.16671114416038751 -0.0010705896711808273 0.1060248703058402	-0.0010705896711310997 0.14664589776078057 -0.00875200428906315	-0.10602487030566186 0.008752004288847273 0.34801795126528373
0.1667111442066368 -0.0010705896516171763 0.10602487022238484	-0.001070589651567159 0.14664589752676294 -0.00875200414295476	-0.10602487022220365 0.008752004142739411 0.3480179513826211
0.16671114422613045 -0.0010705896418976317 0.10602487018536881	-0.0010705896418493864 0.14664589742245396 -0.008752004079106528	-0.10602487018519031 0.008752004078892317 0.3480179514335815
0.16671114422645822 -0.0010705896418121879 0.10602487018509248	-0.0010705896417614472 0.14664589742248055 -0.008752004078910119	-0.10602487018492032 0.008752004078691377 0.3480179514335679
0.16671114415952173 -0.0010705896716855937 0.1060248703063596	-0.0010705896716399254 0.1466458977598369 -0.008752004288890027	-0.10602487030615995 0.00875200428868856 0.3480179512649491
0.1667111442060013 -0.0010705896515809839 0.1060248702229557	-0.001070589651529735 0.1466458975269917 -0.00875200414345565	-0.10602487022280013 0.008752004143225946 0.34801795138262853
0.16671114422607203 -0.0010705896416284095 0.10602487018557448	-0.0010705896415796924 0.14664589742270037 -0.008752004079452778	-0.10602487018536566 0.008752004079253854 0.3480179514337815
0.1667111441590418 -0.0010705896706173475 0.10602487030606232	-0.0010705896705693677 0.1466458977587089 -0.008752004289472523	-0.10602487030589744 0.008752004289248355 0.34801795126353496
0.16671114420628141 -0.0010705896518443973 0.10602487022220496	-0.0010705896517952326 0.1466458975250847 -0.008752004142124157	-0.10602487022201472 0.008752004141915945 0.34801795138205427
0.16671114422729263 -0.0010705896423033748 0.10602487018469868	-0.001070589642253943 0.14664589742230297 -0.008752004077853842	-0.10602487018451506 0.008752004077641633 0.3480179514344073
0.16671114415994925 -0.0010705896701149126 0.10602487030567631	-0.0010705896700652267 0.1466458977610881 -0.008752004290052066	-0.10602487030550939 0.008752004289830091 0.34801795126477586
0.16671114420580702 -0.0010705896513692591 0.1060248702226038	-0.001070589651321438 0.14664589752648302 -0.008752004143467464	-0.1060248702224015 0.008752004143264741 0.3480179513819297
0.16671114422647199 -0.0010705896431178535 0.1060248701856208	-0.0010705896430664545 0.14664589742161552 -0.008752004077929233	-0.10602487018545745 0.008752004077703567 0.34801795143427694
0.1667111441594695 -0.001070589670621013 0.10602487030657681	-0.0010705896705743454 0.14664589776076434 -0.008752004290151202	-0.10602487030638547 0.008752004289943119 0.34801795126479396
0.1667111442053035 -0.0010705896504441415 0.10602487022257118	-0.0010705896503927686 0.1466458975258188 -0.008752004143989352	-0.10602487022239478 0.00875200414377397 0.3480179513809137
0.16671114422644928 -0.0010705896427937872 0.10602487018514554	-0.0010705896427445575 0.14664589742109535 -0.008752004077653003	-0.10602487018497071 0.008752004077434629 0.3480179514337249
0.16671114416042243 -0.00107058967146939 0.10602487030562574	-0.001070589671421031 0.14664589775968392 -0.008752004288313676	-0.10602487030544316 0.00875200428810001 0.34801795126555646
0.16671114420645872 -0.001070589650446721 0.10602487022192791	-0.001070589650396656 0.146645897526706 -0.008752004143725504	-0.10602487022174673 0.008752004143509538 0.34801795138183905
0.1667111442060108 -0.0010705896504790788 0.10602487022210934	-0.001070589650432734 0.14664589752661372 -0.008752004143875131	-0.10602487022191151 0.008752004143671503 0.3480179513814342
0.16671114422656516 -0.0010705896429668545 0.10602487018481956	-0.001070589642914157 0.14664589742062897 -0.00875200407729278	-0.1060248701846646 0.00875200407706344 0.3480179514333338
0.1667111441601275 -0.0010705896713111961 0.10602487030569835	-0.0010705896712627297 0.1466458977595244 -0.008752004288479956	-0.10602487030548785 0.008752004288284113 0.34801795126525703
0.16671114420623354 -0.001070589650406347 0.10602487022252194	-0.0010705896503565597 0.1466458975276843 -0.008752004144294896	-0.1060248702223632 0.008752004144068296 0.3480179513825844
0.16671114422597189 -0.001070589642219952 0.10602487018561207	-0.0010705896421699668 0.14664589742197717 -0.008752004078812561	-0.10602487018541697 0.008752004078606247 0.34801795143395375
0.16671114415915933 -0.0010705896717806956 0.10602487030668432	-0.0010705896717315474 0.1466458977593355 -0.008752004288927182	-0.10602487030649843 0.008752004288714307 0.34801795126473684
0.16671114420592212 -0.0010705896510706603 0.10602487022265317	-0.0010705896510214367 0.14664589752643525 -0.008752004143581113	-0.10602487022248486 0.008752004143359637 0.3480179513816569
0.16671114422666328 -0.001070589641399675 0.10602487018487977	-0.0010705896413517229 0.1466458974226102 -0.00875200407901526	-0.10602487018468297 0.008752004078811125 0.34801795143332065
0.16671114415990318 -0.0010705896710652488 0.10602487030562922	-0.0010705896710132617 0.1466458977596488 -0.008752004288837774	-0.10602487030546517 0.008752004288613634 0.348017951264453
0.16671114420640487 -0.0010705896519760255 0.10602487022206714	-0.001070589651930508 0.14664589752525065 -0.008752004142131967	-0.10602487022187589 0.00875200414192331 0.3480179513822244
0.16671114422696343 -0.0010705896419775946 0.10602487018518789	-0.0010705896419270283 0.14664589742290646 -0.008752004078788754	-0.10602487018500778 0.008752004078573891 0.34801795143460573
0.16671114415931676 -0.001070589670145939 0.10602487030628942	-0.0010705896700967752 0.14664589776041467 -0.008752004290343694	-0.10602487030611364 0.008752004290125081 0.3480179512644862
0.16671114420519487 -0.0010705896517523078 0.10602487022293154	-0.0010705896517035386 0.14664589752514537 -0.008752004143022307	-0.10602487022274892 0.008752004142811121 0.3480179513814425
0.16671114422652505 -0.0010705896430617812 0.1060248701856067	-0.0010705896430131838 0.14664589742191303 -0.008752004077832685	-0.10602487018543184 0.00875200407761386 0.3480179514344076
0.16671114415996843 -0.0010705896702033132 0.10602487030602138	-0.0010705896701525275 0.14664589776125614 -0.008752004290159727	-0.10602487030584315 0.008752004289942675 0.34801795126468554
0.16671114415968313 -0.0010705896703782705 0.10602487030625124	-0.0010705896703282211 0.14664589776093473 -0.008752004290189644	-0.10602487030609078 0.008752004289961545 0.34801795126521895
0.16671114420589667 -0.0010705896519364365 0.10602487022260555	-0.0010705896518889832 0.14664589752572557 -0.00875200414278779	-0.10602487022239591 0.008752004142589163 0.3480179513818442
0.16671114422666378 -0.0010705896426635633 0.10602487018489869	-0.0010705896426144706 0.14664589742128414 -0.008752004077733345	-0.10602487018474066 0.008752004077506002 0.3480179514332199
0.16671114416015725 -0.0010705896699676615 0.10602487030561661	-0.0010705896699194362 0.14664589776142967 -0.008752004290103067	-0.10602487030541832 0.00875200428989931 0.3480179512646461
0.16671114420605435 -0.0010705896507809242 0.10602487022214895	-0.00107058965073154 0.14664589752628454 -0.008752004143464193	-0.10602487022196756 0.008752004143250322 0.3480179513816838
0.16671114422622335 -0.0010705896432707043 0.1060248701854835	-0.0010705896432205535 0.14664589742090145 -0.008752004077543472	-0.10602487018530977 0.008752004077324897 0.34801795143403713
0.16671114415956612 -0.0010705896711326896 0.1060248703064857	-0.0010705896710852692 0.14664589776004477 -0.008752004289420572	-0.10602487030628598 0.008752004289214993 0.3480179512653934
0.16671114420582953 -0.001070589650308611 0.1060248702226524	-0.0010705896502568122 0.14664589752678672 -0.008752004144399885	-0.10602487022248808 0.008752004144176876 0.3480179513818725
0.16671114422642708 -0.0010705896424432482 0.10602487018528119	-0.0010705896423964106 0.14664589742162346 -0.008752004078135082	-0.10602487018509288 0.008752004077925375 0.34801795143395475
0.16671114415970967 -0.0010705896717190374 0.10602487030591946	-0.0010705896716679533 0.14664589775900894 -0.008752004288292824	-0.1060248703057373 0.008752004288079335 0.34801795126439916
0.16671114420640826 -0.0010705896507590754 0.10602487022211705	-0.0010705896507099489 0.14664589752714788 -0.00875200414373866	-0.10602487022194247 0.008752004143518337 0.34801795138175556
0.16671114422693456 -0.0010705896415004832 0.10602487018496516	-0.0010705896414525094 0.14664589742364437 -0.008752004079400001	-0.10602487018477885 0.008752004079189031 0.34801795143399733
0.16671114415953087 -0.0010705896713552841 0.10602487030602993	-0.0010705896713068888 0.14664589775886702 -0.008752004288793878	-0.10602487030585406 0.008752004288574814 0.3480179512642314
0.16671114420563454 -0.0010705896518998677 0.1060248702227043	-0.0010705896518489804 0.14664589752471244 -0.008752004142371414	-0.10602487022252749 0.008752004142155722 0.3480179513819795
0.1667111442263629 -0.0010705896417935188 0.1060248701854988	-0.0010705896417468382 0.14664589742257428 -0.008752004079012103	-0.10602487018530675 0.00875200407880531 0.34801795143439307
0.16671114422649758 -0.0010705896417164268 0.106024870185387	-0.0010705896416683793 0.1466458974226303 -0.008752004079054125	-0.1060248701851829 0.00875200407885375 0.34801795143395126
0.16671114415949975 -0.0010705896716960142 0.10602487030663882	-0.0010705896716474107 0.14664589775960502 -0.008752004288928153	-0.10602487030647448 0.008752004288703354 0.34801795126531415
0.16671114420546906 -0.0010705896517305535 0.10602487022276381	-0.0010705896516822406 0.1466458975251969 -0.008752004142869606	-0.10602487022256923 0.008752004142662154 0.34801795138199504
0.16671114422665778 -0.0010705896415401017 0.10602487018506597	-0.00107058964149167 0.14664589742301767 -0.008752004079119812	-0.1060248701848854 0.008752004078905622 0.3480179514341989
0.16671114416026428 -0.0010705896704836688 0.10602487030553182	-0.001070589670434892 0.14664589776054937 -0.008752004289375899	-0.10602487030535648 0.00875200428915942 0.3480179512650645
0.16671114420613106 -0.0010705896519097036 0.10602487022202085	-0.0010705896518624358 0.14664589752479854 -0.00875200414209671	-0.10602487022182695 0.008752004141889397 0.34801795138120917
0.16671114422651195 -0.001070589642450364 0.10602487018514038	-0.0010705896423984212 0.14664589742199463 -0.008752004078255875	-0.1060248701849711 0.008752004078034531 0.3480179514336052
0.16671114415961646 -0.001070589670005618 0.10602487030632007	-0.0010705896699593634 0.14664589776161113 -0.008752004290808635	-0.10602487030613164 0.008752004290597963 0.3480179512645448
0.1667111442057399 -0.0010705896511891393 0.10602487022291238	-0.0010705896511385348 0.14664589752647125 -0.008752004143637374	-0.1060248702227304 0.008752004143424919 0.3480179513821739
0.16671114422604488 -0.0010705896432792027 0.10602487018562512	-0.0010705896432303998 0.14664589742053563 -0.008752004077346498	-0.10602487018545452 0.008752004077125935 0.3480179514340522
0.16671114415945593 -0.001070589670767121 0.1060248703059427	-0.0010705896707182347 0.14664589775928966 -0.008752004289174005	-0.10602487030575518 0.008752004288964665 0.3480179512647375
0.16671114420658042 -0.001070589650302896 0.10602487022215108	-0.0010705896502538103 0.14664589752754403 -0.008752004144160112	-0.10602487022197618 0.008752004143940229 0.3480179513823526
0.16671114422707056 -0.0010705896426509466 0.10602487018488965	-0.001070589642600898 0.1466458974220423 -0.008752004077912885	-0.10602487018470813 0.008752004077697682 0.3480179514340078
0.16671114415961263 -0.0010705896715792447 0.1060248703059287	-0.0010705896715325364 0.14664589775928888 -0.008752004288648037	-0.10602487030573725 0.008752004288439915 0.34801795126408624
0.1667111442057614 -0.001070589650501449 0.10602487022235715	-0.0010705896504505453 0.14664589752645668 -0.008752004143912306	-0.10602487022219835 0.008752004143685155 0.34801795138117564
0.1667111442063947 -0.001070589650419917 0.10602487022188185	-0.0010705896503699491 0.14664589752635154 -0.008752004143559006	-0.10602487022171986 0.00875200414333474 0.3480179513815405
0.16671114422668076 -0.001070589642844599 0.10602487018518574	-0.0010705896427955983 0.14664589742138218 -0.008752004077579131	-0.10602487018499576 0.008752004077370132 0.34801795143409464
0.16671114415893912 -0.001070589671343018 0.10602487030651268	-0.0010705896712932426 0.1466458977589902 -0.008752004289118896	-0.1060248703063273 0.008752004288906198 0.34801795126408364
0.1667111442052418 -0.0010705896504643216 0.10602487022297206	-0.0010705896504139634 0.14664589752681098 -0.00875200414460291	-0.10602487022279823 0.008752004144385116 0.3480179513813654
0.16671114422682226 -0.0010705896421430777 0.10602487018559427	-0.0010705896420954873 0.14664589742376352 -0.008752004079098569	-0.10602487018540056 0.008752004078892067 0.3480179514349378
0.1667111441600544 -0.0010705896717873812 0.10602487030591222	-0.0010705896717372928 0.1466458977595383 -0.008752004288332779	-0.10602487030573952 0.008752004288114644 0.3480179512654048
0.16671114420601502 -0.0010705896512557397 0.10602487022198365	-0.0010705896512093489 0.14664589752534893 -0.008752004142730758	-0.10602487022180068 0.008752004142517793 0.34801795138163594
0.16671114422674543 -0.0010705896413619846 0.10602487018475171	-0.0010705896413114686 0.14664589742258272 -0.008752004079040226	-0.10602487018456291 0.00875200407882986 0.3480179514335663
0.16671114416012917 -0.001070589670807298 0.10602487030587845	-0.0010705896707594595 0.14664589776028553 -0.00875200428941602	-0.10602487030570655 0.00875200428919493 0.34801795126479307
0.16671114420579264 -0.00107058965206563 0.10602487022275026	-0.0010705896520163379 0.14664589752552953 -0.008752004142636802	-0.10602487022256363 0.008752004142427782 0.34801795138188163
0.16671114422580946 -0.0010705896422197186 0.10602487018550844	-0.0010705896421708315 0.14664589742119044 -0.008752004078445015	-0.10602487018533784 0.008752004078224126 0.3480179514332167
0.1667111441594208 -0.0010705896701149204 0.10602487030643652	-0.0010705896700643168 0.14664589776107548 -0.008752004290477462	-0.10602487030625517 0.008752004290263935 0.34801795126474966
0.16671114420625252 -0.0010705896514701455 0.10602487022262667	-0.0010705896514238587 0.14664589752664647 -0.00875200414328877	-0.10602487022243551 0.008752004143080128 0.34801795138267777
0.16671114422675284 -0.001070589643127869 0.10602487018511846	-0.0010705896430765506 0.1466458974215865 -0.0087520040776718	-0.10602487018495443 0.008752004077446546 0.34801795143415754
0.1667111441599858 -0.0010705896704760907 0.10602487030558287	-0.0010705896704267786 0.14664589776027645 -0.008752004289497795	-0.1060248703053803 0.008752004289295928 0.34801795126465784
0.1667111441599111 -0.0010705896703236007 0.10602487030596695	-0.0010705896702752548 0.1466458977616295 -0.008752004290266815	-0.10602487030577668 0.008752004290056958 0.34801795126482943
0.16671114420691016 -0.0010705896516649063 0.10602487022202707	-0.0010705896516156966 0.14664589752694648 -0.008752004142635657	-0.10602487022184338 0.008752004142423261 0.34801795138286695
0.16671114422691702 -0.0010705896427201248 0.10602487018490316	-0.0010705896426699002 0.14664589742163603 -0.008752004077650748	-0.10602487018473583 0.00875200407743023 0.34801795143399306
0.1667111441591682 -0.0010705896701760339 0.10602487030583226	-0.0010705896701292475 0.14664589775877465 -0.008752004289626455	-0.10602487030563279 0.008752004289421446 0.34801795126353563
0.16671114420567415 -0.0010705896508335176 0.1060248702227202	-0.0010705896507817378 0.14664589752608026 -0.008752004143774757	-0.10602487022255061 0.00875200414355315 0.3480179513817903
0.1667111442264439 -0.0010705896431196845 0.10602487018566067	-0.0010705896430720776 0.14664589742172945 -0.008752004077766613	-0.10602487018547736 0.008752004077553624 0.34801795143460207
0.16671114415919 -0.001070589671119876 0.10602487030635324	-0.0010705896710699325 0.14664589775984413 -0.00875200428927344	-0.10602487030616391 0.008752004289064936 0.34801795126469154
0.16671114420575153 -0.0010705896503469823 0.10602487022242511	-0.001070589650298535 0.14664589752705537 -0.008752004144293973	-0.10602487022225847 0.00875200414407093 0.3480179513814564
0.1667111442272165 -0.001070589642315255 0.10602487018491728	-0.0010705896422658337 0.1466458974229404 -0.008752004078471341	-0.10602487018472403 0.008752004078264812 0.34801795143435255
0.1667111441605994 -0.0010705896716181555 0.10602487030579218	-0.0010705896715694418 0.14664589776028525 -0.008752004288620677	-0.10602487030561936 0.008752004288398882 0.3480179512653791
0.16671114420579602 -0.0010705896509297964 0.10602487022217355	-0.0010705896508799249 0.1466458975255466 -0.008752004143214025	-0.10602487022199122 0.008752004143001674 0.348017951381309
0.16671114422603783 -0.0010705896415892126 0.10602487018519362	-0.0010705896415419483 0.14664589742180045 -0.008752004078850843	-0.10602487018500702 0.008752004078641164 0.3480179514334619
0.16671114415959826 -0.0010705896712332255 0.10602487030633219	-0.0010705896711820278 0.14664589775947195 -0.008752004288939103	-0.10602487030616853 0.008752004288715216 0.3480179512651431
0.16671114420558802 -0.001070589651868594 0.1060248702228834	-0.0010705896518206255 0.14664589752509166 -0.008752004142770206	-0.10602487022268083 0.008752004142567417 0.348017951381645
0.16671114422608396 -0.0010705896419002563 0.10602487018552378	-0.001070589641850847 0.14664589742254172 -0.00875200407918841	-0.10602487018535732 0.008752004078965644 0.3480179514335683
0.16671114422566213 -0.0010705896418025818 0.1060248701855081	-0.001070589641754222 0.14664589742107276 -0.008752004078842947	-0.10602487018531925 0.008752004078632775 0.3480179514332641
0.16671114415995883 -0.0010705896715258994 0.10602487030605146	-0.0010705896714763956 0.146645897759352 -0.00875200428856453	-0.10602487030588405 0.008752004288342517 0.34801795126511414
0.1667111442067314 -0.0010705896516170783 0.10602487022230371	-0.001070589651569258 0.14664589752710044 -0.008752004142934526	-0.10602487022210567 0.00875200414273046 0.34801795138269487
0.16671114422664862 -0.0010705896416411068 0.10602487018484699	-0.0010705896415893461 0.14664589742291234 -0.008752004079108894	-0.10602487018468261 0.008752004078884528 0.3480179514333881
0.16671114415981514 -0.00107058967057308 0.10602487030595353	-0.0010705896705269693 0.1466458977608489 -0.008752004289968411	-0.10602487030576545 0.008752004289757448 0.3480179512643513
0.16671114420641642 -0.0010705896517824208 0.10602487022253552	-0.0010705896517319395 0.14664589752625212 -0.00875200414278757	-0.10602487022234709 0.008752004142576958 0.3480179513825725
0.16671114422629052 -0.0010705896424554459 0.10602487018538916	-0.0010705896424063376 0.14664589742133233 -0.00875200407814989	-0.10602487018522236 0.008752004077926409 0.34801795143389136
0.16671114415883267 -0.0010705896703395298 0.10602487030620414	-0.00107058967029 0.14664589775925052 -0.008752004289708078	-0.10602487030600784 0.008752004289505733 0.34801795126447665
0.1667111442056962 -0.0010705896512441231 0.10602487022254628	-0.0010705896511950044 0.1466458975253232 -0.008752004143076551	-0.10602487022237939 0.008752004142853119 0.34801795138169195
0.16671114422702743 -0.0010705896429710612 0.10602487018525947	-0.001070589642920442 0.14664589742210343 -0.008752004077748371	-0.10602487018507116 0.008752004077537727 0.34801795143460723
0.16671114415986935 -0.0010705896705632857 0.10602487030592467	-0.00107058967051713 0.14664589776089385 -0.00875200428994994	-0.10602487030573662 0.00875200428973862 0.34801795126445484
0.16671114420601527 -0.0010705896504357038 0.10602487022211135	-0.0010705896503838764 0.14664589752707652 -0.008752004144187281	-0.10602487022194729 0.008752004143963085 0.34801795138122094
0.16671114422727656 -0.0010705896428098924 0.10602487018511664	-0.0010705896427620305 0.14664589742299078 -0.008752004077949294	-0.10602487018491831 0.008752004077745519 0.3480179514348947
0.16671114415991642 -0.0010705896715508048 0.10602487030614945	-0.0010705896715013158 0.14664589775952777 -0.008752004288654573	-0.10602487030598214 0.008752004288432376 0.34801795126511004
0.16671114420505975 -0.0010705896506102083 0.1060248702227148	-0.0010705896505620264 0.14664589752508483 -0.008752004143780981	-0.10602487022252592 0.008752004143570882 0.34801795138116975
0.1667111442054631 -0.0010705896507155989 0.10602487022279897	-0.0010705896506661003 0.14664589752667884 -0.008752004144229806	-0.10602487022263254 0.00875200414400722 0.3480179513814289
0.16671114422617717 -0.0010705896430542655 0.10602487018567094	-0.001070589643006362 0.14664589742097414 -0.008752004077785924	-0.10602487018546815 0.00875200407758318 0.3480179514338609
0.16671114415961813 -0.001070589671243123 0.10602487030635696	-0.0010705896711919547 0.14664589775959125 -0.008752004289020718	-0.10602487030619338 0.008752004288796814 0.3480179512651004
0.16671114420553734 -0.0010705896503907198 0.10602487022234532	-0.00107058965034357 0.14664589752593096 -0.008752004143785849	-0.10602487022215903 0.008752004143576068 0.34801795138143354
0.1667111442263816 -0.0010705896421140835 0.106024870184921	-0.0010705896420643369 0.14664589742143297 -0.008752004078216788	-0.10602487018473844 0.008752004078004524 0.34801795143328135
0.16671114416057065 -0.0010705896715998081 0.10602487030574152	-0.0010705896715512593 0.14664589776009718 -0.008752004288527855	-0.10602487030556887 0.008752004288306005 0.3480179512653552
0.16671114420659408 -0.0010705896511326012 0.10602487022219118	-0.001070589651083211 0.14664589752707868 -0.008752004143503255	-0.10602487022199834 0.008752004143296618 0.34801795138223096
0.16671114422632644 -0.0010705896415461845 0.10602487018523263	-0.0010705896414978247 0.14664589742292755 -0.008752004079301965	-0.10602487018506589 0.008752004079078814 0.3480179514336915
0.1667111441591387 -0.0010705896711175368 0.10602487030643572	-0.0010705896710676245 0.14664589775998615 -0.008752004289381284	-0.10602487030624635 0.008752004289172971 0.3480179512647019
0.16671114420582414 -0.0010705896519250697 0.10602487022287864	-0.0010705896518776433 0.1466458975258106 -0.008752004142743776	-0.10602487022269548 0.008752004142530686 0.3480179513824254
0.16671114422632802 -0.0010705896420464475 0.10602487018547412	-0.0010705896419947467 0.1466458974220731 -0.008752004078760728	-0.10602487018530457 0.0087520040785392 0.34801795143393466
0.1667111441592248 -0.0010705896701566596 0.10602487030576781	-0.001070589670110051 0.1466458977587528 -0.008752004289602468	-0.10602487030556856 0.008752004289397469 0.3480179512635176
0.1667111442063277 -0.001070589651489818 0.10602487022207296	-0.0010705896514395363 0.14664589752560953 -0.008752004142621488	-0.10602487022190549 0.008752004142401019 0.3480179513818143
0.16671114422750147 -0.0010705896428788988 0.10602487018483266	-0.0010705896428297836 0.14664589742284784 -0.008752004077648371	-0.10602487018464896 0.008752004077435906 0.3480179514349961
0.16671114415990168 -0.0010705896703535767 0.1060248703059606	-0.0010705896703053332 0.14664589776146508 -0.008752004290179638	-0.10602487030577036 0.008752004289969945 0.3480179512648486
0.16671114415995514 -0.0010705896704553547 0.10602487030558246	-0.0010705896704061397 0.14664589776023085 -0.008752004289488358	-0.10602487030537974 0.008752004289286582 0.3480179512645868
0.16671114420608596 -0.0010705896519154611 0.10602487022237349	-0.001070589651864193 0.14664589752561935 -0.00875200414265214	-0.1060248702222092 0.008752004142426897 0.34801795138203806
0.16671114422676087 -0.001070589642691684 0.10602487018545172	-0.0010705896426454822 0.14664589742243883 -0.00875200407828957	-0.10602487018526037 0.008752004078080779 0.3480179514347672
0.16671114415943677 -0.001070589670118461 0.10602487030645345	-0.001070589670067703 0.1466458977611116 -0.008752004290492287	-0.1060248703062721 0.008752004290278823 0.34801795126488216
0.1667111442052364 -0.0010705896509976979 0.10602487022275968	-0.0010705896509489 0.14664589752550963 -0.00875200414355451	-0.10602487022258915 0.00875200414333362 0.3480179513810803
0.16671114422641437 -0.0010705896432540501 0.10602487018547115	-0.0010705896432047553 0.14664589742142237 -0.008752004077591916	-0.10602487018528459 0.008752004077382754 0.34801795143400194
0.16671114416016142 -0.0010705896708351082 0.10602487030586207	-0.0010705896707871561 0.1466458977603684 -0.008752004289406898	-0.1060248703056902 0.00875200428918576 0.3480179512647368
0.16671114420618535 -0.0010705896501411643 0.10602487022191011	-0.001070589650090696 0.14664589752656743 -0.008752004143972605	-0.10602487022172126 0.00875200414376228 0.3480179513814668
0.16671114422656225 -0.0010705896424263424 0.10602487018483522	-0.0010705896423796255 0.14664589742132225 -0.008752004077857645	-0.10602487018465236 0.008752004077644548 0.3480179514337184
0.16671114415998442 -0.0010705896718051604 0.10602487030592615	-0.0010705896717549844 0.14664589775931036 -0.008752004288268146	-0.1060248703057535 0.00875200428804982 0.34801795126538093
0.16671114420621413 -0.001070589651003562 0.10602487022285366	-0.00107058965095591 0.1466458975278442 -0.00875200414406839	-0.1060248702226598 0.008752004143861986 0.348017951382791
0.16671114422590047 -0.0010705896416579154 0.1060248701857145	-0.0010705896416076813 0.14664589742273154 -0.008752004079562531	-0.10602487018554074 0.00875200407934481 0.3480179514336201
0.16671114415896215 -0.0010705896713093712 0.1060248703064901	-0.0010705896712596757 0.14664589775905032 -0.00875200428917311	-0.10602487030630457 0.008752004288960523 0.34801795126403046
0.16671114420613498 -0.0010705896516522298 0.10602487022236969	-0.0010705896516033818 0.14664589752553944 -0.008752004142570883	-0.10602487022217985 0.008752004142361915 0.3480179513819908
0.1667111442270257 -0.001070589641637358 0.1060248701846481	-0.0010705896415873365 0.14664589742230522 -0.008752004078555066	-0.1060248701844858 0.008752004078330773 0.34801795143364855
0.16671114422640732 -0.001070589641657427 0.10602487018508294	-0.0010705896416065676 0.1466458974224143 -0.008752004078928115	-0.10602487018492412 0.00875200407870095 0.3480179514333223
0.16671114415963664 -0.00107058967157254 0.10602487030592994	-0.0010705896715259575 0.1466458977594487 -0.008752004288678936	-0.10602487030573839 0.008752004288471046 0.34801795126407653
0.16671114420644623 -0.001070589651486203 0.10602487022208906	-0.0010705896514361466 0.1466458975260306 -0.008752004142819327	-0.10602487022190728 0.00875200414260418 0.348017951381843
0.16671114422711944 -0.001070589641500994 0.10602487018497861	-0.001070589641451982 0.14664589742339795 -0.008752004079196712	-0.10602487018480365 0.008752004078977048 0.3480179514344476
0.1667111441594119 -0.0010705896707283256 0.10602487030600591	-0.001070589670679337 0.1466458977593061 -0.008752004289269404	-0.10602487030581882 0.008752004289060242 0.34801795126472596
0.16671114420543 -0.0010705896520917368 0.10602487022285194	-0.0010705896520428575 0.14664589752454982 -0.008752004142323376	-0.10602487022268135 0.008752004142102851 0.3480179513818978
0.1667111442263709 -0.0010705896424408664 0.1060248701856728	-0.0010705896423901266 0.14664589742237466 -0.008752004078575987	-0.10602487018549071 0.008752004078363414 0.34801795143432773
0.16671114415970345 -0.0010705896699948593 0.10602487030623091	-0.0010705896699487096 0.14664589776159023 -0.008752004290724778	-0.10602487030604238 0.008752004290514023 0.3480179512646193
0.16671114420598193 -0.0010705896512126015 0.10602487022234329	-0.001070589651160891 0.14664589752626958 -0.008752004143326678	-0.10602487022217415 0.00875200414310523 0.3480179513814987
0.166711144226723 -0.0010705896431086152 0.1060248701847822	-0.0010705896430614238 0.14664589742062406 -0.008752004077075482	-0.10602487018458857 0.008752004076868252 0.3480179514333443
0.1667111441601833 -0.0010705896705184266 0.10602487030559925	-0.001070589670469713 0.14664589776051762 -0.008752004289416401	-0.10602487030542393 0.00875200428919973 0.34801795126492063
0.16671114420603392 -0.001070589650329374 0.10602487022231591	-0.001070589650281114 0.14664589752712723 -0.008752004144105138	-0.10602487022213555 0.00875200414389092 0.3480179513821516
0.16671114422600425 -0.001070589642910947 0.10602487018559272	-0.0010705896428626974 0.1466458974211387 -0.0087520040779282	-0.106024870185398 0.008752004077720837 0.34801795143407327
0.16671114415948451 -0.0010705896717107758 0.10602487030659773	-0.0010705896716619997 0.14664589775945563 -0.00875200428884474	-0.10602487030643305 0.0087520042886201 0.34801795126535884
0.16671114420594593 -0.0010705896505316514 0.10602487022262369	-0.0010705896504835015 0.14664589752689913 -0.008752004144114846	-0.10602487022241965 0.008752004143914228 0.3480179513818622
0.16671114420577438 -0.0010705896505559167 0.10602487022269948	-0.0010705896505093706 0.14664589752660773 -0.008752004144028207	-0.1060248702225076 0.008752004143821324 0.3480179513822545
0.16671114422628924 -0.001070589643095021 0.10602487018547375	-0.001070589643044055 0.1466458974207343 -0.008752004077425872	-0.1060248701852971 0.008752004077210017 0.34801795143408404
0.16671114415961752 -0.0010705896713932433 0.10602487030592714	-0.0010705896713449079 0.1466458977587744 -0.008752004288636962	-0.10602487030575136 0.008752004288418179 0.3480179512643206
0.1667111442063858 -0.0010705896503224394 0.1060248702221569	-0.001070589650274405 0.14664589752777762 -0.008752004144363626	-0.10602487022197067 0.008752004144152475 0.34801795138188074
0.16671114422702907 -0.0010705896419261687 0.10602487018487894	-0.0010705896418772686 0.14664589742302686 -0.00875200407874023	-0.10602487018470436 0.00875200407851992 0.3480179514339748
0.16671114415964317 -0.0010705896717188952 0.10602487030598151	-0.001070589671667799 0.14664589775897613 -0.008752004288364597	-0.1060248703057995 0.008752004288151288 0.3480179512643067
0.16671114420575298 -0.0010705896512754852 0.10602487022255935	-0.0010705896512287361 0.14664589752564186 -0.008752004143129634	-0.10602487022237136 0.008752004142919878 0.3480179513817818
0.166711144226385 -0.001070589641508888 0.10602487018546244	-0.0010705896414571923 0.14664589742270126 -0.008752004079417123	-0.10602487018529795 0.008752004079193874 0.3480179514339602
0.16671114415961324 -0.0010705896711087149 0.10602487030643983	-0.001070589671061029 0.14664589776010387 -0.008752004289405917	-0.10602487030624 0.00875200428920029 0.3480179512654375
0.16671114420570568 -0.001070589652074327 0.10602487022265518	-0.001070589652024047 0.14664589752508533 -0.008752004142515691	-0.10602487022248148 0.008752004142297286 0.3480179513820145
0.1667111442266446 -0.0010705896419828083 0.10602487018491788	-0.001070589641933419 0.14664589742215545 -0.008752004078488168	-0.10602487018473644 0.008752004078274409 0.34801795143374414
0.1667111441601659 -0.001070589669945915 0.10602487030561077	-0.0010705896698977166 0.1466458977614522 -0.008752004290118368	-0.10602487030541248 0.008752004289914538 0.34801795126467766
0.16671114420605992 -0.0010705896514607719 0.10602487022216041	-0.0010705896514116228 0.1466458975254941 -0.008752004142765692	-0.1060248702220023 0.00875200414253827 0.34801795138109537
0.16671114422641903 -0.0010705896431564919 0.10602487018538238	-0.0010705896431092085 0.14664589742141249 -0.008752004077699247	-0.10602487018517273 0.00875200407750061 0.34801795143393865
0.1667111441596173 -0.0010705896703910294 0.10602487030634197	-0.0010705896703411622 0.14664589776098313 -0.008752004290277525	-0.10602487030618178 0.00875200429004952 0.3480179512651643
0.16671114415992822 -0.0010705896701985141 0.10602487030603576	-0.0010705896701476677 0.14664589776113013 -0.008752004290145055	-0.10602487030585754 0.008752004289927982 0.34801795126470875
0.16671114420588784 -0.0010705896518465761 0.10602487022289224	-0.0010705896517978286 0.1466458975260295 -0.008752004142926602	-0.10602487022271732 0.008752004142707714 0.34801795138219793
0.16671114422577593 -0.0010705896429519628 0.10602487018570875	-0.0010705896429030063 0.14664589742097223 -0.008752004077999434	-0.10602487018552612 0.008752004077788256 0.3480179514335552
0.16671114415931462 -0.0010705896701582937 0.10602487030627608	-0.0010705896701090926 0.14664589776046769 -0.008752004290340763	-0.10602487030610022 0.008752004290122295 0.34801795126439383
0.16671114420645705 -0.001070589650760281 0.10602487022231805	-0.001070589650709543 0.14664589752706508 -0.008752004143711453	-0.10602487022213787 0.008752004143496531 0.34801795138260444
0.16671114422703814 -0.0010705896431617646 0.10602487018485501	-0.001070589643116229 0.14664589742131207 -0.008752004077208254	-0.10602487018466353 0.008752004076999595 0.34801795143436487
0.16671114415988253 -0.0010705896710685777 0.1060248703056371	-0.0010705896710167867 0.14664589775956782 -0.008752004288824076	-0.10602487030547306 0.008752004288599794 0.3480179512644917
0.16671114420599228 -0.001070589650213131 0.10602487022218224	-0.001070589650165113 0.1466458975267259 -0.008752004144076123	-0.10602487022198545 0.008752004143871655 0.34801795138112773
0.16671114422646183 -0.0010705896422554505 0.1060248701854154	-0.0010705896422060707 0.14664589742214862 -0.008752004078514522	-0.10602487018524726 0.008752004078292876 0.34801795143375774
0.16671114415915378 -0.001070589671788436 0.1060248703067149	-0.0010705896717393016 0.14664589775941533 -0.008752004288943564	-0.10602487030652906 0.00875200428873072 0.34801795126474866
0.16671114420538072 -0.0010705896510266105 0.10602487022281853	-0.0010705896509767823 0.14664589752603696 -0.008752004143796868	-0.10602487022262325 0.00875200414359046 0.3480179513818008
0.16671114422684943 -0.001070589641591486 0.1060248701852779	-0.0010705896415418746 0.14664589742360246 -0.008752004079352959	-0.10602487018511927 0.008752004079126373 0.34801795143461955
0.16671114416022684 -0.0010705896712973522 0.10602487030565981	-0.0010705896712492093 0.14664589775965595 -0.00875200428849222	-0.10602487030544923 0.008752004288296283 0.34801795126533364
0.1667111442060166 -0.0010705896517898212 0.10602487022198936	-0.001070589651737201 0.14664589752466323 -0.008752004142195596	-0.10602487022183445 0.008752004141966398 0.34801795138124975
0.16671114422658595 -0.0010705896417105565 0.10602487018491044	-0.00107058964166417 0.1466458974224555 -0.00875200407883709	-0.10602487018471268 0.008752004078633528 0.3480179514336133
0.1667111442270644 -0.0010705896416505975 0.10602487018470066	-0.001070589641600562 0.14664589742270337 -0.008752004078732556	-0.10602487018451938 0.008752004078516597 0.3480179514339979
0.16671114416039914 -0.001070589671451157 0.10602487030567546	-0.001070589671402774 0.14664589775978482 -0.008752004288399663	-0.1060248703054929 0.008752004288186038 0.3480179512656011
0.1667111442058101 -0.001070589651599542 0.10602487022245147	-0.001070589651550471 0.14664589752524348 -0.008752004142729738	-0.10602487022227675 0.008752004142511285 0.34801795138164404
0.16671114422580888 -0.0010705896416567696 0.10602487018539407	-0.001070589641605427 0.1466458974215907 -0.008752004078998218	-0.10602487018521782 0.008752004078782745 0.3480179514329425
0.1667111441594509 -0.0010705896706079444 0.10602487030652603	-0.001070589670561302 0.14664589776062456 -0.008752004290065528	-0.10602487030633448 0.008752004289857254 0.34801795126476814
0.166711144205926 -0.0010705896519022312 0.10602487022281651	-0.0010705896518510595 0.1466458975258252 -0.008752004142933638	-0.10602487022265324 0.00875200414270778 0.34801795138213987
0.16671114422646213 -0.001070589642564835 0.10602487018532178	-0.001070589642517012 0.14664589742236417 -0.008752004078431491	-0.10602487018511937 0.008752004078228761 0.3480179514340806
0.16671114415996854 -0.0010705896701271164 0.10602487030571912	-0.001070589670077296 0.14664589776128545 -0.00875200429016361	-0.1060248703055522 0.008752004289941877 0.3480179512647476
0.16671114420669206 -0.0010705896510889122 0.10602487022189715	-0.0010705896510395307 0.146645897526324 -0.008752004142826592	-0.10602487022171352 0.008752004142614359 0.3480179513822963
0.16671114422686012 -0.0010705896430581174 0.10602487018503577	-0.0010705896430089866 0.1466458974210439 -0.008752004077148306	-0.10602487018484542 0.008752004076939934 0.3480179514342027
0.166711144159042 -0.0010705896706518043 0.10602487030605182	-0.001070589670603781 0.14664589775857112 -0.008752004289350575	-0.10602487030588673 0.008752004289126255 0.34801795126367185
0.16671114420541497 -0.0010705896504408204 0.10602487022281686	-0.001070589650392027 0.14664589752669654 -0.00875200414447051	-0.10602487022260777 0.008752004144271405 0.34801795138152253
0.16671114422660907 -0.001070589642742402 0.10602487018571442	-0.0010705896426911965 0.1466458974228726 -0.008752004078480036	-0.10602487018555891 0.008752004078250327 0.3480179514347631
0.16671114415955962 -0.0010705896716752096 0.10602487030634199	-0.0010705896716293375 0.14664589775992834 -0.00875200428892069	-0.10602487030614215 0.00875200428871931 0.34801795126488394
0.16671114420591182 -0.001070589650630077 0.1060248702222459	-0.0010705896505793537 0.1466458975265644 -0.008752004143812529	-0.10602487022207378 0.008752004143593999 0.3480179513814665
0.16671114420554084 -0.001070589650683607 0.10602487022253955	-0.0010705896506354052 0.1466458975265434 -0.008752004144059217	-0.10602487022236114 0.008752004143844867 0.34801795138135855
0.16671114422725827 -0.0010705896427827119 0.1060248701850751	-0.0010705896427328472 0.1466458974225716 -0.00875200407787153	-0.10602487018489387 0.008752004077656163 0.3480179514347474
0.16671114416042454 -0.0010705896711964095 0.10602487030587296	-0.0010705896711465188 0.14664589776094303 -0.008752004289126415	-0.10602487030569459 0.008752004288910493 0.3480179512653114
0.16671114420590294 -0.0010705896505025835 0.10602487022208197	-0.0010705896504562594 0.14664589752655413 -0.008752004143868793	-0.10602487022189024 0.008752004143661916 0.3480179513812517
0.16671114422660713 -0.001070589642142409 0.10602487018518167	-0.0010705896420912199 0.1466458974223533 -0.00875200407849993	-0.10602487018502343 0.00875200407827319 0.34801795143401526
0.16671114415972926 -0.0010705896716339536 0.10602487030626004	-0.0010705896715855652 0.1466458977588671 -0.008752004288414175	-0.10602487030605652 0.008752004288212309 0.34801795126520474
0.16671114420525457 -0.001070589651217999 0.10602487022272583	-0.0010705896511685083 0.14664589752465423 -0.008752004143234186	-0.10602487022255849 0.008752004143012096 0.34801795138121916
0.16671114422584624 -0.0010705896416137676 0.10602487018541376	-0.0010705896415644112 0.14664589742195838 -0.008752004079243224	-0.10602487018522451 0.008752004079032212 0.3480179514333745
0.1667111441599627 -0.0010705896709646313 0.10602487030607495	-0.0010705896709161354 0.14664589776069095 -0.008752004289474084	-0.10602487030588548 0.008752004289264394 0.34801795126495855
0.16671114420692373 -0.0010705896518609943 0.10602487022235015	-0.0010705896518118409 0.14664589752735113 -0.008752004142756727	-0.1060248702221877 0.008752004142532334 0.34801795138289476
0.1667111442268039 -0.0010705896421333606 0.1060248701849116	-0.0010705896420850182 0.1466458974227012 -0.008752004078482062	-0.10602487018470813 0.008752004078281438 0.34801795143379316
0.16671114415941746 -0.0010705896701407149 0.10602487030575253	-0.0010705896700903125 0.14664589775983328 -0.008752004289929536	-0.10602487030559192 0.008752004289700785 0.3480179512638474
0.1667111442060604 -0.0010705896514203216 0.10602487022255332	-0.001070589651374066 0.14664589752573273 -0.008752004142935515	-0.10602487022235534 0.008752004142731796 0.34801795138244074
0.16671114422636069 -0.0010705896429661294 0.10602487018554081	-0.0010705896429158849 0.14664589742092957 -0.008752004077633189	-0.10602487018536894 0.008752004077414718 0.34801795143412356
0.16671114415891874 -0.001070589670566697 0.10602487030632347	-0.0010705896705194432 0.146645897759515 -0.008752004289831104	-0.10602487030613905 0.008752004289617175 0.3480179512641745
