0.27483413312107857 -0.015641717705835504 0.09971726070739469	-0.015641717705756238 0.26196274587282653 0.0129387368209688	-0.0997172607090414 -0.012938736820284378 0.47257409263993566
0.27483413312115346 -0.015641717705741635 0.09971726070749125	-0.015641717705670615 0.2619627458730842 0.012938736821310082	-0.09971726070916176 -0.01293873682060738 0.47257409263984146
0.2748341331211462 -0.015641717705827226 0.09971726070734899	-0.01564171770575574 0.2619627458728879 0.012938736820909805	-0.0997172607090164 -0.012938736820215367 0.47257409264012135
0.2748341331211097 -0.015641717705763794 0.09971726070753412	-0.015641717705689014 0.26196274587285995 0.012938736821315779	-0.09971726070918734 -0.012938736820631014 0.4725740926398014
0.27483413312120886 -0.015641717705816797 0.09971726070746532	-0.01564171770574403 0.2619627458728203 0.012938736821157808	-0.09971726070913614 -0.01293873682044681 0.4725740926399567
0.27483413312111515 -0.015641717705761362 0.0997172607073855	-0.015641717705686238 0.2619627458728778 0.012938736820921157	-0.09971726070903321 -0.012938736820234394 0.4725740926401499
0.27483413312111005 -0.015641717705753636 0.09971726070755985	-0.015641717705678827 0.26196274587297635 0.012938736821390448	-0.09971726070922991 -0.012938736820688516 0.4725740926397387
0.274834133121147 -0.01564171770583459 0.09971726070735949	-0.015641717705755995 0.26196274587291496 0.012938736820938511	-0.09971726070902075 -0.012938736820231042 0.47257409264019523
0.27483413312107496 -0.015641717705749167 0.09971726070744796	-0.01564171770567337 0.26196274587301616 0.012938736821218044	-0.09971726070910017 -0.012938736820527607 0.4725740926398973
0.2748341331210775 -0.015641717705812477 0.09971726070742629	-0.01564171770574132 0.2619627458729753 0.01293873682113754	-0.09971726070910468 -0.012938736820430011 0.47257409263993744
0.2748341331210894 -0.015641717705800473 0.09971726070738446	-0.015641717705718917 0.2619627458729855 0.012938736821008025	-0.09971726070903297 -0.012938736820314135 0.4725740926403197
0.27483413312115923 -0.015641717705836045 0.09971726070753394	-0.01564171770576114 0.2619627458728979 0.012938736821442198	-0.09971726070919798 -0.012938736820739226 0.472574092639657
0.274834133121135 -0.01564171770585794 0.0997172607074171	-0.015641717705783688 0.2619627458727609 0.012938736820878358	-0.09971726070907885 -0.012938736820181047 0.47257409264020317
0.27483413312117005 -0.015641717705766785 0.09971726070752869	-0.0156417177056862 0.2619627458729296 0.012938736821217635	-0.09971726070919001 -0.01293873682052362 0.4725740926396197
0.2748341331211376 -0.015641717705814927 0.09971726070752782	-0.015641717705747026 0.26196274587290136 0.012938736821183846	-0.09971726070919729 -0.01293873682048086 0.4725740926399751
0.2748341331211731 -0.01564171770582238 0.09971726070740297	-0.015641717705753476 0.26196274587302176 0.012938736821030417	-0.0997172607090747 -0.012938736820330563 0.4725740926402857
0.274834133121048 -0.015641717705766965 0.09971726070743346	-0.015641717705688573 0.2619627458729445 0.012938736821098987	-0.09971726070908943 -0.012938736820409129 0.4725740926398642
0.27483413312110644 -0.01564171770575335 0.09971726070751248	-0.015641717705681332 0.26196274587299173 0.01293873682121413	-0.09971726070917322 -0.012938736820518725 0.47257409263984473
0.2748341331211659 -0.015641717705838897 0.09971726070743893	-0.01564171770576709 0.2619627458728405 0.012938736820915155	-0.09971726070910147 -0.01293873682022129 0.472574092640087
0.2748341331211121 -0.01564171770575068 0.0997172607075903	-0.01564171770567488 0.26196274587292756 0.012938736821379755	-0.09971726070925246 -0.012938736820686685 0.4725740926396462
0.27483413312118044 -0.01564171770583151 0.09971726070738053	-0.01564171770575898 0.26196274587285584 0.012938736820911949	-0.0997172607090467 -0.012938736820207936 0.4725740926402301
0.27483413312112553 -0.01564171770576013 0.09971726070742828	-0.015641717705686956 0.2619627458729039 0.012938736821152687	-0.09971726070908046 -0.012938736820463467 0.47257409263988803
0.27483413312109406 -0.015641717705769023 0.09971726070750184	-0.01564171770569817 0.26196274587293905 0.01293873682132891	-0.0997172607091624 -0.0129387368206344 0.4725740926398838
0.2748341331211315 -0.01564171770582143 0.09971726070730869	-0.01564171770574006 0.26196274587293167 0.01293873682088727	-0.09971726070897537 -0.012938736820181373 0.47257409264024003
0.274834133121138 -0.015641717705727896 0.09971726070747121	-0.015641717705653254 0.261962745873086 0.01293873682128946	-0.09971726070913425 -0.012938736820594175 0.4725740926398934
0.2748341331211195 -0.015641717705879944 0.09971726070738493	-0.015641717705803585 0.2619627458728463 0.012938736821003955	-0.09971726070905178 -0.012938736820299189 0.47257409264001926
0.2748341331210702 -0.015641717705788795 0.09971726070748793	-0.01564171770570808 0.2619627458728633 0.012938736821180175	-0.0997172607091337 -0.012938736820481675 0.4725740926400089
0.2748341331211841 -0.01564171770580336 0.09971726070751102	-0.015641717705733714 0.26196274587290214 0.01293873682124682	-0.09971726070918227 -0.012938736820546304 0.47257409263973477
0.27483413312112714 -0.01564171770586135 0.0997172607074091	-0.01564171770578473 0.26196274587275664 0.012938736820905052	-0.09971726070907067 -0.012938736820205032 0.47257409264020067
0.27483413312114774 -0.015641717705793368 0.09971726070753888	-0.015641717705712332 0.26196274587291535 0.012938736821459407	-0.09971726070919387 -0.012938736820761389 0.47257409263952516
0.2748341331211423 -0.015641717705765223 0.09971726070752306	-0.015641717705686543 0.26196274587298074 0.012938736821390094	-0.09971726070918784 -0.012938736820689644 0.47257409263970496
0.274834133121153 -0.015641717705806756 0.09971726070738585	-0.015641717705736295 0.26196274587290075 0.012938736820875433	-0.0997172607090461 -0.012938736820181825 0.4725740926402539
0.2748341331210842 -0.015641717705729103 0.09971726070755833	-0.015641717705652203 0.2619627458728988 0.012938736821269649	-0.0997172607092095 -0.012938736820574028 0.4725740926396282
0.27483413312113436 -0.015641717705797507 0.09971726070749722	-0.01564171770572584 0.2619627458729608 0.012938736821093384	-0.09971726070916614 -0.012938736820392243 0.472574092640032
0.2748341331211291 -0.015641717705798527 0.09971726070746506	-0.015641717705725464 0.2619627458729289 0.012938736821084356	-0.09971726070912372 -0.012938736820395383 0.4725740926399915
0.2748341331211225 -0.01564171770577819 0.09971726070750077	-0.01564171770570274 0.2619627458729048 0.012938736821339562	-0.09971726070916535 -0.012938736820639125 0.4725740926396055
0.27483413312115135 -0.015641717705846565 0.09971726070733956	-0.015641717705775954 0.2619627458728225 0.012938736820892804	-0.09971726070899856 -0.01293873682019982 0.472574092640333
0.2748341331210882 -0.015641717705731962 0.09971726070751259	-0.015641717705658083 0.2619627458729572 0.012938736821404444	-0.09971726070916993 -0.012938736820716577 0.4725740926397383
0.27483413312116045 -0.01564171770580544 0.09971726070743746	-0.015641717705732437 0.26196274587293333 0.012938736821091458	-0.09971726070911027 -0.012938736820387764 0.472574092640225
0.27483413312116745 -0.01564171770581758 0.09971726070735284	-0.015641717705735157 0.2619627458728805 0.012938736820994508	-0.09971726070901013 -0.012938736820297812 0.4725740926399597
0.2748341331211228 -0.015641717705765616 0.09971726070750189	-0.015641717705691498 0.26196274587295265 0.01293873682126187	-0.09971726070916197 -0.012938736820563863 0.4725740926398461
0.2748341331211271 -0.015641717705866823 0.09971726070739617	-0.015641717705790772 0.26196274587290036 0.012938736820903407	-0.09971726070906911 -0.01293873682019829 0.4725740926400879
0.27483413312104793 -0.015641717705758312 0.0997172607075208	-0.015641717705679778 0.2619627458729228 0.012938736821277348	-0.09971726070916724 -0.012938736820580533 0.47257409263981265
0.27483413312115945 -0.015641717705879455 0.09971726070738177	-0.015641717705805004 0.26196274587284185 0.012938736821028175	-0.09971726070904637 -0.012938736820325654 0.47257409263998024
0.2748341331211378 -0.015641717705822407 0.09971726070742543	-0.015641717705743966 0.2619627458729453 0.012938736821096239	-0.09971726070908886 -0.012938736820397485 0.4725740926401568
0.27483413312110966 -0.015641717705766278 0.0997172607075283	-0.01564171770568592 0.2619627458728634 0.012938736821319633	-0.099717260709181 -0.012938736820627614 0.47257409263980665
0.274834133121203 -0.01564171770577097 0.09971726070749042	-0.01564171770569421 0.26196274587283874 0.012938736821151074	-0.0997172607091515 -0.012938736820449728 0.4725740926398243
0.2748341331211891 -0.01564171770578754 0.09971726070741309	-0.015641717705715062 0.26196274587289303 0.012938736820931454	-0.0997172607090798 -0.012938736820226771 0.4725740926401454
0.2748341331210654 -0.015641717705712634 0.09971726070756474	-0.01564171770562985 0.26196274587295343 0.012938736821403743	-0.09971726070921291 -0.012938736820712844 0.47257409263963873
0.27483413312116756 -0.015641717705846502 0.09971726070738338	-0.015641717705778407 0.261962745872916 0.012938736820967536	-0.09971726070905576 -0.012938736820262656 0.4725740926401343
0.2748341331210867 -0.015641717705756012 0.09971726070748117	-0.015641717705680735 0.261962745872953 0.012938736821214082	-0.09971726070913058 -0.012938736820528582 0.47257409263980255
0.2748341331210823 -0.015641717705809764 0.09971726070746052	-0.01564171770573248 0.261962745872913 0.012938736821154751	-0.09971726070913092 -0.012938736820455314 0.47257409263983224
0.2748341331211789 -0.015641717705856522 0.099717260707437	-0.015641717705788524 0.2619627458729116 0.012938736820982264	-0.09971726070910826 -0.01293873682028538 0.4725740926403809
0.27483413312109073 -0.01564171770576535 0.09971726070754577	-0.01564171770568671 0.26196274587292667 0.01293873682142679	-0.09971726070919189 -0.012938736820741932 0.47257409263957834
0.27483413312112914 -0.01564171770586273 0.09971726070737881	-0.01564171770579358 0.261962745872825 0.012938736820871374	-0.099717260709049 -0.012938736820165133 0.47257409264030587
0.27483413312116234 -0.015641717705760387 0.0997172607074593	-0.015641717705684427 0.26196274587302176 0.012938736821219994	-0.099717260709124 -0.012938736820526937 0.47257409263971595
0.27483413312111526 -0.015641717705807322 0.0997172607074688	-0.015641717705732482 0.2619627458729425 0.012938736821172934	-0.09971726070912842 -0.012938736820474424 0.4725740926400366
0.2748341331210983 -0.015641717705887508 0.09971726070737477	-0.015641717705812266 0.2619627458728658 0.012938736820992152	-0.09971726070904108 -0.012938736820286838 0.472574092640028
0.2748341331210836 -0.015641717705713147 0.09971726070748052	-0.015641717705634047 0.26196274587305746 0.012938736821295968	-0.09971726070913028 -0.012938736820605479 0.4725740926398525
0.274834133121169 -0.015641717705867975 0.09971726070733462	-0.015641717705794214 0.26196274587285445 0.012938736820896062	-0.09971726070900896 -0.012938736820186862 0.4725740926402755
0.2748341331211843 -0.01564171770587843 0.09971726070740726	-0.01564171770580467 0.26196274587280466 0.012938736820935812	-0.09971726070907727 -0.012938736820222965 0.47257409264023054
0.274834133121108 -0.015641717705752893 0.09971726070758517	-0.015641717705674595 0.26196274587292967 0.01293873682139951	-0.09971726070924493 -0.012938736820701069 0.4725740926396442
0.27483413312115984 -0.015641717705794932 0.09971726070738826	-0.015641717705716283 0.2619627458728957 0.012938736820925112	-0.09971726070904571 -0.012938736820231202 0.47257409264009137
0.27483413312119087 -0.015641717705792445 0.09971726070743038	-0.015641717705716183 0.2619627458729449 0.012938736821158613	-0.0997172607091006 -0.012938736820444885 0.4725740926398986
0.27483413312105176 -0.01564171770572992 0.09971726070751595	-0.015641717705650305 0.26196274587292434 0.01293873682130461	-0.0997172607091559 -0.012938736820621029 0.47257409263979816
0.27483413312114957 -0.015641717705834904 0.09971726070737878	-0.015641717705765435 0.26196274587292945 0.01293873682087537	-0.09971726070905575 -0.012938736820172457 0.4725740926401875
0.27483413312113847 -0.015641717705738217 0.09971726070754855	-0.015641717705658607 0.26196274587301377 0.012938736821256045	-0.09971726070920806 -0.012938736820559554 0.4725740926398088
0.27483413312111105 -0.015641717705880135 0.09971726070742518	-0.01564171770580053 0.26196274587280033 0.012938736821001301	-0.09971726070908507 -0.01293873682030637 0.4725740926399177
0.2748341331211407 -0.015641717705859048 0.09971726070748971	-0.01564171770579563 0.2619627458728469 0.012938736821169118	-0.09971726070915869 -0.012938736820470434 0.47257409264007544
0.2748341331211031 -0.01564171770574346 0.09971726070746983	-0.015641717705666514 0.2619627458729795 0.01293873682126236	-0.0997172607091214 -0.012938736820575267 0.47257409263965694
0.27483413312112576 -0.015641717705862757 0.09971726070737587	-0.015641717705791904 0.261962745872813 0.012938736820900097	-0.09971726070904627 -0.012938736820195126 0.47257409264029926
0.27483413312115296 -0.01564171770577766 0.09971726070751234	-0.015641717705702423 0.26196274587296603 0.012938736821466412	-0.09971726070917139 -0.012938736820776401 0.47257409263960115
0.2748341331211732 -0.015641717705799894 0.09971726070737592	-0.01564171770572313 0.2619627458729985 0.012938736821014214	-0.09971726070903852 -0.012938736820318323 0.472574092640338
0.27483413312110416 -0.01564171770580473 0.09971726070741732	-0.01564171770573268 0.2619627458729483 0.012938736821117059	-0.0997172607090952 -0.01293873682040865 0.4725740926399582
0.274834133121052 -0.01564171770571883 0.09971726070748065	-0.015641717705642492 0.26196274587294843 0.012938736821220521	-0.09971726070911892 -0.012938736820540739 0.4725740926398455
0.27483413312105326 -0.01564171770577385 0.09971726070746678	-0.015641717705698277 0.26196274587295987 0.012938736821101166	-0.09971726070911358 -0.012938736820412949 0.47257409264003525
0.2748341331211236 -0.015641717705847866 0.09971726070744617	-0.01564171770577249 0.2619627458729217 0.01293873682109251	-0.09971726070911188 -0.012938736820386494 0.4725740926401335
0.2748341331211226 -0.01564171770578137 0.09971726070749892	-0.015641717705702197 0.2619627458729261 0.012938736821328525	-0.09971726070916502 -0.01293873682062682 0.4725740926396153
0.27483413312113514 -0.01564171770580857 0.09971726070735168	-0.015641717705733645 0.2619627458728627 0.012938736820880623	-0.0997172607089997 -0.012938736820192046 0.4725740926402066
0.2748341331211618 -0.015641717705760637 0.09971726070754042	-0.015641717705684004 0.2619627458729752 0.012938736821386937	-0.09971726070921465 -0.01293873682067355 0.4725740926397577
0.2748341331211226 -0.01564171770575745 0.09971726070748249	-0.015641717705679008 0.2619627458728898 0.012938736821063404	-0.09971726070913263 -0.012938736820374268 0.4725740926401297
0.27483413312117855 -0.015641717705831334 0.09971726070741344	-0.01564171770575941 0.26196274587286206 0.01293873682101418	-0.09971726070908006 -0.012938736820311606 0.47257409263989875
0.2748341331211171 -0.015641717705781252 0.09971726070752575	-0.01564171770570276 0.2619627458728922 0.012938736821280588	-0.09971726070918199 -0.012938736820577716 0.4725740926397515
0.2748341331211277 -0.01564171770586492 0.09971726070738227	-0.015641717705788788 0.26196274587286417 0.01293873682093341	-0.09971726070904893 -0.012938736820242262 0.47257409263998196
0.27483413312112737 -0.015641717705825058 0.09971726070751662	-0.015641717705757632 0.26196274587288326 0.012938736821291694	-0.09971726070918545 -0.01293873682059072 0.47257409263987027
0.2748341331210948 -0.015641717705807953 0.09971726070738948	-0.015641717705726504 0.26196274587285784 0.012938736821033414	-0.09971726070903375 -0.012938736820345267 0.4725740926398946
0.27483413312116073 -0.015641717705809507 0.09971726070744277	-0.01564171770573929 0.2619627458729545 0.012938736821063127	-0.09971726070911588 -0.012938736820364897 0.47257409264025296
0.27483413312115357 -0.015641717705746423 0.09971726070749734	-0.015641717705674636 0.2619627458730265 0.012938736821387485	-0.09971726070916642 -0.012938736820692312 0.4725740926397859
0.27483413312114646 -0.015641717705793402 0.0997172607073291	-0.015641717705718004 0.26196274587292023 0.012938736820857461	-0.09971726070898031 -0.012938736820167905 0.47257409264031536
0.27483413312112587 -0.01564171770577859 0.09971726070751917	-0.01564171770570608 0.2619627458729497 0.012938736821286427	-0.09971726070919266 -0.012938736820579375 0.47257409263972294
0.27483413312111826 -0.015641717705749916 0.09971726070755665	-0.015641717705678827 0.26196274587298346 0.012938736821415976	-0.09971726070922661 -0.012938736820717237 0.4725740926397308
0.27483413312110355 -0.015641717705814885 0.09971726070736797	-0.015641717705737985 0.26196274587287294 0.012938736820968563	-0.09971726070901998 -0.012938736820275284 0.47257409264013606
0.2748341331211135 -0.0156417177057928 0.09971726070746358	-0.015641717705720832 0.26196274587291934 0.012938736821227176	-0.0997172607091209 -0.012938736820529366 0.4725740926399377
0.27483413312110944 -0.015641717705798985 0.09971726070746394	-0.015641717705723975 0.26196274587289176 0.012938736821141508	-0.09971726070913467 -0.012938736820442734 0.4725740926398387
0.2748341331211649 -0.01564171770581612 0.09971726070745264	-0.015641717705738092 0.26196274587291546 0.012938736820992967	-0.0997172607091124 -0.012938736820295858 0.4725740926402491
0.27483413312115745 -0.015641717705794006 0.09971726070756534	-0.015641717705716165 0.26196274587294277 0.012938736821451385	-0.0997172607092302 -0.012938736820741904 0.4725740926395748
0.27483413312108135 -0.01564171770582251 0.0997172607073911	-0.015641717705742547 0.26196274587280394 0.012938736820871002	-0.09971726070903922 -0.012938736820179451 0.4725740926402048
0.27483413312116467 -0.01564171770578289 0.09971726070747321	-0.015641717705708904 0.2619627458730295 0.012938736821247944	-0.09971726070914518 -0.012938736820545596 0.4725740926396701
0.2748341331211053 -0.015641717705826903 0.09971726070749426	-0.01564171770574757 0.26196274587289353 0.01293873682118091	-0.09971726070915025 -0.012938736820478254 0.4725740926399404
0.2748341331211064 -0.015641717705884416 0.09971726070741906	-0.015641717705804335 0.2619627458728091 0.012938736820971686	-0.09971726070907813 -0.012938736820278726 0.4725740926399357
0.2748341331211507 -0.015641717705778574 0.09971726070752916	-0.01564171770571101 0.26196274587299767 0.01293873682127028	-0.09971726070919949 -0.012938736820571603 0.47257409263992334
0.27483413312109106 -0.015641717705802693 0.099717260707346	-0.01564171770572558 0.26196274587289714 0.012938736820880554	-0.0997172607090009 -0.012938736820186224 0.47257409264019307
0.27483413312112204 -0.015641717705764682 0.09971726070750515	-0.015641717705696064 0.2619627458729309 0.012938736821286108	-0.09971726070916698 -0.012938736820595313 0.4725740926399126
0.27483413312119215 -0.015641717705767354 0.09971726070742144	-0.015641717705694613 0.26196274587293206 0.012938736821158661	-0.099717260709086 -0.012938736820461167 0.4725740926399159
0.27483413312116944 -0.015641717705778654 0.09971726070735536	-0.015641717705701292 0.26196274587293245 0.012938736820936249	-0.09971726070901475 -0.012938736820241364 0.47257409264018735
0.27483413312119614 -0.015641717705768582 0.09971726070741331	-0.015641717705695883 0.26196274587293356 0.012938736821148655	-0.09971726070907791 -0.01293873682045115 0.47257409263993067
0.2748341331211225 -0.015641717705761643 0.09971726070750839	-0.015641717705692917 0.26196274587293356 0.012938736821303462	-0.09971726070917025 -0.01293873682061256 0.4725740926398957
0.2748341331210926 -0.01564171770580233 0.09971726070734552	-0.015641717705725332 0.26196274587290147 0.012938736820872234	-0.09971726070900051 -0.01293873682017762 0.472574092640203
0.2748341331211484 -0.015641717705780274 0.09971726070753321	-0.01564171770571273 0.26196274587299834 0.01293873682126688	-0.09971726070920356 -0.012938736820567731 0.472574092639929
0.27483413312110777 -0.015641717705882338 0.09971726070742719	-0.01564171770580216 0.2619627458728171 0.012938736820997249	-0.09971726070908657 -0.012938736820304386 0.4725740926399221
0.2748341331211067 -0.015641717705829863 0.09971726070749076	-0.015641717705750458 0.2619627458728957 0.012938736821175793	-0.09971726070914692 -0.012938736820472922 0.47257409263995503
0.27483413312116034 -0.01564171770578266 0.0997172607074783	-0.01564171770570888 0.26196274587303575 0.01293873682126035	-0.09971726070915032 -0.012938736820558093 0.4725740926396601
0.27483413312107696 -0.0156417177058257 0.099717260707392	-0.015641717705745708 0.2619627458728024 0.012938736820868851	-0.09971726070904008 -0.012938736820177231 0.4725740926402122
0.2748341331211551 -0.01564171770579506 0.09971726070756624	-0.015641717705717074 0.26196274587293966 0.01293873682145847	-0.09971726070923129 -0.012938736820749211 0.47257409263957073
0.27483413312116395 -0.015641717705814226 0.0997172607074535	-0.01564171770573613 0.26196274587291635 0.012938736821001696	-0.0997172607091131 -0.01293873682030464 0.4725740926402371
0.27483413312110594 -0.015641717705802263 0.0997172607074549	-0.0156417177057271 0.26196274587288504 0.012938736821114356	-0.09971726070912564 -0.012938736820415703 0.4725740926398573
0.27483413312111693 -0.01564171770579035 0.0997172607074669	-0.015641717705718268 0.2619627458729177 0.012938736821235253	-0.09971726070912419 -0.012938736820537484 0.4725740926399246
0.2748341331211055 -0.01564171770581426 0.0997172607073663	-0.01564171770573723 0.26196274587286184 0.012938736820960986	-0.09971726070901807 -0.012938736820267922 0.4725740926401386
0.27483413312112165 -0.015641717705748785 0.09971726070755299	-0.01564171770567764 0.26196274587297735 0.01293873682140204	-0.09971726070922309 -0.012938736820703522 0.4725740926397344
0.2748341331211693 -0.015641717705776888 0.0997172607073547	-0.01564171770569981 0.26196274587293256 0.01293873682093457	-0.09971726070901435 -0.012938736820239265 0.4725740926401809
0.27483413312114524 -0.015641717705793964 0.09971726070732555	-0.015641717705718483 0.261962745872917 0.012938736820849287	-0.09971726070897675 -0.012938736820159818 0.47257409264032
0.2748341331211607 -0.015641717705745857 0.09971726070749336	-0.015641717705674237 0.26196274587302404 0.012938736821371418	-0.09971726070916254 -0.012938736820676068 0.4725740926397984
0.27483413312116356 -0.015641717705803637 0.09971726070744677	-0.015641717705733665 0.26196274587295 0.012938736821072133	-0.09971726070911974 -0.012938736820373928 0.47257409264023226
0.2748341331211001 -0.015641717705807898 0.09971726070738329	-0.01564171770572642 0.2619627458728525 0.012938736821014589	-0.09971726070902766 -0.01293873682032616 0.472574092639909
0.274834133121127 -0.015641717705824214 0.0997172607075181	-0.01564171770575696 0.2619627458728846 0.012938736821292377	-0.09971726070918673 -0.012938736820591358 0.47257409263986594
0.2748341331211308 -0.015641717705864883 0.09971726070738009	-0.015641717705788802 0.2619627458728694 0.012938736820934892	-0.09971726070904673 -0.012938736820243931 0.4725740926399844
0.27483413312111643 -0.015641717705781693 0.09971726070752288	-0.015641717705703214 0.2619627458728914 0.012938736821278388	-0.09971726070917895 -0.012938736820575437 0.4725740926397554
0.2748341331211751 -0.0156417177058305 0.09971726070742176	-0.015641717705758486 0.26196274587286683 0.012938736821035055	-0.09971726070908801 -0.012938736820332464 0.47257409263988376
0.27483413312111515 -0.01564171770576315 0.09971726070748188	-0.01564171770568447 0.26196274587288665 0.012938736821052899	-0.0997172607091319 -0.012938736820363582 0.4725740926401477
0.27483413312115557 -0.015641717705760956 0.09971726070754527	-0.015641717705684368 0.26196274587297896 0.0129387368214045	-0.09971726070921944 -0.012938736820691101 0.4725740926397433
0.27483413312113375 -0.01564171770580903 0.09971726070735372	-0.01564171770573408 0.2619627458728646 0.012938736820887656	-0.09971726070900182 -0.012938736820199033 0.4725740926402039
0.27483413312111543 -0.015641717705785596 0.09971726070750027	-0.015641717705706378 0.26196274587292234 0.012938736821321139	-0.09971726070916653 -0.012938736820619412 0.472574092639625
0.27483413312112026 -0.01564171770584747 0.09971726070745388	-0.015641717705772024 0.26196274587292223 0.012938736821103924	-0.0997172607091197 -0.012938736820397971 0.4725740926401217
0.27483413312105215 -0.01564171770577589 0.09971726070745944	-0.015641717705700324 0.2619627458729536 0.01293873682108913	-0.09971726070910612 -0.012938736820400823 0.4725740926400448
0.27483413312112975 -0.015641717705775323 0.0997172607075161	-0.015641717705703002 0.2619627458729518 0.012938736821294053	-0.09971726070918932 -0.01293873682058689 0.4725740926397118
0.27483413312110627 -0.01564171770580096 0.09971726070742637	-0.015641717705728746 0.2619627458729539 0.012938736821142105	-0.09971726070910389 -0.012938736820433821 0.4725740926399383
0.2748341331211719 -0.01564171770580128 0.09971726070737702	-0.01564171770572436 0.26196274587299495 0.012938736821005298	-0.09971726070903973 -0.012938736820309812 0.47257409264035066
0.274834133121155 -0.015641717705775226 0.09971726070751348	-0.015641717705699953 0.2619627458729664 0.012938736821459164	-0.09971726070917244 -0.01293873682076907 0.4725740926396032
0.27483413312112814 -0.015641717705860717 0.09971726070737409	-0.01564171770578998 0.26196274587281354 0.012938736820902852	-0.0997172607090445 -0.012938736820197937 0.4725740926402898
0.2748341331211094 -0.01564171770574281 0.09971726070746097	-0.015641717705665806 0.26196274587297846 0.012938736821251746	-0.09971726070911277 -0.012938736820564619 0.4725740926396687
0.2748341331211408 -0.015641717705856175 0.0997172607074912	-0.015641717705792875 0.26196274587284885 0.012938736821174295	-0.09971726070916 -0.012938736820475784 0.47257409264006034
0.2748341331211135 -0.01564171770588104 0.09971726070741817	-0.015641717705801365 0.2619627458727962 0.012938736820977043	-0.09971726070907802 -0.012938736820282147 0.47257409263993333
0.2748341331211379 -0.015641717705736375 0.09971726070754837	-0.01564171770565676 0.26196274587300494 0.012938736821256444	-0.09971726070920829 -0.012938736820560449 0.4725740926398009
0.27483413312115035 -0.015641717705833297 0.09971726070738056	-0.01564171770576405 0.2619627458729258 0.0129387368208852	-0.09971726070905795 -0.012938736820182248 0.4725740926401767
0.27483413312104926 -0.01564171770573299 0.0997172607075114	-0.01564171770565329 0.26196274587291946 0.012938736821285095	-0.09971726070915134 -0.01293873682060142 0.47257409263981637
0.274834133121183 -0.01564171770579221 0.09971726070743636	-0.015641717705715902 0.2619627458729447 0.012938736821171342	-0.09971726070910684 -0.012938736820457451 0.47257409263988065
0.2748341331211569 -0.015641717705798138 0.09971726070738793	-0.01564171770571954 0.2619627458728927 0.012938736820925507	-0.09971726070904534 -0.012938736820231531 0.47257409264009964
0.27483413312110005 -0.015641717705756022 0.09971726070758988	-0.015641717705677596 0.26196274587293117 0.012938736821415237	-0.09971726070924965 -0.01293873682071705 0.47257409263963623
0.27483413312117755 -0.015641717705880114 0.09971726070740916	-0.0156417177058065 0.2619627458728094 0.012938736820941897	-0.09971726070907914 -0.012938736820228988 0.47257409264022876
0.2748341331210473 -0.01564171770572286 0.09971726070747627	-0.015641717705646693 0.2619627458729494 0.01293873682121301	-0.09971726070911462 -0.012938736820533175 0.47257409263985817
0.27483413312107663 -0.015641717705714982 0.09971726070748464	-0.015641717705635903 0.26196274587305657 0.012938736821293442	-0.09971726070913459 -0.012938736820603008 0.4725740926398567
0.27483413312110033 -0.01564171770588536 0.09971726070738425	-0.015641717705810056 0.26196274587287216 0.012938736821015873	-0.09971726070905053 -0.012938736820310541 0.47257409264001554
0.2748341331211129 -0.01564171770581063 0.09971726070746514	-0.015641717705736018 0.2619627458729441 0.012938736821171144	-0.09971726070912491 -0.012938736820472703 0.47257409264004824
0.2748341331211612 -0.01564171770575866 0.09971726070746197	-0.015641717705682904 0.26196274587303126 0.012938736821232234	-0.0997172607091266 -0.01293873682053939 0.4725740926397075
0.27483413312112537 -0.015641717705865324 0.0997172607073778	-0.01564171770579604 0.2619627458728275 0.012938736820871453	-0.0997172607090479 -0.01293873682016515 0.47257409264031197
0.2748341331210946 -0.01564171770576444 0.09971726070754772	-0.0156417177056858 0.2619627458729277 0.012938736821432307	-0.09971726070919384 -0.01293873682074747 0.4725740926395798
0.27483413312117694 -0.01564171770585441 0.09971726070744134	-0.01564171770578645 0.2619627458729099 0.012938736820989786	-0.09971726070911262 -0.012938736820292805 0.4725740926403664
0.2748341331210835 -0.015641717705811818 0.09971726070745339	-0.015641717705734533 0.2619627458729049 0.012938736821126007	-0.09971726070912369 -0.012938736820426917 0.47257409263985295
0.2748341331210873 -0.015641717705753663 0.09971726070748299	-0.015641717705678664 0.26196274587294954 0.012938736821221965	-0.09971726070913202 -0.012938736820536673 0.4725740926397882
0.27483413312116967 -0.015641717705845853 0.09971726070737823	-0.015641717705777963 0.2619627458729074 0.01293873682096192	-0.09971726070905068 -0.012938736820256883 0.4725740926401343
0.2748341331210663 -0.015641717705711843 0.09971726070756012	-0.015641717705629152 0.261962745872948 0.012938736821391003	-0.0997172607092083 -0.012938736820700132 0.47257409263964234
0.27483413312118604 -0.015641717705785752 0.09971726070741416	-0.015641717705713185 0.2619627458728919 0.01293873682093219	-0.0997172607090806 -0.012938736820227184 0.47257409264013583
0.2748341331212032 -0.015641717705773554 0.09971726070748446	-0.015641717705696806 0.26196274587283197 0.012938736821138566	-0.09971726070914545 -0.012938736820437294 0.4725740926398386
0.2748341331211074 -0.015641717705764113 0.09971726070753195	-0.015641717705683622 0.2619627458728636 0.012938736821337896	-0.09971726070918449 -0.01293873682064594 0.4725740926397871
0.2748341331211687 -0.01564171770586931 0.09971726070733333	-0.0156417177057955 0.26196274587285395 0.012938736820883756	-0.09971726070900762 -0.012938736820174546 0.47257409264028544
0.2748341331211643 -0.01564171770588032 0.09971726070737592	-0.015641717705805584 0.2619627458728372 0.012938736821009295	-0.09971726070904062 -0.012938736820306905 0.472574092639994
0.2748341331210456 -0.015641717705757657 0.09971726070752215	-0.015641717705678924 0.2619627458729257 0.012938736821280751	-0.09971726070916839 -0.012938736820583996 0.47257409263980826
0.2748341331211293 -0.015641717705865737 0.09971726070739273	-0.015641717705789808 0.2619627458729039 0.012938736820904684	-0.0997172607090657 -0.012938736820199734 0.4725740926400887
0.2748341331211236 -0.015641717705766257 0.09971726070749781	-0.015641717705692046 0.2619627458729532 0.012938736821261947	-0.0997172607091577 -0.01293873682056381 0.47257409263985
0.27483413312116906 -0.015641717705814736 0.09971726070736191	-0.01564171770573205 0.26196274587288587 0.012938736821011775	-0.09971726070901918 -0.012938736820315044 0.4725740926399483
0.27483413312115496 -0.015641717705809625 0.09971726070743976	-0.01564171770573657 0.261962745872932 0.012938736821081251	-0.09971726070911272 -0.01293873682037756 0.4725740926402417
0.27483413312108884 -0.015641717705729936 0.09971726070751909	-0.015641717705656116 0.26196274587296386 0.0129387368214192	-0.09971726070917669 -0.012938736820731402 0.47257409263972994
0.2748341331211469 -0.015641717705847553 0.09971726070733977	-0.015641717705776968 0.2619627458728242 0.012938736820902429	-0.0997172607089987 -0.012938736820209747 0.47257409264032807
0.2748341331211182 -0.01564171770578157 0.09971726070749806	-0.015641717705705993 0.2619627458729047 0.012938736821332897	-0.09971726070916268 -0.01293873682063253 0.47257409263961764
0.2748341331211216 -0.015641717705798544 0.09971726070747118	-0.015641717705725727 0.2619627458729321 0.01293873682109909	-0.09971726070912988 -0.012938736820409864 0.4725740926399775
0.2748341331211353 -0.01564171770579953 0.09971726070749198	-0.015641717705727906 0.2619627458729552 0.012938736821080349	-0.0997172607091607 -0.012938736820379312 0.4725740926400417
0.27483413312108174 -0.015641717705727337 0.09971726070755871	-0.015641717705650336 0.26196274587289353 0.012938736821276463	-0.09971726070920997 -0.012938736820580884 0.47257409263961503
0.2748341331211526 -0.01564171770580753 0.09971726070738313	-0.015641717705737104 0.2619627458728938 0.012938736820864778	-0.09971726070904337 -0.012938736820171319 0.47257409264025724
0.2748341331211441 -0.01564171770576554 0.09971726070751753	-0.015641717705686814 0.2619627458729724 0.012938736821372296	-0.09971726070918238 -0.012938736820671863 0.47257409263971595
0.27483413312113925 -0.015641717705817987 0.09971726070742826	-0.015641717705739345 0.26196274587293966 0.012938736821105554	-0.0997172607090917 -0.012938736820406721 0.47257409264013567
0.2748341331211283 -0.0156417177058591 0.09971726070740813	-0.015641717705782036 0.26196274587275653 0.012938736820907452	-0.09971726070906972 -0.012938736820207578 0.47257409264019357
0.2748341331211905 -0.015641717705803172 0.09971726070750235	-0.01564171770573341 0.2619627458729016 0.01293873682123661	-0.0997172607091736 -0.012938736820536118 0.4725740926397445
0.27483413312107247 -0.015641717705785436 0.09971726070748875	-0.01564171770570464 0.26196274587286444 0.012938736821183756	-0.09971726070913454 -0.012938736820485235 0.4725740926399967
0.2748341331211247 -0.01564171770587885 0.09971726070737887	-0.01564171770580235 0.2619627458728421 0.012938736820978007	-0.09971726070904581 -0.012938736820273286 0.47257409264003647
0.2748341331211397 -0.015641717705724614 0.09971726070747362	-0.01564171770565017 0.26196274587307944 0.012938736821290351	-0.0997172607091365 -0.01293873682059531 0.47257409263988437
0.27483413312113814 -0.01564171770581786 0.0997172607073119	-0.015641717705736802 0.26196274587293367 0.012938736820896642	-0.09971726070897852 -0.01293873682019088 0.4725740926402341
0.27483413312108945 -0.015641717705772773 0.09971726070749569	-0.01564171770570216 0.2619627458729361 0.012938736821312163	-0.09971726070915642 -0.012938736820617712 0.4725740926398992
0.2748341331211225 -0.015641717705758357 0.09971726070742998	-0.015641717705685267 0.26196274587290846 0.012938736821165739	-0.09971726070908231 -0.012938736820476426 0.47257409263987515
0.27483413312117566 -0.015641717705835487 0.09971726070737838	-0.01564171770576303 0.2619627458728538 0.012938736820914721	-0.09971726070904444 -0.0129387368202107 0.4725740926402346
0.2748341331211074 -0.015641717705752414 0.09971726070759711	-0.015641717705676593 0.261962745872928 0.012938736821391683	-0.09971726070925915 -0.012938736820698918 0.4725740926396417
0.27483413312115623 -0.015641717705841225 0.09971726070744477	-0.01564171770576973 0.2619627458728432 0.012938736820921178	-0.09971726070910718 -0.012938736820227233 0.4725740926400831
0.2748341331211021 -0.015641717705755967 0.09971726070750964	-0.015641717705684073 0.26196274587298995 0.012938736821203237	-0.0997172607091703 -0.012938736820507793 0.4725740926398567
0.2748341331210448 -0.01564171770576503 0.09971726070744066	-0.01564171770568653 0.26196274587294704 0.012938736821125708	-0.0997172607090962 -0.012938736820435899 0.47257409263984335
0.27483413312117055 -0.01564171770582518 0.09971726070740146	-0.01564171770575616 0.2619627458730159 0.012938736821021361	-0.09971726070907312 -0.012938736820321529 0.4725740926402969
0.2748341331211462 -0.015641717705793264 0.09971726070753953	-0.015641717705712155 0.26196274587291485 0.012938736821454765	-0.09971726070919426 -0.012938736820756892 0.4725740926395246
0.2748341331211661 -0.015641717705766486 0.09971726070753342	-0.015641717705686044 0.261962745872938 0.012938736821230479	-0.09971726070919476 -0.012938736820536464 0.4725740926396097
0.274834133121135 -0.015641717705860668 0.09971726070741606	-0.01564171770578634 0.2619627458727634 0.012938736820874215	-0.09971726070907769 -0.012938736820177273 0.4725740926402144
0.274834133121164 -0.015641717705835095 0.0997172607075348	-0.0156417177057602 0.26196274587290025 0.012938736821448873	-0.09971726070919884 -0.012938736820745745 0.4725740926396562
0.27483413312109034 -0.015641717705796945 0.09971726070738968	-0.015641717705715312 0.26196274587298446 0.012938736821014738	-0.09971726070903818 -0.01293873682032086 0.4725740926403073
0.2748341331210825 -0.015641717705813393 0.0997172607074208	-0.015641717705742315 0.26196274587297325 0.012938736821112136	-0.09971726070909899 -0.012938736820404396 0.47257409263995803
0.2748341331210751 -0.015641717705745517 0.09971726070744953	-0.015641717705669637 0.2619627458730159 0.012938736821226846	-0.09971726070910138 -0.01293873682053642 0.47257409263988315
0.274834133121154 -0.0156417177058328 0.09971726070735178	-0.015641717705754007 0.26196274587291424 0.01293873682093448	-0.09971726070901295 -0.012938736820227045 0.4725740926401993
0.27483413312111193 -0.015641717705753132 0.09971726070755321	-0.01564171770567814 0.26196274587297197 0.012938736821376404	-0.09971726070922318 -0.012938736820674555 0.47257409263974315
0.2748341331211154 -0.01564171770575884 0.0997172607073877	-0.015641717705683636 0.26196274587287505 0.012938736820919831	-0.09971726070903583 -0.012938736820232933 0.47257409264014333
0.2748341331212068 -0.01564171770581939 0.09971726070746303	-0.015641717705746752 0.2619627458728102 0.012938736821144249	-0.099717260709134 -0.012938736820433228 0.47257409263996897
0.2748341331211108 -0.015641717705760727 0.09971726070753906	-0.015641717705685787 0.261962745872862 0.012938736821332335	-0.09971726070919265 -0.012938736820647202 0.4725740926397843
0.27483413312114124 -0.01564171770583041 0.09971726070734618	-0.015641717705758687 0.2619627458728869 0.012938736820900739	-0.09971726070901359 -0.012938736820206215 0.4725740926401287
0.27483413312114796 -0.015641717705744407 0.09971726070749186	-0.015641717705673297 0.2619627458730849 0.012938736821307945	-0.09971726070916229 -0.012938736820605215 0.4725740926398475
0.27483413312107485 -0.01564171770583441 0.09971726070740287	-0.01564171770575493 0.2619627458728314 0.012938736820995219	-0.09971726070904982 -0.012938736820310714 0.4725740926399202
0.27483413312113475 -0.015641717705818254 0.09971726070752576	-0.015641717705750464 0.2619627458728998 0.012938736821179134	-0.09971726070919495 -0.012938736820476276 0.4725740926399874
0.2748341331211275 -0.015641717705783473 0.09971726070755914	-0.01564171770571557 0.2619627458729475 0.012938736821260052	-0.0997172607092281 -0.012938736820554676 0.47257409263980416
0.27483413312115096 -0.01564171770583564 0.0997172607073973	-0.01564171770575808 0.2619627458728655 0.012938736821019155	-0.09971726070905206 -0.012938736820325862 0.4725740926398457
0.2748341331211551 -0.015641717705814635 0.09971726070743213	-0.015641717705740105 0.26196274587293267 0.012938736821086861	-0.0997172607090967 -0.012938736820395483 0.4725740926401564
0.27483413312115207 -0.015641717705804633 0.0997172607075074	-0.01564171770573264 0.2619627458729428 0.01293873682142286	-0.09971726070918206 -0.012938736820713413 0.4725740926398178
0.27483413312107025 -0.015641717705781565 0.09971726070734589	-0.01564171770570355 0.2619627458728607 0.012938736820901582	-0.09971726070898485 -0.012938736820217261 0.4725740926402533
0.27483413312113025 -0.015641717705772513 0.09971726070751143	-0.015641717705700515 0.2619627458729254 0.012938736821303646	-0.0997172607091864 -0.012938736820596184 0.4725740926397174
0.27483413312112137 -0.015641717705785707 0.09971726070743174	-0.01564171770570403 0.26196274587296486 0.012938736821097453	-0.09971726070909082 -0.012938736820395952 0.47257409264007966
0.2748341331211254 -0.01564171770578654 0.09971726070742681	-0.015641717705705056 0.2619627458729601 0.012938736821085536	-0.0997172607090859 -0.012938736820384239 0.47257409264009215
0.2748341331211301 -0.015641717705769918 0.09971726070751481	-0.015641717705697923 0.26196274587291724 0.012938736821307917	-0.09971726070918978 -0.01293873682060059 0.4725740926397033
0.2748341331210725 -0.01564171770578148 0.09971726070734503	-0.01564171770570355 0.2619627458728575 0.012938736820892222	-0.09971726070898355 -0.012938736820207769 0.4725740926402576
0.2748341331211519 -0.015641717705806645 0.09971726070749998	-0.01564171770573486 0.26196274587293605 0.0129387368214052	-0.09971726070917473 -0.012938736820695323 0.47257409263982925
0.27483413312115657 -0.015641717705810448 0.09971726070743109	-0.01564171770573597 0.2619627458729313 0.012938736821098279	-0.09971726070909584 -0.012938736820406822 0.4725740926401356
0.27483413312115135 -0.015641717705837912 0.09971726070738982	-0.01564171770576042 0.2619627458728583 0.012938736821000427	-0.09971726070904456 -0.01293873682030696 0.47257409263986017
0.2748341331211235 -0.015641717705783702 0.09971726070756272	-0.01564171770571543 0.2619627458729459 0.012938736821262547	-0.0997172607092316 -0.012938736820557007 0.47257409263979705
0.2748341331210963 -0.01564171770581823 0.09971726070744888	-0.015641717705736143 0.2619627458728668 0.012938736820859872	-0.09971726070910406 -0.012938736820179667 0.4725740926399948
