1.63001270238862
0.6085093051999126
1.4552545087650075
1.5454908538034986
0.5164019830116675
0.9395267758291578
1.3728995541467337
0.8488951429251913
0.5604457642558126
0.8946944715950251
0.8925094461062029
0.7784056677182687
0.5743137936634833
0.7201520022128829
0.7377546067130131
0.7377546067130129
0.7201520022128834
0.5743137936634838
0.7784056677182672
0.8925094461062051
0.8946944715950252
0.5604457642558152
0.8488951429251923
1.3728995541467375
0.9395267758291582
0.5164019830116671
1.5454908538035101
1.455254508765008
0.6085093051999114
1.6300127023886246