1.596545654349543
0.64117929007371
1.4626130948979916
1.4930208398155
0.41131594057313353
1.1718032289352578
1.3476301556184485
0.5831068124336068
0.7364189837572129
0.9502406704795415
0.7867519143869885
0.6270150127622656
0.734049222090362
0.7265125994205472
0.7087791839753597
0.7087791839753563
0.7265125994205438
0.7340492220903521
0.6270150127622711
0.7867519143869786
0.9502406704795222
0.7364189837572153
0.5831068124335939
1.3476301556184394
1.1718032289352434
0.41131594057313525
1.4930208398154978
1.4626130948979827
0.6411792900737056
1.596545654349543