0.6635712919649864
0.6589052538801261
0.6887656522237564
0.6635713101690727
0.6589052632581465
0.6887656609438728
0.6635713197423116
0.6589052662465796
0.6887656875612778
0.6635712978678044
0.658905259551485
0.6887656794599026
0.6635712908638709
0.6589052605593988
0.6887656589211587
0.6635713120069062
0.6589052681835477
0.688765672389958
0.6635713134458262
0.6589052656308659
0.6887656894377585
0.6635712928748303
0.6589052580768745
0.6887656719100734
0.6635712980776193
0.6589052611224364
0.6887656576212098
0.6635713199280495
0.6589052658695442
0.6887656748923807
0.6635713119310642
0.6589052586625487
0.6887656797440798
0.6635712935276217
0.6589052523140463
0.6887656557892674
0.6635713075808236
0.6589052589646114
0.6887656532384128
0.6635713248965787
0.6589052634138712
0.6887656778315193
0.6635713073970779
0.6589052560800615
0.6887656759481938
0.6635713057699884
0.6589052623430365
0.6887656784085974
0.6635712920205465
0.6589052672023027
0.6887656485632574
0.6635713028169292
0.6589052641840142
0.6887656752424869
0.6635713148931113
0.6589052591320259
0.6887656981692495
0.663571303860887
0.658905262129168
0.6887656658585872
0.6635712967310929
0.6589052647548959
0.6887656474133848
0.6635713112492891
0.6589052583032535
0.6887656784431107
0.6635713169638289
0.6589052537493051
0.6887656842486938
0.663571303162863
0.6589052588596382
0.688765648220533
0.6635713021599507
0.6589052617366101
0.6887656497996713
0.6635713166064114
0.6589052565964353
0.6887656869675581
0.663571313027732
0.6589052557386426
0.6887656786449742
0.6635712966804803
0.6589052624113417
0.6887656445092218
0.6635713013112288
0.6589052642385842
0.6887656637023445
0.6635713149820824
0.6589052604349456
0.6887656998695502
0.6635713191594834
0.6589052655119956
0.6887656893988634
0.6635713111765345
0.6589052679690043
0.6887656687520519
0.6635712931510005
0.6589052544470091
0.6887656508797784
0.6635713065076487
0.6589052514909712
0.6887656690043154
0.6635713233642477
0.6589052629630312
0.6887656783345137
0.6635713081334573
0.6589052627478633
0.6887656576161718
0.6635712950942108
0.6589052521691137
0.6887656548382849
0.6635713117806369
0.6589052559355717
0.6887656782746174
0.6635713186474521
0.6589052671026308
0.6887656775296847
0.663571297867799
0.658905263014524
0.688765657075586
0.663571293477643
0.6589052557581894
0.6887656676244927
0.6635713136331244
0.658905264568568
0.6887656918591112
0.6635713120975352
0.6589052717789556
0.6887656790440999
0.6635712909598241
0.6589052612981567
0.6887656563498228
0.6635712971940826
0.6589052550574238
0.6887656714490871
0.663571304964518
0.6589052594709095
0.6887656525664676
0.6635713250063618
0.6589052629663642
0.6887656768839706
0.6635713098178981
0.6589052554621897
0.6887656762887666
0.6635712919756702
0.6589052552269288
0.6887656550873972
0.6635713083220371
0.6589052642352471
0.6887656616263861
0.6635713198549804
0.6589052642493375
0.6887656832699357
0.6635712989665252
0.6589052579622272
0.688765676815943
0.6635712903557822
0.6589052625650145
0.6887656628039069
0.6635713116409554
0.658905270072315
0.6887656760440473
0.6635713145862426
0.6589052639118254
0.6887656865778107
0.66357129272359
0.6589052561971511
0.6887656679862288
0.6635712962260882
0.6589052623532101
0.688765659071112
0.6635713202746039
0.6589052673545142
0.6887656782249082
0.6635713143273714
0.658905258008585
0.6887656800329947
0.6635712932377187
0.6589052517787196
0.6887656546077955
0.6635712968982814
0.6589052614533841
0.6887656433080889
0.6635713016068547
0.6589052599301697
0.6887656565710405
0.6635713140195515
0.6589052614898284
0.6887657004326393
0.6635713052302463
0.658905265943169
0.6887656841322821
0.6635712935118899
0.6589052659983032
0.6887656484152254
0.6635713037625335
0.6589052617795916
0.6887656720843724
0.6635713132341821
0.6589052608928032
0.6887656991456617
0.6635713025723426
0.6589052632838371
0.6887656664810715
0.6635712982168473
0.6589052621329465
0.688765644654565
0.6635713126446288
0.6589052581517194
0.6887656795561958
0.663571315894808
0.658905257220944
0.6887656888765388
0.6635713020223264
0.6589052582318395
0.6887656459781073
0.6635713027769308
0.6589052574555869
0.6887656431222566
0.6635713171621858
0.658905257513697
0.6887656889792189
0.6635713127107453
0.6589052603372874
0.6887656862145795
0.6635713145301854
0.6589052711019969
0.6887656794259841
0.6635712906086706
0.6589052619113822
0.6887656577672816
0.663571295151389
0.6589052559591961
0.6887656716021933
0.6635713194135903
0.6589052640126642
0.6887656860391111
0.6635713125163756
0.6589052665868365
0.6887656671737155
0.6635712927425839
0.6589052564654736
0.6887656551920307
0.663571305981204
0.6589052534567188
0.6887656724264091
0.663571324191657
0.6589052610457142
0.6887656747701174
0.6635713079434724
0.6589052606123812
0.6887656535701552
0.6635712936553929
0.6589052537773292
0.688765657396968
0.663571312394049
0.6589052579392934
0.6887656824084308
0.6635713206823408
0.658905266000142
0.6887656765860624
0.6635712971573628
0.658905261597339
0.688765654076038
0.663571291062925
0.6589052564128315
0.6887656671885856
0.6635713142017742
0.6589052649333828
0.6887656924557266
0.6635713197207511
0.6589052690086568
0.6887656800000947
0.6635713139001053
0.6589052615242575
0.688765685895145
0.6635712945019594
0.6589052500986413
0.6887656533881201
0.6635713056868604
0.6589052569184786
0.6887656484859922
0.6635713233131812
0.6589052647295834
0.6887656777257594
0.6635713087043602
0.6589052566530612
0.6887656775317657
0.6635712937171401
0.658905252955807
0.6887656533133301
0.6635713096918682
0.6589052643084437
0.6887656628764067
0.6635713183739786
0.6589052672708258
0.6887656868626735
0.6635712976196253
0.6589052569833673
0.6887656741892239
0.6635712913803825
0.6589052589055984
0.688765657665615
0.6635713125831024
0.658905271696123
0.6887656795371572
0.6635713139823127
0.6589052681056693
0.6887656933794568
0.6635712924733534
0.6589052544580304
0.6887656651444564
0.6635712966055876
0.6589052581968451
0.6887656519967535
0.6635713006877098
0.6589052585143402
0.6887656432758522
0.6635713177084237
0.6589052563842505
0.6887656865583239
0.6635713142464388
0.6589052589898238
0.6887656852110225
0.6635712964448949
0.6589052634143253
0.6887656473709804
0.663571300876729
0.6589052617470059
0.6887656590396065
0.6635713146508191
0.6589052591338271
0.6887656957953687
0.6635713051291237
0.6589052636847901
0.6887656801540811
0.663571292451484
0.6589052681727308
0.6887656521513515
0.6635713044975527
0.6589052640295877
0.6887656764529261
0.6635713148402813
0.6589052590918757
0.6887656966777278
0.6635713015278941
0.6589052614015964
0.6887656625730519
0.6635712961419362
0.6589052634412185
0.6887656455694429
0.6635713136694723
0.658905259219555
0.6887656818081715
0.6635713181746847
0.6589052562607203
0.6887656889902367
0.6635713012346033
0.6589052583308299
0.6887656462587333
0.6635712980902402
0.6589052596581499
0.6887656521155532
0.6635712916191296
0.65890525392569
0.6887656628451633
0.6635713126308904
0.6589052667803899
0.6887656937644682
0.6635713136598937
0.6589052724693782
0.6887656816419154
0.6635712924893195
0.6589052600469161
0.688765656789246
0.6635712963593634
0.6589052559915486
0.6887656723310176
0.663571317599279
0.6589052663447486
0.6887656881806448
0.6635713111539723
0.6589052654308444
0.6887656643472587
0.6635712941971514
0.6589052535405713
0.6887656514793046
0.6635713071695107
0.6589052553431927
0.6887656763339134
0.6635713232128029
0.6589052644317499
0.6887656798710302
0.6635713072876753
0.6589052583280179
0.6887656493320762
0.6635712942500067
0.6589052500998744
0.688765651043529
0.6635713122838328
0.6589052600904675
0.6887656854532849
0.6635713202513891
0.6589052693319262
0.6887656824615729
0.6635713156632821
0.6589052666442005
0.6887656925256701
0.6635712918484937
0.658905256365045
0.6887656687866799
0.6635712956097581
0.6589052599114736
0.6887656537602256
0.6635713202785494
0.658905266357054
0.688765675001074
0.6635713140417174
0.6589052594471112
0.6887656828435503
0.6635712937265714
0.658905253018046
0.6887656586931663
0.6635713063241844
0.6589052592544495
0.6887656528615204
0.6635713245090122
0.6589052621293171
0.6887656737413408
0.6635713075329959
0.6589052546063474
0.6887656734019679
0.6635712920372481
0.6589052551236605
0.688765655943167
0.6635713110377198
0.6589052657264829
0.6887656660070329
0.6635713203933484
0.6589052656139023
0.6887656856722388
0.6635712964182608
0.6589052565911768
0.6887656730751686
0.6635712893370347
0.6589052602278229
0.688765657929056
0.6635713134749991
0.6589052707966425
0.688765677838309
0.6635713122925927
0.6589052610742875
0.6887656834063677
0.6635713175777781
0.6589052576375278
0.6887656916572507
0.663571303136012
0.658905256666175
0.6887656453441002
0.6635713015806632
0.6589052583146118
0.688765642962905
0.6635713156425376
0.6589052580338028
0.6887656873847816
0.663571313086838
0.6589052578975327
0.6887656828413087
0.6635712982946733
0.6589052613716332
0.6887656454083129
0.663571302064454
0.6589052637544079
0.6887656631360373
0.6635713132546419
0.6589052616581796
0.6887656993110218
0.6635713042548723
0.6589052612157154
0.6887656755206275
0.6635712933453919
0.6589052653378025
0.6887656474691497
0.6635713047335439
0.6589052665952019
0.6887656807599569
0.6635713143089812
0.6589052619953015
0.6887657020670448
0.6635713021180734
0.6589052591831785
0.6887656596756975
0.6635712965729783
0.6589052610798938
0.6887656410095357
0.6635712929816239
0.6589052518118846
0.6887656523777792
0.6635713128549184
0.6589052572539804
0.688765680444606
0.6635713207546825
0.658905267474369
0.6887656803148479
0.6635712975307303
0.6589052631189358
0.6887656582572605
0.6635712919525565
0.6589052560092733
0.6887656662483058
0.6635713134416266
0.658905263268512
0.6887656879331248
0.6635713126230411
0.6589052704032343
0.6887656775112644
0.6635712912538261
0.6589052630881792
0.6887656610124908
0.6635712977981238
0.6589052574830712
0.6887656756387823
0.6635713192672081
0.6589052638261839
0.6887656853321283
0.663571309696608
0.6589052647939002
0.68876566240409
0.6635712923186491
0.6589052554650584
0.6887656527477328
0.6635713083747861
0.6589052547558389
0.6887656758038784
0.6635713249775281
0.6589052628266525
0.6887656792226645
0.6635713064542246
0.6589052602356735
0.6887656526385089
0.6635712982721687
0.6589052551372612
0.6887656722497968
0.6635712898546384
0.6589052597995113
0.6887656568455094
0.6635713112400059
0.6589052720412742
0.6887656781968194
0.6635713148821027
0.6589052659672346
0.6887656914124418
0.6635712940631965
0.6589052551460755
0.6887656684247645
0.6635712965508591
0.6589052617268292
0.6887656573533262
0.66357131842745
0.658905267982684
0.6887656767332905
0.6635713132032828
0.6589052569935661
0.6887656780994589
0.6635712950238211
0.6589052509775879
0.6887656554748021
0.6635713067224587
0.6589052618724536
0.688765657502056
0.663571323755429
0.6589052643497749
0.6887656777729717
0.6635713078675824
0.6589052521369467
0.6887656693939262
0.6635712924548638
0.6589052529643351
0.6887656514371914
0.6635713098828876
0.6589052676345905
0.6887656681915313
0.6635713200445552
0.6589052670830012
0.6887656889427451
0.6635713151782237
0.6589052604563209
0.6887657007824215
0.663571301682391
0.6589052629587795
0.6887656661301598
0.6635712964925611
0.6589052626524783
0.6887656431226088
0.6635713127688703
0.6589052569406917
0.6887656764827738
0.6635713168663013
0.6589052560253397
0.6887656886423508
0.6635713023534597
0.6589052605747434
0.6887656514412643
0.6635713028724572
0.6589052596632028
0.6887656461931386
0.6635713168602952
0.6589052548005461
0.6887656831668932
0.6635713115573244
0.658905257339008
0.6887656808173291
0.6635712967039955
0.6589052639220998
0.6887656479931399
0.6635713034705397
0.6589052632762593
0.6887656633392323
0.6635713149553328
0.658905259779432
0.6887656982066035
0.6635713031968007
0.6589052629902262
0.6887656779405248
0.6635712918834343
0.6589052668547051
0.6887656480615151
0.6635713053941237
0.6589052635804061
0.6887656757423087
0.6635713060829636
0.6589052557487369
0.6887656759121387
0.663571324620678
0.6589052627241454
0.6887656793623442
0.6635713089460757
0.6589052594110683
0.688765652876071
0.6635712935391184
0.6589052529599317
0.6887656544511814
0.6635713105712818
0.658905258155548
0.6887656805550697
0.6635713201494169
0.6589052653660599
0.6887656761149639
0.6635712992997582
0.6589052617396796
0.6887656565078139
0.6635712923323362
0.658905258482205
0.6887656709381174
0.6635713123301268
0.6589052650042359
0.6887656909125832
0.6635713127982905
0.6589052679715101
0.6887656732061818
0.6635712918051312
0.6589052612182122
0.6887656572535317
0.6635712968579697
0.6589052595541238
0.6887656788193163
0.6635713190310543
0.6589052655271554
0.6887656892334215
0.6635713114057978
0.6589052633907502
0.6887656612416597
0.6635712925037834
0.6589052545608158
0.6887656505287272