0.006181345708060445 -0.0027497011771047105 -0.014739165632363896	-0.002749700750126308 -0.01222595429506387 -0.09408219651311645	0.01473916496332725 0.09408219630871474 0.007636872645999559
0.009696873234749378 -0.0035792716293348748 -0.01592001655230347	-0.003579271387985801 -0.008657975428227905 -0.09311427417812025	0.015920018243173788 0.0931142705083281 0.010296081170547117
0.011613690614597442 -0.0031314345039640382 -0.015791761278295763	-0.0031314337819731033 -0.004584268701321257 -0.0928809258490055	0.015791761880085797 0.09288092417200447 0.02071807808730194
0.008999373920451428 -0.0031568067125737056 -0.016030495453665146	-0.003156806926347017 -0.005410876000806008 -0.09281248742282228	0.01603049412540694 0.09281248815049317 0.02175964874221175
0.006376779712286202 -0.003000007896030398 -0.014490255024548877	-0.0030000077003626453 -0.006584518586984283 -0.09394761872310708	0.014490254256638545 0.09394761731643854 0.010363860336416994
0.00790093523152517 -0.004037374525096091 -0.014304172572372414	-0.004037374320555539 -0.0022769102987363465 -0.09330775378586985	0.014304172616798182 0.09330775088543826 0.014278486355358772
0.010594640488482406 -0.0037149417920011884 -0.014314504307038126	-0.0037149416042034896 -0.0036548236555202715 -0.09327975404595742	0.014314504632627834 0.09327975284368896 0.01912496174541465
0.00848593329801725 -0.0041802538776581095 -0.014937887350892166	-0.0041802534704151045 -0.006208542668659882 -0.09273887170125288	0.014937888237030156 0.09273886940518095 0.015996573849947165
0.012758162367953046 -0.004622178504796671 -0.01570175898740194	-0.0046221785294678 -0.0014800105014752558 -0.09282283154597971	0.01570175924109695 0.09282282875411513 0.01671120785381516
0.009089553009857027 -0.003518846477655541 -0.014146817846981054	-0.0035188461594035506 -0.000876759588862611 -0.09486128253163512	0.01414681647500304 0.09486128209523431 0.019051475272774763
0.011208283006093764 -0.003376472328395749 -0.01472810902804983	-0.0033764728791116105 -0.004957749574177023 -0.09299740102818566	0.014728107170512556 0.09299740313447717 0.02711882248525256
0.01011943898110364 -0.00423433777473671 -0.014950021654139244	-0.004234337073550596 -0.002742431280259923 -0.09464443552629921	0.014950022541734286 0.09464443387567126 0.016920430396484908
0.012283872556528946 -0.00546135836699423 -0.015184448308304843	-0.005461358158179008 -0.000026201149787973693 -0.09353409286095445	0.015184450145883991 0.09353408914281353 0.016131921365358137
0.012740479599498634 -0.003947080908905712 -0.01529237772199147	-0.003947080323045412 -0.0032970134480057537 -0.0949152125316044	0.015292376899373392 0.09491521242796999 0.0220762445800801
0.009974728343699172 -0.0035267818849837314 -0.016057045119039562	-0.003526782649871487 -0.013870246127312021 -0.09114768914405821	0.016057042082979957 0.09114769298573608 0.017826493737573564
0.008709522919377478 -0.004405211165462776 -0.016264128659650393	-0.00440521087741407 -0.010468947333113592 -0.09290577310727582	0.01626412963698132 0.09290576986411468 0.004876670272538859
0.01201515851045231 -0.002790743093529921 -0.015625763027759563	-0.0027907427769271994 -0.007313819074616083 -0.09428209957616761	0.015625763342501448 0.0942820977945123 0.01836491529203719
0.0108123206010445 -0.0034038726084326923 -0.014982039694974449	-0.0034038724970983847 -0.002558993961120592 -0.09331573661700665	0.014982039499270527 0.0933157350773082 0.026122737682904903
0.00636804054307892 -0.003500648455396313 -0.014617001639844529	-0.003500648425927167 -0.005117752151584727 -0.0950715327279444	0.014617001325095958 0.09507153104215503 0.012218634608347413
0.006282420471465014 -0.0043830762694846235 -0.015058818575875755	-0.004383075987727083 -0.008494260264465816 -0.0919508551319464	0.015058818349731162 0.09195085297777131 0.005357982242894336
0.008953085010555969 -0.003957327989083328 -0.01408631473691465	-0.003957328185585407 -0.0032986335638580076 -0.09435458831144428	0.014086314580105237 0.09435458814059934 0.02333841112627659
0.008230471761359482 -0.0035553229649484853 -0.015037395481539161	-0.0035553225863564613 -0.00622927442649902 -0.09500428374994023	0.015037396253163565 0.09500428178146819 0.020890874933688446
0.007818556580792084 -0.004074115076778386 -0.014401068073060831	-0.004074115005944732 -0.004922898210248159 -0.09395177912771221	0.014401068227546544 0.09395177683439966 0.009452780825370065
0.011871895169299615 -0.004381246405431821 -0.014189076663598026	-0.004381246123564504 -0.0006297850963275734 -0.09422751086614917	0.014189075397437328 0.09422751092319526 0.023030591146099618
0.01228716437726685 -0.0036469713922057663 -0.015431020734088412	-0.003646971930166944 0.0011890432236893057 -0.09260753984977828	0.015431019168391884 0.09260754217645616 0.03038441514122838
0.011234061238558888 -0.0031463102645427126 -0.014172923319999108	-0.0031463099514839835 -0.00280783895449401 -0.09424828505841383	0.014172923540390805 0.09424828459014811 0.020410822664956446
0.009599251565751733 -0.004752837219637799 -0.01481397696964477	-0.004752836993727227 -0.004052707579814428 -0.09450584089714739	0.01481397799610535 0.09450583776691775 0.010446239887768327
0.01475475477681874 -0.005092544366460849 -0.014629568092864021	-0.005092544020292052 0.0002233958520640976 -0.09399911986121978	0.01462956764124232 0.09399911914343456 0.02395516894441355
0.01372691593435596 -0.005531708139476805 -0.014769237676490653	-0.005531708551834543 -0.0023637740732827487 -0.0916329155214949	0.014769236392045054 0.09163291701843614 0.03067149555207217
0.009797736131284197 -0.004170563390846846 -0.014219851478082423	-0.004170563309857037 -0.007591543903421618 -0.09433840396116497	0.014219851332793153 0.09433840368061518 0.013976257147416793
0.011421472227837418 -0.004773672094471373 -0.015278605912291885	-0.004773672033715292 -0.003977858391809828 -0.09309304300506366	0.015278605845859071 0.0930930412274079 0.020184410864957758
0.013592751757129725 -0.002884175380993175 -0.01459306658556464	-0.002884175241487436 -0.0008608156750301837 -0.09298117103942001	0.014593066596423242 0.09298116946439053 0.02796583032042158
0.01067738435763959 -0.0035860401652706153 -0.015110403910616122	-0.0035860400158544423 -0.0017963175490272217 -0.09420482123780605	0.015110403869966347 0.09420481951265754 0.016031324600206714
0.007315905185924322 -0.004689602294080157 -0.014474117751527293	-0.004689602134297916 -0.003961556097179377 -0.09372516069791843	0.014474117586746868 0.09372515903999348 0.009150486981321176
0.010830726831404108 -0.005597023770821739 -0.013207872502496915	-0.005597023870685252 -0.0025992545861253276 -0.09392219919293505	0.013207872072306663 0.09392219936000595 0.025606336702176512
0.00959439007850895 -0.0040163242212047714 -0.013906213205339777	-0.004016324216649507 -0.003806949580552209 -0.09276937956647809	0.01390621327550439 0.09276937971539752 0.023981104589338404
0.007816684974298226 -0.0034000023390200872 -0.01498248816500676	-0.003400002067723385 -0.0064709685286026344 -0.09507035978774649	0.014982488350214825 0.09507035789764755 0.012015400901945517
0.006946667031650903 -0.003072086348011583 -0.014691861483571118	-0.0030720860719628497 -0.007611388216864143 -0.09634435385646083	0.014691861137420336 0.09634435262255713 0.007992264475277747
0.011778107324682437 -0.003276998732583908 -0.015203112852656634	-0.0032769986729102615 -0.0026510697783215242 -0.09370480878691144	0.015203112350463989 0.0937048092198848 0.029045336857408934
0.009745668694846329 -0.0034750708560646274 -0.015207062290573739	-0.0034750709814114346 -0.004404994765767143 -0.0935353986522819	0.01520706174844819 0.09353539973200303 0.024623853224732845
0.00615646566346267 -0.0037873637398788806 -0.014850918232257124	-0.003787363536385864 -0.01107785881552615 -0.09336581682678695	0.014850918052554892 0.09336581530790003 0.006370896798315661
0.008425039356751578 -0.0031170830912205932 -0.015242990034655797	-0.003117082971399826 -0.007093063380479794 -0.09520763397201744	0.015242989481129246 0.09520763250916077 0.013375331320986412
0.010589323949901612 -0.0046357726025157385 -0.014620579108512811	-0.004635772574773109 -0.004981132862783455 -0.09436098740749681	0.01462057896468203 0.09436098641879118 0.02194022143686543
0.009682121191163419 -0.004467633376420651 -0.01409909166008224	-0.004467633295751485 -0.0028978915453332643 -0.09416471041032319	0.014099091751309412 0.0941647095618861 0.01818068784680498
0.009703643039648133 -0.005946169476399473 -0.01559309744634002	-0.0059461691184984015 -0.0023517780504565666 -0.09293142580732797	0.015593097792598314 0.0929314230666761 0.011578643557768595
0.010400010630767228 -0.0035123319974073256 -0.016094432276689982	-0.003512332163555041 -0.004587742768742355 -0.09215784600865913	0.016094431084455088 0.09215784670799536 0.027184259960374636
0.01026666298678984 -0.0032790866583910627 -0.015934106560972928	-0.003279086230548072 -0.0018414302835917315 -0.09367075287213907	0.015934107092784974 0.09367075098495554 0.019314060416065655
0.007058790050931593 -0.004617219207772465 -0.01562975244656159	-0.0046172190345379355 -0.006465347417864899 -0.09259003075555763	0.015629753231961883 0.09259002840256825 0.007546169623569583
0.008560842341075271 -0.004848620137679451 -0.012203798278618148	-0.004848619909613098 -0.0020982287696217315 -0.0966535689668522	0.012203797624566401 0.09665356929705074 0.02042046605900975
0.013327325166280634 -0.0050154002485027546 -0.014293998786238424	-0.0050154006742475854 -0.004177831023356586 -0.0912312811761121	0.01429399725059835 0.09123128412206749 0.027072412676956252
0.010609709048337709 -0.003296498981639768 -0.014302472679266324	-0.0032964986438696548 -0.000823210190357835 -0.0961886568043196	0.014302472557470879 0.09618865581205792 0.01694160053191513
0.009931686523740626 -0.0038518744441605607 -0.015431511119844681	-0.003851874281627538 -0.006433970811522987 -0.09411452288170183	0.0154315118717743 0.09411451990848335 0.01413743975360668
0.0096800831867028 -0.004377062468631204 -0.0146450758839827	-0.0043770620384298384 -0.006203681010946243 -0.0940443103579121	0.014645076488022438 0.09404430902073582 0.020506307479798622
0.010923868645730686 -0.00376985314847255 -0.013706489939990338	-0.0037698533570605904 -0.0028757654214143346 -0.09599155410164979	0.013706489399963457 0.09599155515655994 0.02427298447239141
0.007994917270060995 -0.004616538421316728 -0.014878040526768978	-0.0046165381467634424 -0.0070291128765089545 -0.09390063743518963	0.014878040048781387 0.0939006359929176 0.010817541460001625
0.007367318491708843 -0.003710008277793234 -0.016228893402818183	-0.0037100082343170878 -0.008980328734726926 -0.09246094065832336	0.016228893089340703 0.09246093814965832 0.008865434067185088
0.008701754482262106 -0.004211123536747147 -0.015000438781079605	-0.0042111233802839074 -0.00899174333813265 -0.09392578230267032	0.01500043868239451 0.09392578083884814 0.015424924133233464
0.007965619262066612 -0.0027779293255826157 -0.01533898177070852	-0.002777929033980992 -0.0072840544789647375 -0.09523259159148073	0.01533898225594569 0.09523259008203641 0.013300938107204858
0.008097416657660238 -0.003957964126681432 -0.015462663784488115	-0.003957963843050697 -0.006335881379805484 -0.09400004454783487	0.015462664271019076 0.09400004220298035 0.0071845695762535605
0.009556594425225308 -0.00399045829709915 -0.015215975443149989	-0.003990458223463698 -0.0041734921791384445 -0.09409145972634321	0.015215974775762295 0.09409145863501739 0.01691342674360877
0.007953345615524635 -0.002759756469806942 -0.015570814285994654	-0.0027597558527441036 -0.006348946503530316 -0.09529113158816427	0.015570815435714317 0.09529112954540282 0.013813107368397597
0.009971709358966137 -0.0032169733278618767 -0.016418011263392495	-0.0032169729850843026 -0.0051999806239662275 -0.0928729560735211	0.016418013179092052 0.09287295238763116 0.015788854611422223
0.010859386096234571 -0.0037817682296860337 -0.014838094219314441	-0.0037817677566354853 -0.006879775155576012 -0.09304367472996468	0.014838093307044262 0.09304367508577455 0.0225759716522451
0.009850580343782969 -0.0041708389807575495 -0.014568291131391915	-0.004170839391774553 -0.011008505863331621 -0.09106711459622203	0.014568288689691823 0.09106711788018322 0.020170142461994688
0.01039807576233634 -0.0031503703549354252 -0.013432990291938982	-0.0031503701377470074 -0.001843739270502338 -0.09367200810842168	0.01343298998599041 0.0936720078623969 0.016394072428976506
0.012493195806834941 -0.005183273862709359 -0.015200383844286673	-0.005183273676700082 0.000641164164474536 -0.09542986045677335	0.015200384848643875 0.09542985682499655 0.021088879265452134
0.010846148826812304 -0.0040611337727001606 -0.015317380929184346	-0.004061133226879938 -0.004521922989902448 -0.09403648788837835	0.015317381325134945 0.0940364862977019 0.01901734040224276
0.011501819045011769 -0.004056657283574456 -0.014109552396876113	-0.004056657219246465 -0.00449445481863228 -0.09626678873302867	0.01410955243742678 0.09626678844511515 0.02055054384526479
0.012335391908012524 -0.00502257973402678 -0.013677047070360562	-0.005022579463005819 -0.0002366654577697063 -0.09459337894208293	0.01367704688227963 0.09459337739882456 0.01975355086293752
0.008421080213332858 -0.004807020748362155 -0.013849521253842055	-0.004807020604136873 -0.005744327947812565 -0.09376128396627921	0.013849520514044065 0.09376128173746276 0.016710203445439168
0.01129984450249158 -0.005422604500208571 -0.01514536599316767	-0.005422604471324633 -0.004724738447931344 -0.09306362446205856	0.015145365561798914 0.09306362377800384 0.018711632829795148
0.009069763365984276 -0.005109416793199983 -0.015515139793521152	-0.0051094162729411734 -0.005714122204023444 -0.0929221625397929	0.015515141361367429 0.09292216004377682 0.011053612638062338
0.009015390034151461 -0.0039659198318303755 -0.015751015652323466	-0.0039659196743064215 -0.008703199987472984 -0.09323763492029497	0.01575101632688878 0.09323763301905617 0.01298360829969082
0.010927792747014702 -0.0020030826468737436 -0.014590064769216898	-0.002003082472699178 -0.0034543023537582495 -0.09350876617643958	0.0145900629086534 0.09350876666498298 0.020659666891483908
0.010993940558619797 -0.0032037425291376264 -0.01577461592199752	-0.0032037429020794457 -0.007326487108009566 -0.09291863957079075	0.015774613396678728 0.09291864174581653 0.024129366547769544
0.01006716605960208 -0.0034694604390284093 -0.015954662016900215	-0.0034694600616845136 -0.0035627870174916986 -0.09323477291583755	0.015954664338734305 0.0932347690253403 0.015691162546535423
0.012575789426170261 -0.0031257081240561395 -0.015435958015628436	-0.003125707902148655 -0.0015473559476418177 -0.09420707788756988	0.015435957033362199 0.09420707768000211 0.02677208909830331
0.011363864546810102 -0.0032609014307643344 -0.014382286978202596	-0.003260901673646389 -0.004690809867431693 -0.09267074747805809	0.014382285293523658 0.09267074829729197 0.023901777219941814
0.008342111037095987 -0.0038071958136435755 -0.014397917563258044	-0.0038071956342027157 -0.007808146156902562 -0.09425005615237192	0.01439791764496478 0.09425005525053817 0.01125115977286669
0.01205486963386617 -0.0031982663482118348 -0.01599343937174278	-0.003198266059796004 -0.0053560302242728775 -0.09369433383837648	0.015993440540535964 0.09369433083899761 0.014413904908590142
0.011467096189862828 -0.004033743352508197 -0.015652510366029437	-0.004033743176822805 -0.0027895270555729594 -0.09340060281488405	0.015652510337885485 0.09340060102701216 0.027070507113566622
0.01130373559988906 -0.0037354038904696242 -0.015405274133143673	-0.0037354035968272465 -0.008047193927258191 -0.09366112262171283	0.015405274736577448 0.09366112065566455 0.020300002405750632
0.007493841760427311 -0.00362290265577256 -0.016442291157488114	-0.003622902578259194 -0.006839043904592499 -0.09364932611499696	0.01644229098114653 0.09364932486793666 0.005363883844889093
0.006096246906014966 -0.0023749659498541547 -0.01543269024026326	-0.0023749658563693796 -0.005914106403164466 -0.09560962069158066	0.015432688967138137 0.09560961975955155 0.012377727236187852
0.009960099972354832 -0.004984149217377796 -0.015204025001253521	-0.004984149459650185 -0.0042771293797854455 -0.09502026205450324	0.01520402387735106 0.09502026213284841 0.028672983124641213
0.011625893539610873 -0.004949610707401051 -0.01462495780234814	-0.004949610153867683 -0.0016684429290499733 -0.09434672841943553	0.014624959717280967 0.09434672535754048 0.020725072277522592
0.007423068052501869 -0.004125129605096893 -0.014619310813148191	-0.004125129354038666 -0.00793115827395055 -0.09525260277387945	0.014619312085907596 0.09525260040439501 0.009217872924720278
0.008605587449670696 -0.0033453137489961727 -0.015128285391605871	-0.00334531369627479 -0.0060662743318362355 -0.09226246790519389	0.015128282890751861 0.09226246956507843 0.024814674305085018
0.0138039403929904 -0.0020849740794216653 -0.0165232885585204	-0.0020849745119327382 0.0017838844807758405 -0.09247799484946795	0.016523285689621622 0.09247799750934586 0.03124900558631606
0.01009439847685341 -0.003257419005903343 -0.015231462930023025	-0.003257418571680345 -0.0022616460582526067 -0.09564229881203637	0.015231464071828234 0.09564229726834744 0.01624022715506507
0.01078332393508787 -0.0033207809657244177 -0.01549666274928048	-0.0033207808868548107 -0.005381012591983503 -0.09363450277578901	0.01549666188729238 0.09363450174289219 0.015998953268423845
0.012419984644137542 -0.0033670416681673425 -0.01427612071445859	-0.003367041709317852 -0.0016182889091969476 -0.09507492992193078	0.01427612009706352 0.09507492846482564 0.02422067682450616
0.010688228779606436 -0.004000351082966802 -0.014242382705332426	-0.004000350852795124 -0.00520965990865665 -0.09422190829353026	0.01424238303927991 0.09422190686363714 0.016292853326419443
0.007623528679850223 -0.004628438688261853 -0.014344481635914012	-0.004628438410666107 -0.007087283294475997 -0.09372197787785144	0.014344482280397749 0.09372197579983084 0.012366158653235261
0.010925171305229124 -0.0035651454805739786 -0.015358971523372934	-0.003565145346967421 -0.0024693217430912205 -0.0943093268394453	0.015358971456078216 0.09430932498869887 0.019189416525332563
0.007816375509999376 -0.004469274787906059 -0.012953164958209341	-0.004469274555475673 -0.0057896587085511445 -0.09562496341950086	0.012953165363549863 0.09562496100614618 0.016217873658283168
0.009464742305242451 -0.003630027098681809 -0.016983030718668503	-0.0036300270058599892 -0.00773553751760684 -0.09351087840042047	0.01698303064671549 0.09351087774556914 0.013452657390641054
0.005002025392615326 -0.0028097403549227585 -0.01261112472512859	-0.0028097403768901925 -0.0047966952048120685 -0.09360263848451938	0.012611122786917124 0.09360263950471302 0.006553991671777008
0.006319339780030154 -0.00264957892596293 -0.013225005953326489	-0.002649578933649933 -0.004185052802997169 -0.09594656574731326	0.013225004809473778 0.09594656534868364 0.014763804201712624
0.007211368706309588 -0.003365114122520001 -0.014545059702751877	-0.0033651138389351157 -0.0017898418089624928 -0.09606030420238924	0.014545060685951187 0.09606030207780278 0.015791847605203798
0.009684778832957461 -0.003907270768027337 -0.014094553956276692	-0.003907270525593986 -0.0017365868707782325 -0.09546438770561311	0.01409455508462186 0.09546438564191734 0.01513842029246468
0.006216937756601178 -0.0037991755663779716 -0.013835221014821167	-0.003799175490803274 -0.0059483704248686695 -0.09619587484766644	0.013835219196972795 0.09619587589623256 0.01737996138321677
0.00991591169471726 -0.0030069086031031525 -0.01514984003563543	-0.003006908635522926 -0.005106168710532585 -0.09340096047859078	0.01514983837614631 0.09340096116259311 0.026515586215150933
0.013787217773806742 -0.0032191757922028926 -0.014268644808041672	-0.0032191756087425845 0.001894767226090827 -0.09466463618347853	0.014268645126048668 0.09466463568130688 0.026362888058315846
0.009968247766143877 -0.0045184691580883824 -0.01597285582584352	-0.004518468886666334 -0.003067230062006517 -0.09333714556317609	0.015972856981135958 0.09333714302304413 0.012808403333329053
0.009503213933083444 -0.0032222223863018124 -0.015826446011665787	-0.0032222224265641493 -0.0060838877685923404 -0.09239274107322304	0.015826445431385776 0.09239273916083242 0.018492279555854595
0.010369982073562208 -0.0026990931926356605 -0.015312455200136542	-0.0026990929466925153 -0.0032610322234732526 -0.09379423813946583	0.01531245581597366 0.09379423644624504 0.012964410511207216
0.007434733834926578 -0.0037188788333233115 -0.014713572424321364	-0.003718878650128902 -0.009950024044785491 -0.09568236716941689	0.014713572694880911 0.0956823661931184 0.008584388723368551
0.007269213346662759 -0.004729054460317642 -0.014777780608505188	-0.004729054398517641 -0.00731104711376853 -0.09453507552281686	0.014777780266466749 0.09453507412259313 0.020517650617310503
0.011506903058085566 -0.003776563202388688 -0.01449504858017341	-0.003776563123519403 -0.001555970652394413 -0.09579017475335856	0.01449504817555361 0.09579017365765605 0.0254021249844222
0.008907190249148371 -0.003948978057428606 -0.015586619739394743	-0.003948977890494591 -0.006720486174107436 -0.0938906160449552	0.015586620348350101 0.09389061476704644 0.009461942455095525
0.00859150524451323 -0.004097394217403245 -0.013854518488096126	-0.004097394263967248 -0.010151137794043922 -0.09464412542099483	0.013854517724528323 0.09464412603240732 0.006598804848759542
0.0054319423850624285 0.0006732996815021937 -0.03054286388576138	0.000673299627825372 0.00953187271458314 -0.09370862616948382	0.030542861111534706 0.09370862678103406 0.016132584946733447
0.008591505244513156 -0.0040973942174031865 -0.013854518488096167	-0.0040973942639671666 -0.010151137794043997 -0.0946441254209949	0.013854517724528462 0.09464412603240754 0.00659880484875961
0.008907190249148385 -0.003948978057428548 -0.015586619739394687	-0.00394897789049467 -0.006720486174107483 -0.09389061604495537	0.01558662034835022 0.09389061476704635 0.009461942455095514
0.011506903058085403 -0.0037765632023884204 -0.014495048580173392	-0.00377656312351932 -0.0015559706523943211 -0.09579017475335855	0.01449504817555361 0.09579017365765595 0.025402124984422056
0.007269213346662574 -0.004729054460317693 -0.014777780608505119	-0.004729054398517552 -0.00731104711376853 -0.0945350755228169	0.014777780266466773 0.09453507412259302 0.020517650617310576
0.007434733834926542 -0.00371887883332325 -0.014713572424321551	-0.0037188786501287812 -0.009950024044785438 -0.0956823671694168	0.014713572694880973 0.0956823661931183 0.008584388723368303
0.010369982073562125 -0.0026990931926357017 -0.015312455200136368	-0.002699092946692494 -0.0032610322234732318 -0.09379423813946589	0.015312455815973576 0.09379423644624504 0.01296441051120703
0.009503213933083511 -0.003222222386301719 -0.01582644601166588	-0.0032222224265642113 -0.006083887768592495 -0.0923927410732229	0.015826445431385713 0.09239273916083249 0.01849227955585465
0.009968247766143676 -0.004518469158088342 -0.015972855825843346	-0.004518468886666241 -0.003067230062006737 -0.09333714556317602	0.015972856981136072 0.09333714302304401 0.01280840333332886
0.01378721777380685 -0.003219175792202796 -0.01426864480804171	-0.0032191756087426252 0.0018947672260906656 -0.0946646361834786	0.014268645126048682 0.09466463568130708 0.026362888058315555
0.00991591169471713 -0.0030069086031032605 -0.015149840035635475	-0.0030069086355230088 -0.005106168710532651 -0.09340096047859071	0.015149838376146446 0.09340096116259317 0.026515586215150884
0.006216937756601275 -0.0037991755663779846 -0.013835221014821257	-0.0037991754908032072 -0.005948370424868569 -0.09619587484766669	0.013835219196973003 0.09619587589623263 0.017379961383216576
0.009684778832957389 -0.003907270768027543 -0.014094553956276568	-0.003907270525594062 -0.0017365868707783002 -0.09546438770561326	0.014094555084621964 0.09546438564191734 0.015138420292464894
0.007211368706309869 -0.003365114122520051 -0.014545059702751866	-0.0033651138389352627 -0.0017898418089620938 -0.09606030420238931	0.014545060685951211 0.09606030207780272 0.01579184760520416
0.006319339780030344 -0.0026495789259631444 -0.013225005953326676	-0.002649578933650013 -0.004185052802996719 -0.09594656574731324	0.013225004809473813 0.0959465653486836 0.014763804201712737
0.005002025392615242 -0.0028097403549226284 -0.012611124725128608	-0.0028097403768900433 -0.004796695204811876 -0.09360263848451955	0.012611122786916944 0.0936026395047128 0.006553991671777269
0.00946474230524243 -0.003630027098682021 -0.016983030718668416	-0.003630027005860054 -0.007735537517606765 -0.09351087840042042	0.01698303064671549 0.09351087774556908 0.013452657390641103
0.007816375509999415 -0.004469274787905793 -0.012953164958209439	-0.004469274555475501 -0.005789658708551134 -0.09562496341950083	0.012953165363549797 0.09562496100614609 0.016217873658283637
0.010925171305229284 -0.0035651454805739596 -0.015358971523372816	-0.003565145346967438 -0.0024693217430912517 -0.09430932683944529	0.015358971456078025 0.09430932498869883 0.01918941652533268
0.007623528679850226 -0.004628438688261873 -0.014344481635913967	-0.004628438410666097 -0.007087283294475931 -0.09372197787785146	0.014344482280397652 0.09372197579983077 0.012366158653235301
0.01068822877960643 -0.004000351082966716 -0.014242382705332457	-0.004000350852795084 -0.005209659908656744 -0.09422190829353032	0.014242383039279976 0.09422190686363707 0.016292853326419287
0.012419984644137452 -0.0033670416681671096 -0.014276120714458666	-0.003367041709317883 -0.0016182889091971818 -0.09507492992193087	0.014276120097063576 0.09507492846482557 0.024220676824506016
0.010783323935087748 -0.003320780965724533 -0.015496662749280445	-0.0033207808868546533 -0.005381012591983475 -0.09363450277578882	0.015496661887292526 0.09363450174289231 0.015998953268423793
0.010094398476853386 -0.003257419005903339 -0.015231462930023035	-0.003257418571680316 -0.0022616460582523534 -0.09564229881203634	0.015231464071828245 0.09564229726834737 0.016240227155065165
0.013803940392990283 -0.0020849740794215777 -0.016523288558520453	-0.0020849745119328232 0.0017838844807759081 -0.09247799484946821	0.016523285689621556 0.09247799750934597 0.031249005586315798
0.008605587449670597 -0.0033453137489959455 -0.015128285391605923	-0.0033453136962748563 -0.006066274331836286 -0.09226246790519395	0.015128282890751864 0.09226246956507832 0.02481467430508496
0.007423068052501664 -0.004125129605096961 -0.014619310813147948	-0.0041251293540384955 -0.007931158273950679 -0.09525260277387955	0.014619312085907523 0.09525260040439486 0.00921787292472016
0.011625893539610684 -0.004949610707400911 -0.014624957802348154	-0.004949610153867832 -0.0016684429290501832 -0.09434672841943574	0.014624959717281023 0.0943467253575405 0.020725072277522398
0.009960099972354843 -0.004984149217377852 -0.015204025001253375	-0.004984149459650334 -0.004277129379785478 -0.09502026205450323	0.015204023877351043 0.09502026213284825 0.028672983124641234
0.006096246906015154 -0.002374965949853969 -0.015432690240263058	-0.002374965856369376 -0.005914106403164391 -0.09560962069158072	0.015432688967138057 0.0956096197595516 0.012377727236188131
0.007493841760427141 -0.003622902655772544 -0.01644229115748837	-0.0036229025782588114 -0.006839043904592517 -0.09364932611499689	0.01644229098114665 0.09364932486793649 0.005363883844889252
0.011303735599888854 -0.0037354038904696303 -0.015405274133143618	-0.0037354035968272924 -0.008047193927258407 -0.09366112262171271	0.015405274736577587 0.09366112065566445 0.020300002405750472
0.011467096189862944 -0.004033743352508273 -0.015652510366029448	-0.004033743176822822 -0.002789527055572956 -0.09340060281488406	0.015652510337885665 0.09340060102701207 0.027070507113566827
0.01205486963386622 -0.0031982663482119037 -0.015993439371742815	-0.003198266059796012 -0.0053560302242726815 -0.0936943338383764	0.015993440540536037 0.09369433083899752 0.0144139049085903
0.008342111037096117 -0.0038071958136436947 -0.014397917563257926	-0.003807195634202861 -0.007808146156902493 -0.09425005615237204	0.014397917644964672 0.0942500552505382 0.011251159772866665
0.011363864546810123 -0.003260901430764365 -0.014382286978202652	-0.003260901673646424 -0.004690809867431802 -0.09267074747805813	0.0143822852935237 0.09267074829729195 0.02390177721994176
0.01257578942617019 -0.0031257081240561218 -0.015435958015628543	-0.00312570790214843 -0.001547355947641705 -0.09420707788756982	0.015435957033361952 0.09420707768000242 0.02677208909830335
0.010067166059602077 -0.0034694604390287194 -0.015954662016900198	-0.0034694600616845435 -0.0035627870174915945 -0.09323477291583743	0.015954664338734336 0.09323476902534016 0.015691162546535492
0.010993940558620062 -0.0032037425291377786 -0.015774615921997432	-0.0032037429020795646 -0.007326487108009368 -0.09291863957079062	0.015774613396678697 0.09291864174581654 0.024129366547769784
0.010927792747014617 -0.0020030826468738056 -0.014590064769217027	-0.002003082472699315 -0.0034543023537579806 -0.09350876617643962	0.014590062908653383 0.09350876666498315 0.02065966689148377
0.009015390034151409 -0.003965919831830312 -0.015751015652323494	-0.003965919674306317 -0.008703199987473017 -0.09323763492029497	0.015751016326888908 0.0932376330190563 0.012983608299691009
0.009069763365984133 -0.005109416793199907 -0.01551513979352102	-0.005109416272941225 -0.00571412220402364 -0.092922162539793	0.01551514136136746 0.09292216004377679 0.011053612638062439
0.011299844502491444 -0.0054226045002085405 -0.015145365993167466	-0.005422604471324628 -0.004724738447931441 -0.09306362446205857	0.015145365561798851 0.09306362377800373 0.018711632829795044
0.00842108021333265 -0.00480702074836213 -0.013849521253842204	-0.004807020604136972 -0.005744327947812954 -0.09376128396627935	0.013849520514044176 0.09376128173746269 0.01671020344543872
0.012335391908012389 -0.0050225797340267 -0.013677047070360722	-0.0050225794630058 -0.00023666545776984162 -0.09459337894208315	0.013677046882279505 0.0945933773988244 0.019753550862937272
0.011501819045011644 -0.0040566572835743905 -0.014109552396876217	-0.004056657219246327 -0.004494454818632306 -0.09626678873302867	0.014109552437426703 0.09626678844511513 0.02055054384526498
0.010846148826812202 -0.004061133772700223 -0.015317380929184235	-0.004061133226879984 -0.004521922989902474 -0.0940364878883784	0.015317381325134976 0.09403648629770212 0.019017340402242563
0.012493195806834834 -0.005183273862709403 -0.015200383844286812	-0.005183273676700233 0.0006411641644747685 -0.09542986045677343	0.015200384848643875 0.09542985682499651 0.021088879265451936
0.010398075762336222 -0.0031503703549354656 -0.013432990291939062	-0.003150370137747137 -0.0018437392705022218 -0.09367200810842173	0.013432989985990337 0.09367200786239678 0.016394072428976558
0.00985058034378285 -0.004170838980757702 -0.014568291131392005	-0.004170839391774522 -0.01100850586333155 -0.0910671145962221	0.014568288689691903 0.091067117880183 0.020170142461994847
0.01085938609623473 -0.0037817682296859326 -0.014838094219314514	-0.0037817677566355165 -0.006879775155575876 -0.09304367472996473	0.014838093307044248 0.0930436750857744 0.022575971652245074
0.009971709358966229 -0.0032169733278620033 -0.016418011263392457	-0.0032169729850844955 -0.005199980623966288 -0.09287295607352088	0.016418013179092125 0.09287295238763106 0.015788854611421946
0.00795334561552477 -0.00275975646980712 -0.015570814285994446	-0.0027597558527442086 -0.006348946503529939 -0.09529113158816427	0.015570815435714324 0.0952911295454029 0.013813107368397741
0.00955659442522529 -0.003990458297098907 -0.015215975443149878	-0.0039904582234638625 -0.004173492179138616 -0.09409145972634327	0.01521597477576219 0.09409145863501742 0.016913426743608774
0.008097416657660002 -0.003957964126681545 -0.015462663784488156	-0.003957963843050598 -0.006335881379805581 -0.0940000445478349	0.015462664271018885 0.09400004220298046 0.007184569576253488
0.007965619262066874 -0.0027779293255827684 -0.015338981770708523	-0.002777929033981001 -0.007284054478964555 -0.09523259159148095	0.015338982255945814 0.09523259008203638 0.013300938107204993
0.008701754482262488 -0.004211123536747271 -0.015000438781079591	-0.004211123380283983 -0.008991743338132439 -0.09392578230267025	0.015000438682394299 0.09392578083884816 0.015424924133233878
0.007367318491708876 -0.0037100082777931694 -0.016228893402818207	-0.0037100082343170093 -0.008980328734726971 -0.09246094065832365	0.01622889308934082 0.0924609381496582 0.008865434067184893
0.007994917270061061 -0.004616538421316692 -0.01487804052676902	-0.004616538146763589 -0.007029112876509003 -0.09390063743518967	0.01487804004878146 0.09390063599291779 0.010817541460001589
0.010923868645730602 -0.0037698531484726774 -0.013706489939990282	-0.00376985335706043 -0.0028757654214143433 -0.09599155410164975	0.013706489399963571 0.09599155515655985 0.024272984472391457
0.009680083186703096 -0.00437706246863122 -0.014645075883982686	-0.004377062038430001 -0.006203681010945927 -0.09404431035791179	0.014645076488022348 0.09404430902073602 0.020506307479798643
0.009931686523740635 -0.0038518744441604965 -0.015431511119844643	-0.003851874281627602 -0.006433970811523061 -0.09411452288170183	0.015431511871774401 0.09411451990848331 0.014137439753606176
0.010609709048337504 -0.003296498981639727 -0.014302472679266279	-0.003296498643869601 -0.0008232101903580466 -0.09618865680431934	0.014302472557470705 0.09618865581205766 0.016941600531914947
0.013327325166280463 -0.005015400248502706 -0.01429399878623859	-0.005015400674247642 -0.004177831023356303 -0.09123128117611201	0.014293997250598343 0.09123128412206764 0.027072412676956193
0.008560842341075268 -0.004848620137679414 -0.012203798278618241	-0.0048486199096131055 -0.002098228769621985 -0.09665356896685215	0.012203797624566463 0.0966535692970507 0.020420466059009698
0.00705879005093131 -0.0046172192077725705 -0.01562975244656159	-0.004617219034537827 -0.006465347417865039 -0.0925900307555576	0.015629753231961876 0.09259002840256814 0.007546169623569609
0.0102666629867895 -0.0032790866583911954 -0.015934106560972966	-0.00327908623054799 -0.0018414302835918547 -0.09367075287213895	0.015934107092785078 0.09367075098495548 0.019314060416065353
0.010400010630767157 -0.0035123319974074765 -0.01609443227669001	-0.0035123321635550614 -0.004587742768742277 -0.09215784600865906	0.016094431084455366 0.09215784670799534 0.0271842599603747
0.009703643039648277 -0.005946169476399704 -0.015593097446339965	-0.005946169118498532 -0.002351778050456395 -0.0929314258073281	0.015593097792598355 0.09293142306667615 0.011578643557768541
0.009682121191163292 -0.004467633376420773 -0.014099091660082278	-0.004467633295751485 -0.002897891545333209 -0.09416471041032332	0.014099091751309457 0.09416470956188615 0.01818068784680489
0.010589323949901832 -0.004635772602515714 -0.014620579108512857	-0.004635772574773265 -0.004981132862783268 -0.09436098740749684	0.014620578964682072 0.09436098641879125 0.021940221436865616
0.008425039356751447 -0.0031170830912207164 -0.015242990034655839	-0.0031170829714000196 -0.007093063380479497 -0.09520763397201744	0.01524298948112933 0.09520763250916074 0.013375331320986419
0.006156465663462474 -0.0037873637398789105 -0.014850918232257006	-0.0037873635363859775 -0.011077858815526238 -0.09336581682678666	0.014850918052554743 0.09336581530789988 0.0063708967983157495
0.009745668694846365 -0.0034750708560646153 -0.015207062290573746	-0.003475070981411283 -0.004404994765767278 -0.09353539865228216	0.015207061748448162 0.09353539973200327 0.02462385322473247
0.011778107324682329 -0.003276998732583753 -0.015203112852656596	-0.0032769986729101236 -0.0026510697783215884 -0.09370480878691174	0.015203112350463982 0.09370480921988462 0.029045336857408836
0.006946667031650858 -0.003072086348011675 -0.014691861483570837	-0.0030720860719627863 -0.007611388216864074 -0.09634435385646083	0.014691861137420173 0.09634435262255689 0.007992264475278196
0.007816684974298172 -0.003400002339019722 -0.014982488165007177	-0.00340000206772336 -0.0064709685286024315 -0.09507035978774668	0.014982488350214877 0.09507035789764764 0.012015400901945746
0.009594390078508881 -0.004016324221204541 -0.013906213205339652	-0.004016324216649363 -0.0038069495805523306 -0.0927693795664779	0.013906213275504484 0.09276937971539738 0.023981104589338113
0.01083072683140403 -0.005597023770821578 -0.013207872502496928	-0.005597023870685237 -0.002599254586125697 -0.09392219919293512	0.013207872072306705 0.09392219936000609 0.02560633670217615
0.007315905185924331 -0.004689602294080018 -0.014474117751527387	-0.004689602134297862 -0.00396155609717944 -0.09372516069791843	0.014474117586747052 0.09372515903999337 0.009150486981321183
0.01067738435763978 -0.003586040165270695 -0.015110403910616202	-0.0035860400158545104 -0.0017963175490271852 -0.09420482123780606	0.015110403869966336 0.09420481951265756 0.01603132460020691
0.013592751757129744 -0.0028841753809930137 -0.014593066585564602	-0.002884175241487476 -0.0008608156750302149 -0.09298117103941993	0.014593066596423298 0.09298116946439051 0.027965830320421735
0.011421472227837143 -0.0047736720944712915 -0.015278605912291764	-0.0047736720337151085 -0.003977858391809952 -0.09309304300506376	0.015278605845859033 0.09309304122740801 0.020184410864957585
0.009797736131283883 -0.0041705633908466645 -0.014219851478082472	-0.004170563309856856 -0.007591543903422041 -0.0943384039611649	0.01421985133279316 0.09433840368061505 0.01397625714741647
0.013726915934355967 -0.005531708139476801 -0.014769237676490549	-0.005531708551834677 -0.002363774073282844 -0.09163291552149509	0.014769236392045026 0.09163291701843625 0.03067149555207207
0.014754754776818707 -0.00509254436646075 -0.014629568092863997	-0.0050925440202920155 0.0002233958520637784 -0.09399911986121984	0.014629567641242312 0.09399911914343459 0.02395516894441343
0.009599251565751747 -0.004752837219637937 -0.014813976969644978	-0.004752836993727015 -0.00405270757981448 -0.09450584089714728	0.014813977996105284 0.09450583776691773 0.010446239887768365
0.011234061238558784 -0.0031463102645426064 -0.014172923319999052	-0.003146309951484122 -0.0028078389544940116 -0.09424828505841386	0.014172923540390764 0.094248284590148 0.020410822664956335
0.012287164377266738 -0.003646971392205733 -0.015431020734088394	-0.0036469719301668964 0.0011890432236891773 -0.09260753984977829	0.015431019168391895 0.09260754217645618 0.03038441514122804
0.011871895169299457 -0.004381246405431824 -0.014189076663598064	-0.004381246123564538 -0.000629785096327681 -0.09422751086614899	0.014189075397437474 0.09422751092319533 0.023030591146099434
0.00781855658079219 -0.004074115076778521 -0.0144010680730607	-0.004074115005944697 -0.0049228982102482235 -0.09395177912771217	0.014401068227546488 0.09395177683439954 0.00945278082537044
0.008230471761359734 -0.003555322964948517 -0.015037395481539019	-0.0035553225863565207 -0.0062292744264987095 -0.09500428374994027	0.015037396253163308 0.0950042817814682 0.020890874933688703
0.008953085010556056 -0.003957327989083552 -0.014086314736914643	-0.003957328185585446 -0.00329863356385794 -0.0943545883114443	0.014086314580105196 0.0943545881405994 0.023338411126276874
0.006282420471465098 -0.004383076269484652 -0.01505881857587578	-0.0043830759877272595 -0.008494260264465855 -0.09195085513194626	0.015058818349731128 0.0919508529777712 0.005357982242894617
0.006368040543078988 -0.0035006484553962752 -0.014617001639844602	-0.003500648425927042 -0.005117752151584517 -0.09507153272794462	0.014617001325095729 0.09507153104215495 0.0122186346083476
0.01081232060104472 -0.003403872608432733 -0.014982039694974338	-0.0034038724970984415 -0.002558993961120311 -0.09331573661700657	0.014982039499270523 0.093315735077308 0.026122737682904906
0.012015158510452307 -0.0027907430935299408 -0.015625763027759396	-0.0027907427769269955 -0.007313819074616191 -0.09428209957616746	0.01562576334250149 0.09428209779451226 0.018364915292037008
0.008709522919377235 -0.004405211165462851 -0.01626412865965073	-0.004405210877414139 -0.010468947333113971 -0.09290577310727574	0.016264129636981373 0.09290576986411461 0.004876670272538476
0.009974728343699071 -0.003526781884983555 -0.01605704511903966	-0.0035267826498713182 -0.013870246127312273 -0.09114768914405835	0.016057042082980047 0.09114769298573601 0.01782649373757302
0.012740479599498585 -0.003947080908905734 -0.015292377721991483	-0.003947080323045548 -0.003297013448006012 -0.09491521253160455	0.015292376899373402 0.09491521242797003 0.022076244580079757
0.012283872556528967 -0.00546135836699412 -0.015184448308304618	-0.005461358158179231 -0.000026201149788110736 -0.09353409286095449	0.015184450145884137 0.09353408914281347 0.01613192136535811
0.010119438981103592 -0.004234337774736876 -0.014950021654139226	-0.00423433707355079 -0.0027424312802597182 -0.09464443552629932	0.014950022541734304 0.09464443387567123 0.01692043039648511
0.011208283006093993 -0.003376472328395718 -0.01472810902804969	-0.003376472879111644 -0.004957749574176846 -0.0929974010281856	0.014728107170512525 0.0929974031344772 0.027118822485252773
0.009089553009857202 -0.0035188464776556012 -0.014146817846980981	-0.0035188461594035424 -0.0008767595888623924 -0.09486128253163516	0.01414681647500313 0.09486128209523412 0.019051475272774947
0.012758162367953158 -0.004622178504796661 -0.015701758987401865	-0.0046221785294678665 -0.001480010501475391 -0.09282283154597973	0.0157017592410969 0.09282282875411546 0.01671120785381529
0.008485933298017476 -0.004180253877658144 -0.014937887350892139	-0.004180253470415106 -0.006208542668659854 -0.09273887170125301	0.014937888237030066 0.09273886940518096 0.015996573849947463
0.010594640488482255 -0.003714941792000999 -0.014314504307038022	-0.003714941604203493 -0.0036548236555202316 -0.09327975404595733	0.014314504632627748 0.0932797528436889 0.01912496174541447
0.00790093523152529 -0.0040373745250960585 -0.014304172572372452	-0.004037374320555567 -0.002276910298736135 -0.0933077537858699	0.014304172616798404 0.09330775088543827 0.014278486355358748
0.006376779712286066 -0.0030000078960305872 -0.014490255024548631	-0.003000007700362712 -0.006584518586984233 -0.09394761872310732	0.014490254256638344 0.0939476173164387 0.010363860336417135
0.008999373920451368 -0.0031568067125738357 -0.016030495453665236	-0.003156806926347175 -0.005410876000805698 -0.0928124874228223	0.016030494125406865 0.09281248815049334 0.021759648742211722
0.01161369061459741 -0.0031314345039640612 -0.015791761278295756	-0.0031314337819732395 -0.004584268701321162 -0.09288092584900552	0.01579176188008568 0.0928809241720045 0.020718078087301785
0.009696873234749534 -0.0035792716293349186 -0.015920016552303667	-0.003579271387985891 -0.008657975428227981 -0.09311427417812027	0.01592001824317373 0.09311427050832796 0.010296081170547056
0.006181345708060462 -0.0027497011771046376 -0.01473916563236376	-0.002749700750126224 -0.012225954295063951 -0.09408219651311671	0.014739164963327174 0.0940821963087147 0.0076368726459993905
