-0.0008050270357096391 -0.0004329346136694636 0.01858598372174892	-0.0004329346136690143 -0.002566856474121852 -0.10257502746202432	-0.018585983721740244 0.10257502746203698 -0.0018595304357425114
-0.0005732692006348526 -0.0008462987991170986 0.019361731483891968	-0.0008462987991179854 0.0006745622717041402 -0.10316357494691253	-0.01936173148389165 0.10316357494692009 -0.001013211546819679
-0.00038564411844934157 0.00021720126976397395 0.018674743998876114	0.00021720126976328483 0.00011699758706227702 -0.10446324217406695	-0.018674743998867767 0.1044632421740695 -0.00019356947199556046
-0.0007892162854326317 -0.000051392177859383836 0.017928822751428194	-0.00005139217785825323 -0.0003759560026546649 -0.10173784308346479	-0.017928822751432746 0.10173784308346673 -0.00004366923646416301
-0.0010752187350365726 -0.00002332235030588596 0.017758748577590997	-0.000023322350304881556 -0.0001521771949474244 -0.10402143310507828	-0.01775874857759462 0.10402143310507812 0.00015553912794413326
-0.0005268178164098535 0.00014875183142157864 0.016911355448392677	0.0001487518314182961 0.000024763957905011083 -0.10397532478178463	-0.01691135544839511 0.1039753247817782 -0.0002688857037292888
-0.0006006668789770814 -0.0012393609886872498 0.019622209584823976	-0.001239360988683243 0.0005011746672671964 -0.10404137072050276	-0.01962220958482836 0.10404137072048768 -0.0011751883779173126
-0.001376677442212858 -0.001452583130622619 0.02009829281173453	-0.0014525831306224576 -0.00023920400392520372 -0.10066822842225054	-0.020098292811737778 0.10066822842225942 -0.001696102989482085
-0.00033064260798637383 0.00010042476041773052 0.016773232160960688	0.00010042476042040199 0.00035360985074152536 -0.1054757154294071	-0.016773232160959092 0.10547571542940062 -0.00011591140955164586
-0.0005510968346982294 -0.00006809913477321371 0.01851065247803912	-0.00006809913477051621 0.0003942382598999569 -0.10336524996714914	-0.018510652478034927 0.10336524996715293 0.000611189035456876
0.00006095033174705229 -0.00003779354371515964 0.017833155539314686	-0.00003779354371619137 0.00042932504284967296 -0.10245268383940186	-0.017833155539316574 0.10245268383940745 -0.000011051207007590092
0.00017226238969929525 -0.00006014506515605736 0.017498733344267516	-0.00006014506515961875 0.0010247886559539153 -0.10353518864694572	-0.017498733344259255 0.10353518864694052 -0.0004992047913940502
-0.0006242505520432946 -0.0009570724946206849 0.01742951625530735	-0.0009570724946214176 0.0006461618502342694 -0.10411292262673452	-0.017429516255310203 0.10411292262672134 -0.0018360747290330154
0.0018707741800152236 -0.0004173194416718408 0.01786375079748899	-0.0004173194416724167 0.0003059625819918071 -0.10033182335418736	-0.01786375079747726 0.10033182335418733 -0.0013394682295283442
-0.002843361061112208 -0.0005685966530216647 0.020142433869604848	-0.0005685966530232971 0.0001664956741018143 -0.10343606825375391	-0.02014243386961181 0.10343606825374611 -0.000012601520404719423
-0.0011330433928829955 -0.0009824963850350549 0.01945403502645413	-0.0009824963850351316 0.00018506367378495411 -0.10285970965069058	-0.019454035026449806 0.10285970965069734 -0.001928505482290177
0.002268421408595506 -0.0011337436348620262 0.02024964285681527	-0.0011337436348610218 0.0015679634934396332 -0.10341652831845748	-0.020249642856824752 0.1034165283184714 0.00005739056876153531
0.000021103940042714424 0.00006912438003543308 0.017640428710940445	0.00006912438003552459 0.0003391610538737676 -0.10364128769851058	-0.017640428710942575 0.10364128769851037 0.0004022371255417677
0.0009482677860812375 0.000175949308430335 0.01659143204094483	0.00017594930842997937 -0.00006251102395816478 -0.10252981475906693	-0.016591432040943103 0.10252981475906746 0.00025764897191581787
0.001590796346415132 -0.0002557315960574156 0.018556138104056073	-0.0002557315960572265 -0.001396175622260491 -0.1026517976975185	-0.01855613810406451 0.10265179769750753 0.002283285550868902
0.0021759076690370657 -0.00019419662594396137 0.01695763033036367	-0.00019419662594073587 0.0003926628162058861 -0.10385573021722769	-0.016957630330367825 0.10385573021721624 0.0013589655999930875
0.0029691474898734375 0.000016842414863773745 0.017213317566099184	0.00001684241485963838 0.0003910928579496714 -0.10359296018311724	-0.01721331756608346 0.1035929601831131 0.0002750122174148173
-0.0012036136970852386 -0.0010849643565198196 0.018478928351061963	-0.0010849643565178572 -0.0034864345696611534 -0.10195527217624704	-0.018478928351049532 0.10195527217624872 -0.0012366742238863406
-0.0001103619516924564 -0.00007882858912698631 0.01787996317175807	-0.0000788285891274252 -0.0020859875887971014 -0.10481333573982597	-0.017879963171755824 0.10481333573981931 0.00039975612346831915
0.002042108882359948 0.000983758134294836 0.01929218990497149	0.0009837581342952624 -0.0012451308264325237 -0.10377383846493483	-0.019292189904970544 0.10377383846492463 0.002202268549017967
-0.00003842217700981542 -0.00017394724896595444 0.018874392507094773	-0.00017394724896575842 -0.0009179581907828886 -0.10160530553223855	-0.018874392507092677 0.10160530553223968 -0.00012701132138468168
-0.00041106964448206235 0.00001809445076794854 0.01790257274112616	0.000018094450768315652 -0.00011349636434713692 -0.10442440514758482	-0.01790257274112877 0.10442440514758106 -0.00023535526280745833
-0.0015254638148774298 -0.0011925774827078635 0.01836861333052597	-0.0011925774827065733 -0.0025770357743887147 -0.10367119867146439	-0.018368613330538897 0.10367119867144248 -0.0015150622723075942
-0.0009635628073463324 -0.0009515093232054825 0.017482543396610678	-0.0009515093232035855 0.00021556138036163755 -0.10447032028659094	-0.017482543396612163 0.10447032028658208 -0.0012414367191379509
-0.0010098658043406312 -0.001165375532113348 0.017791593647279735	-0.0011653755321103226 0.00011162307698422014 -0.10296059815323841	-0.0177915936472721 0.10296059815323744 0.0002471257349184342
-0.0011284505190307858 -0.00009086111787794029 0.018311929800884606	-0.00009086111787684915 -0.0003219709736479587 -0.10394357840073412	-0.018311929800879707 0.10394357840073445 -0.001074401400431072
0.000140756547762745 -0.000024722364051072733 0.017297018651751664	-0.00002472236405289376 0.0005217769211013773 -0.1034264567442202	-0.01729701865174839 0.1034264567442176 0.00018665733520558878
0.0028574946971317693 0.000125145041472121 0.017672427249171962	0.00012514504146966463 -0.00023537632394447696 -0.10582773982201096	-0.017672427249183525 0.1058277398220078 0.0014768498789554342
-0.0000470427913699333 -0.0002690447443411976 0.017174321478042598	-0.0002690447443419817 -0.00046781346798738894 -0.10386520018688732	-0.01717432147805159 0.10386520018687612 0.0003675373375802791
-0.00003167782540010322 -0.0004941512113247107 0.01865529840022566	-0.0004941512113218064 0.0005465943066311511 -0.10486905151225837	-0.018655298400227765 0.10486905151225057 0.0002568139593296273
0.0028904999707060693 0.0002150505827819161 0.01872150503328351	0.0002150505827799411 -0.0029249175241173988 -0.10399497510333161	-0.018721505033274036 0.10399497510333632 -0.0014898567920056506
0.0008419487881947928 -0.0003838231513736065 0.01940603973482568	-0.0003838231513722313 -0.00196275951777713 -0.10210890275829787	-0.019406039734813606 0.10210890275829528 -0.0004629438215004774
0.0019646408187623072 0.0008910291934127344 0.01765587878409409	0.0008910291934102433 -0.001228168400080329 -0.10518971832490087	-0.01765587878407405 0.10518971832489987 0.0003207149895173324
0.0024926581797005427 -0.00008139867740878997 0.020065452034588226	-0.00008139867740706653 -0.003347899399167256 -0.10173503356616735	-0.020065452034574 0.10173503356617529 -0.0016505218779122727
-0.0003223525283220473 -0.00036819163365168356 0.01863830814150467	-0.00036819163364884035 0.0003250438424175321 -0.1018096017013652	-0.018638308141505144 0.10180960170136358 0.00017851256220032495
-0.0000258989284621855 0.0002594818510357022 0.01727480630361212	0.0002594818510350222 -0.00029002360452305004 -0.103363210798558	-0.017274806303620886 0.10336321079854885 -0.0008705576942492368
0.000550271027051238 0.00011845017289885407 0.01771036469233412	0.00011845017289932938 -0.002795848199170251 -0.10382649951957074	-0.017710364692355825 0.10382649951954187 0.00023662478697064615
-0.00018017154908858777 0.00007056426208186658 0.0182969181351299	0.00007056426208173626 0.000041272895648657854 -0.10484622398706737	-0.01829691813512978 0.10484622398706245 0.00007919511427829581
-0.00021246306657547124 0.00014046326145473196 0.01771345682051923	0.00014046326145602107 0.00030442123007696847 -0.10371099620120516	-0.017713456820517053 0.1037109962012035 -8.143092840872746e-6
0.000479543625280722 -0.000991523377809464 0.016823931420364164	-0.0009915233778145273 -0.000015637155670024383 -0.10088163176875685	-0.016823931420370777 0.10088163176877256 0.0004954255637526425
-0.0005960811394997668 -0.000016891888445115 0.017330228308599926	-0.00001689188844360319 -0.00008998915676427383 -0.10114783057009905	-0.017330228308589164 0.10114783057008966 0.00009838629178042643
0.0008183016374823156 -0.00015023672712571445 0.016118782672132157	-0.00015023672712583067 -0.000028060200456320704 -0.10198270217844257	-0.016118782672127782 0.1019827021784415 -0.00005707338570908483
0.00006309149934975895 0.00025937585524920485 0.01664904652440954	0.0002593758552497565 -0.00027512929354295626 -0.1026197826076862	-0.016649046524422104 0.10261978260767139 -0.0008267757229954409
-0.0007366042153769178 -0.00035192191561610013 0.01808020670693164	-0.0003519219156161539 -0.0005682880065791237 -0.10386149566061496	-0.018080206706934394 0.10386149566060532 -0.0010322933899311534
-0.00026563279532155776 -0.0004487370912103182 0.02066018954828823	-0.00044873709121087246 -0.0005655080409186332 -0.10596105882987611	-0.020660189548287806 0.10596105882987086 0.0000812388227095721
0.0007767182217416181 0.00064640375071695 0.017116223595201645	0.000646403750715845 -0.001042041612883706 -0.10244669804871967	-0.017116223595197953 0.10244669804873191 -0.001216449842208987
-0.000499233219532508 -0.000020623157932409333 0.018928122366569704	-0.000020623157930005007 -0.0003927351270665855 -0.10108074678968475	-0.018928122366554646 0.10108074678967588 -0.001664417139578843
-0.00046482777172392187 0.0000474469365115528 0.02042872022785713	0.00004744693651246006 -0.000495131556914807 -0.10347233779921268	-0.020428720227837285 0.10347233779920212 -0.0007785184858864589
0.0006750181599649912 -0.0001761055395182124 0.01746889692049663	-0.00017610553951774056 -0.0011984439869000135 -0.10458031310344328	-0.01746889692049154 0.10458031310344895 -0.0015010342777642843
0.00014158185079938407 -0.00028814500295614104 0.018267018582143968	-0.0002881450029558123 0.00006322959679008148 -0.10417781779903554	-0.018267018582142393 0.10417781779903285 0.00042572632143284233
0.00007281535466068835 -0.00030727983054114685 0.020391444256892717	-0.00030727983054016847 0.0005953684834070433 -0.10516507985173532	-0.02039144425690559 0.10516507985173423 -0.00041563882175469366
0.00047485758498667496 -0.00020789414542172297 0.01753529894758335	-0.00020789414542168698 0.000033134130148949545 -0.1037001142639345	-0.017535298947598425 0.10370011426393526 0.0005640159270552322
0.00007072388791373209 0.00023500332542595887 0.017959621562135403	0.00023500332542708384 -0.0009630764492263161 -0.10116768333638701	-0.01795962156213772 0.10116768333638458 0.00016542591331350498
0.000224918173996844 -0.00008997118728870223 0.01752456246067329	-0.0000899711872904105 0.000523053004025234 -0.10231578587600564	-0.017524562460660115 0.10231578587600135 -0.00008413581810248847
-0.0003919450690806547 0.000131466813072547 0.01715799497936385	0.00013146681307529134 0.00019319251265338504 -0.10332293690988789	-0.017157994979361917 0.10332293690988939 0.000047712633889317874
-0.00019589329016526068 -0.00016141198417203226 0.017797362473537928	-0.00016141198417359698 0.0007880140594755626 -0.10473324314295623	-0.01779736247353502 0.1047332431429523 0.000630676267163714
0.0019180349736890165 0.0009700918120278818 0.018356845607894263	0.0009700918120273045 -0.0013800274074413522 -0.10319349594705467	-0.01835684560789904 0.10319349594703905 0.001992966244917809
-5.466697893972191e-6 -0.00046461510120059547 0.018425673812283126	-0.00046461510120025286 0.0005222571585104677 -0.10477571802440945	-0.01842567381228831 0.10477571802440504 0.00007484144137778173
0.0002559242734205083 -0.00044444239238724224 0.020231704764112506	-0.0004444423923869265 -0.0001490345955543603 -0.1050734781011886	-0.020231704764112658 0.10507347810118532 0.00008191400294532366
0.0007050322524376545 -0.00016051383833778216 0.020953674185265718	-0.00016051383833762776 -0.009582140236241245 -0.1033269918282792	-0.020953674185263338 0.10332699182826481 -0.0002403812900617511
0.0005872352968525328 0.0002642982735130972 0.01808773061125533	0.00026429827351489524 -0.0009234641252608838 -0.10430852815509313	-0.01808773061124613 0.10430852815508769 -0.0003450616106257338
0.00167870827586883 0.0004939214364512805 0.017446760741250185	0.0004939214364528522 -0.00030762906170236047 -0.10287676996017048	-0.017446760741242497 0.10287676996016565 0.00039372508393178095
-0.00009180779128889439 -0.0005790147589616271 0.02204962996126998	-0.0005790147589609896 -0.0017673076959704628 -0.09661669897321426	-0.022049629961266186 0.09661669897320271 0.00029732122876761176
0.0008778265869869295 -0.0002880605784652398 0.01672406329159854	-0.00028806057846557896 -0.0007350238823798996 -0.10115656824222326	-0.016724063291596206 0.10115656824221873 0.00008294970735831745
0.009845212231669898 -0.00010742206591464465 0.01642780693352223	-0.00010742206591312503 0.00016602707617541582 -0.10150992609463871	-0.016427806933516483 0.1015099260946233 0.002713639647476134
0.0007266261249127852 -0.0004901055996440187 0.018257863862108786	-0.0004901055996431695 0.0005670816067208997 -0.10354690414312691	-0.01825786386211287 0.10354690414313106 0.0006488033955177738
-0.0002643531172892826 -0.0005063463375516086 0.018527964188946974	-0.0005063463375513874 0.00037280455418486035 -0.10204339186946414	-0.018527964188951376 0.10204339186946393 0.000264492294028083
0.002090667327454645 -0.0003071646475252803 0.01914988963520005	-0.0003071646475268641 -0.0009350026884291929 -0.103891680910285	-0.019149889635198425 0.10389168091027444 0.002256694937333454
0.00026932442498279856 -0.00010662062640624998 0.017935100116864024	-0.0001066206264066494 0.0010784928287275997 -0.1028304515002754	-0.017935100116856333 0.10283045150027569 0.0004780594361165943
0.00012685635974898045 -0.0008166192434358056 0.017351531546250045	-0.0008166192434330647 0.0002804940131597312 -0.10162523233352135	-0.017351531546245587 0.10162523233351876 0.00005027841435587335
-0.0004745025465550316 0.00008808743746053626 0.017565700120941326	0.00008808743745947721 0.000164067861004695 -0.10423473817349449	-0.017565700120953483 0.10423473817349412 -0.0002275885711666098
0.0020919078639276708 0.00006443262243409874 0.01720668366880886	0.000064432622433757 0.00039145940681451115 -0.10335968330777841	-0.01720668366880816 0.10335968330776742 0.0013070946447515095
0.0029530301742627407 -7.844869317397054e-6 0.01877897005072983	-7.844869318129541e-6 -0.002942276905889364 -0.10416093649430581	-0.01877897005070982 0.10416093649430443 -0.001424024010557719
0.0006141089135001405 -0.00013289333127166313 0.01717324570088771	-0.00013289333127238694 -0.0011842974916845897 -0.10241770865373885	-0.01717324570087181 0.10241770865373803 -0.001404250014327953
0.0006560894658823356 -0.00011236733054798519 0.01683301874242172	-0.00011236733054675223 -0.000902629031953572 -0.10423119741533476	-0.016833018742414094 0.10423119741533006 -0.00020987853476540593
0.0007489493204049392 1.4278951234441423e-6 0.018445999217015632	1.4278951215086245e-6 -0.00025383464686199245 -0.09937778337080214	-0.018445999217019306 0.0993777833708004 -0.0007928684829919485
0.00023469755744860363 0.0001921587004139651 0.01493681875442848	0.0001921587004094609 0.0002562442641998418 -0.10451296235165743	-0.014936818754439982 0.10451296235165619 -0.0001858959567164445
0.000053603135595855014 0.00009449469903263872 0.018814608087775603	0.00009449469903368346 -0.00023549638094523886 -0.09448918329595352	-0.018814608087786483 0.09448918329595592 -0.0008338408486976631
-0.00025448142923239613 -0.0001149725243715493 0.017089678394140204	-0.00011497252437381311 -0.001392847108378214 -0.09947829776400902	-0.017089678394142015 0.09947829776399991 -0.0008167880488971812
0.0008835905803971714 0.00031583936631582885 0.017329766641171584	0.0003158393663163688 -0.0005162115975842485 -0.10100063786058938	-0.017329766641168386 0.10100063786058806 0.00005658970013957144
0.000698551855567755 0.0005700518392618755 0.016690227327264898	0.0005700518392608763 -0.0013353586492548652 -0.10405681364488167	-0.016690227327246315 0.1040568136448775 -0.0012680312551571538
0.0024478933034255447 0.00025992747418677564 0.01985258305964832	0.0002599274741889805 -0.0032411184255692616 -0.10193386661325009	-0.01985258305962293 0.10193386661325 -0.0016281623850986837
-0.00021608165476521483 -0.0001656023151713178 0.01840479577114224	-0.0001656023151767284 -0.0021734351473257987 -0.10583197026836087	-0.01840479577113829 0.10583197026835314 0.0003206400458197244
-0.0002974900181382102 0.0001285748918502098 0.017266457512060025	0.0001285748918530582 0.0002555975696840358 -0.10581219789432694	-0.01726645751206813 0.10581219789432647 -0.00021805914911187177
-0.0004373425823542953 0.00009738850815250132 0.01720206456840921	0.0000973885081493684 0.0002606785376705989 -0.10411135529395314	-0.017202064568416588 0.10411135529395826 0.000239824550706928
-0.000165567670115429 -0.0014520465240976015 0.018270595789735517	-0.0014520465240974016 0.0009886452110029545 -0.10297664148891217	-0.01827059578973933 0.10297664148889281 -0.0013374116650442876
0.00344579981301537 -0.0010078100768037205 0.016833886078543057	-0.0010078100768057324 0.0014350793316899157 -0.10339497687241757	-0.01683388607853415 0.10339497687241919 0.00026288609443602187
0.001467526876643351 0.0009062835240082178 0.01875105399777981	0.000906283524009181 -0.001987680110924362 -0.10231466988160852	-0.018751053997762814 0.1023146698815989 0.0003168201457042436
0.0002577944174929625 -0.000013607943495195715 0.0172304843817338	-0.00001360794349667023 0.0001091670726601178 -0.10104147323257086	-0.01723048438173267 0.10104147323258124 -0.0005116558304836425
0.002021310224129623 -0.0005102948670826319 0.01650488285787068	-0.0005102948670831272 0.00043817267870050955 -0.103476940987312	-0.01650488285787059 0.10347694098731494 0.0009676800469630648
-0.00004229450922972264 0.0000918242526705285 0.013369652044217868	0.00009182425266601648 -0.00028566308501598234 -0.10369132293871945	-0.013369652044225324 0.10369132293871747 -0.0008857353870118942
0.001999224544555654 0.00003831625400081695 -0.0002927201880884925	0.00003831625400483197 0.0007872195220773939 -0.0979308476315315	0.00029272018808331607 0.09793084763152209 0.0046860487493152764
0.0004499273562200102 -0.000017980688317200885 0.006934726473648109	-0.00001798068832165045 -0.0008629483653018401 -0.10747638019901244	-0.006934726473657608 0.10747638019899636 0.004208557445802423
-0.00034233658767151773 -2.746289480578916e-6 0.019430479211411784	-2.746289479708952e-6 -0.0004872308329552811 -0.09449123826832306	-0.01943047921141306 0.09449123826831952 -0.0005330262094767283
0.000526486792285427 0.0005094091017155359 0.020886147801667903	0.0005094091017161639 -0.0015515544043679108 -0.09519686122590212	-0.020886147801672025 0.09519686122589556 -0.00009426235599196888
-0.00014083301920814195 -0.00005753580309456833 0.018543008054186176	-0.000057535803095854626 5.498638435427403e-6 -0.10147142773053988	-0.018543008054183754 0.10147142773054409 -0.0016364432988147492
0.001795645321993401 -0.0003580388621616604 0.017007263214933087	-0.00035803886216436744 -0.0007832625354349428 -0.10402085845214193	-0.017007263214908447 0.10402085845213421 -0.00031985577650514964
-0.0001854532726583251 0.00002209928867577711 0.018499739742084367	0.000022099288679480744 -0.0030477255023857383 -0.10128946040574392	-0.018499739742081328 0.10128946040575619 -0.0010046050054105596
-0.0008271261053836056 -0.0013382450268693792 0.019704814943392122	-0.0013382450268735087 0.00007012416956125173 -0.10049350683322762	-0.01970481494339582 0.1004935068332394 -0.0015598052390779441
-0.00044013830310920665 -0.0014649973831617129 0.018775670512668548	-0.0014649973831617966 0.0016021151157372265 -0.10187950198644433	-0.018775670512680653 0.10187950198643618 0.00042417704729874844
-0.0008271261053837626 -0.0013382450268692074 0.019704814943392154	-0.0013382450268735902 0.00007012416956147377 -0.10049350683322773	-0.01970481494339591 0.10049350683323968 -0.0015598052390781115
-0.0001854532726584361 0.0000220992886757255 0.018499739742084437	0.00002209928867936235 -0.0030477255023857504 -0.10128946040574388	-0.018499739742081453 0.10128946040575615 -0.0010046050054105561
0.0017956453219933892 -0.00035803886216165346 0.017007263214932986	-0.0003580388621642651 -0.0007832625354347485 -0.10402085845214169	-0.017007263214908513 0.1040208584521342 -0.00031985577650520624
-0.00014083301920812894 -0.00005753580309447205 0.018543008054186093	-0.00005753580309593963 5.498638435481179e-6 -0.10147142773053963	-0.018543008054183654 0.1014714277305442 -0.0016364432988148125
0.000526486792285309 0.0005094091017154526 0.020886147801667993	0.0005094091017162333 -0.001551554404367994 -0.09519686122590189	-0.020886147801672163 0.09519686122589577 -0.0000942623559918739
-0.0003423365876712471 -2.746289480509527e-6 0.0194304792114121	-2.7462894795497912e-6 -0.0004872308329553045 -0.09449123826832312	-0.019430479211413085 0.09449123826831943 -0.0005330262094766138
0.0004499273562201152 -0.000017980688317263335 0.006934726473648163	-0.00001798068832180484 -0.0008629483653016926 -0.10747638019901233	-0.0069347264736576986 0.10747638019899627 0.004208557445802343
0.001999224544555604 0.00003831625400076057 -0.0002927201880883745	0.000038316254004896154 0.0007872195220774494 -0.09793084763153151	0.0002927201880832467 0.09793084763152221 0.004686048749315198
-0.00004229450922967233 0.00009182425267046691 0.013369652044217892	0.00009182425266608847 -0.0002856630850161766 -0.10369132293871952	-0.013369652044225414 0.10369132293871762 -0.0008857353870121154
0.0020213102241296585 -0.0005102948670827143 0.016504882857870724	-0.0005102948670831324 0.00043817267870058935 -0.1034769409873121	-0.01650488285787061 0.10347694098731502 0.000967680046963083
0.0002577944174928914 -0.000013607943495044794 0.01723048438173371	-0.000013607943496648546 0.0001091670726601629 -0.10104147323257093	-0.017230484381732802 0.10104147323258114 -0.0005116558304835883
0.0014675268766433476 0.0009062835240081931 0.018751053997779946	0.000906283524009188 -0.0019876801109244904 -0.10231466988160838	-0.018751053997762654 0.10231466988159885 0.00031682014570424705
0.00344579981301525 -0.001007810076803668 0.016833886078543144	-0.00100781007680563 0.0014350793316898983 -0.10339497687241782	-0.016833886078534307 0.10339497687241923 0.00026288609443612075
-0.00016556767011559597 -0.0014520465240976384 0.01827059578973553	-0.0014520465240973747 0.0009886452110030274 -0.1029766414889122	-0.018270595789739247 0.10297664148889282 -0.0013374116650442403
-0.00044013830310927083 -0.0014649973831617532 0.018775670512668423	-0.0014649973831619024 0.0016021151157372664 -0.10187950198644441	-0.018775670512680503 0.1018795019864362 0.00042417704729872286
-0.0002974900181381226 0.000128574891850264 0.01726645751206002	0.00012857489185316793 0.0002555975696839699 -0.10581219789432689	-0.017266457512067998 0.10581219789432647 -0.00021805914911188044
-0.00021608165476536684 -0.00016560231517155632 0.018404795771142183	-0.00016560231517675095 -0.0021734351473255984 -0.10583197026836111	-0.01840479577113833 0.10583197026835306 0.000320640045819861
0.00244789330342545 0.00025992747418695583 0.019852583059648325	0.0002599274741889048 -0.003241118425569199 -0.10193386661324999	-0.019852583059622963 0.10193386661325028 -0.0016281623850987435
0.0006985518555677039 0.0005700518392616986 0.01669022732726493	0.0005700518392609249 -0.001335358649254808 -0.10405681364488169	-0.016690227327246204 0.10405681364487755 -0.0012680312551570003
0.0008835905803973145 0.0003158393663157985 0.017329766641171574	0.000315839366316413 -0.0005162115975841861 -0.10100063786058927	-0.017329766641168566 0.10100063786058813 0.00005658970013932771
-0.00025448142923241955 -0.00011497252437156838 0.01708967839414036	-0.00011497252437382526 -0.0013928471083782205 -0.09947829776400896	-0.017089678394142157 0.09947829776399994 -0.0008167880488970354
0.00005360313559575874 0.00009449469903271895 0.018814608087775707	0.00009449469903350608 -0.00023549638094530478 -0.09448918329595342	-0.018814608087786684 0.09448918329595574 -0.0008338408486976215
0.00023469755744856893 0.00019215870041401194 0.014936818754428502	0.00019215870040946437 0.0002562442641998487 -0.10451296235165744	-0.014936818754439859 0.10451296235165597 -0.000185895956716268
0.0007489493204048876 1.427895123331819e-6 0.018445999217015677	1.4278951213520658e-6 -0.00025383464686197163 -0.09937778337080225	-0.01844599921701929 0.09937778337080032 -0.0007928684829920487
0.0006560894658821891 -0.00011236733054815172 0.01683301874242161	-0.0001123673305467106 -0.0009026290319536175 -0.10423119741533493	-0.016833018742414208 0.10423119741533045 -0.00020987853476553105
0.0006141089135000104 -0.000132893331271762 0.017173245700887727	-0.00013289333127234834 -0.0011842974916844058 -0.10241770865373888	-0.017173245700871892 0.1024177086537378 -0.0014042500143279248
0.0029530301742629406 -7.844869317387947e-6 0.018778970050729815	-7.844869317996835e-6 -0.0029422769058892427 -0.10416093649430563	-0.01877897005070994 0.10416093649430454 -0.001424024010557588
0.0020919078639275975 0.00006443262243422494 0.017206683668808856	0.00006443262243384677 0.0003914594068145927 -0.10335968330777864	-0.017206683668808346 0.10335968330776737 0.001307094644751921
-0.0004745025465548373 0.00008808743746069238 0.017565700120941396	0.00008808743745965849 0.00016406786100466378 -0.10423473817349471	-0.017565700120953598 0.10423473817349402 -0.0002275885711667063
-0.00043734258235420854 0.00009738850815241805 0.01720206456840923	0.00009738850814927126 0.00026067853767073506 -0.1041113552939531	-0.01720206456841639 0.10411135529395842 0.00023982455070687726
0.0002693244249829547 -0.00010662062640621616 0.01793510011686415	-0.00010662062640652776 0.00107849282872767 -0.10283045150027542	-0.017935100116856548 0.10283045150027567 0.00047805943611668495
0.002090667327454797 -0.000307164647525325 0.019149889635200038	-0.0003071646475269322 -0.0009350026884292241 -0.10389168091028515	-0.019149889635198734 0.10389168091027452 0.0022566949373334505
-0.0002643531172891859 -0.0005063463375515899 0.018527964188946974	-0.0005063463375512356 0.000372804554184843 -0.1020433918694643	-0.018527964188951328 0.10204339186946385 0.00026449229402794247
0.0007266261249128788 -0.000490105599644154 0.018257863862108672	-0.0004901055996430841 0.0005670816067209093 -0.10354690414312664	-0.01825786386211298 0.103546904143131 0.0006488033955176645
0.009845212231669941 -0.00010742206591476261 0.016427806933522	-0.00010742206591298625 0.00016602707617537592 -0.10150992609463862	-0.016427806933516382 0.10150992609462312 0.002713639647475942
0.0008778265869869972 -0.00028806057846537904 0.01672406329159852	-0.0002880605784656158 -0.0007350238823798996 -0.1011565682422232	-0.01672406329159612 0.10115656824221883 0.00008294970735824199
-0.0000918077912889408 -0.000579014758961569 0.022049629961269947	-0.0005790147589608864 -0.001767307695970513 -0.09661669897321425	-0.022049629961266345 0.09661669897320287 0.00029732122876770933
0.0016787082758688812 0.0004939214364512985 0.017446760741250164	0.0004939214364529324 -0.00030762906170252874 -0.10287676996017074	-0.017446760741242514 0.10287676996016543 0.0003937250839317749
0.0005872352968524096 0.0002642982735130252 0.018087730611255362	0.000264298273514838 -0.0009234641252608977 -0.104308528155093	-0.018087730611246113 0.10430852815508773 -0.0003450616106255751
0.000705032252437494 -0.00016051383833777695 0.020953674185265544	-0.00016051383833764424 -0.009582140236241378 -0.1033269918282791	-0.020953674185263525 0.1033269918282648 -0.0002403812900618205
0.000255924273420592 -0.0004444423923872414 0.020231704764112374	-0.00044444239238680076 -0.00014903459555440889 -0.10507347810118833	-0.020231704764112745 0.10507347810118511 0.00008191400294559796
-5.466697894027702e-6 -0.00046461510120070736 0.018425673812282967	-0.0004646151012001514 0.000522257158510397 -0.10477571802440916	-0.018425673812288462 0.10477571802440513 0.00007484144137783269
0.0019180349736889054 0.0009700918120278527 0.01835684560789419	0.0009700918120273791 -0.001380027407441295 -0.10319349594705463	-0.018356845607898933 0.103193495947039 0.001992966244917796
-0.00019589329016529797 -0.00016141198417194032 0.017797362473538192	-0.0001614119841735137 0.0007880140594753041 -0.10473324314295622	-0.01779736247353493 0.10473324314295217 0.0006306762671636238
0.00012685635974908713 -0.0008166192434357171 0.017351531546250146	-0.0008166192434330088 0.00028049401315989597 -0.10162523233352153	-0.017351531546245715 0.10162523233351865 0.000050278414355972665
0.00022491817399668788 -0.00008997118728868185 0.01752456246067338	-0.00008997118729055231 0.0005230530040252271 -0.10231578587600554	-0.01752456246066011 0.10231578587600118 -0.00008413581810263332
0.00007072388791382403 0.00023500332542591464 0.017959621562135302	0.00023500332542710292 -0.0009630764492262623 -0.10116768333638707	-0.017959621562137897 0.10116768333638469 0.00016542591331356916
0.00047485758498673307 -0.00020789414542167223 0.01753529894758341	-0.00020789414542179432 0.0000331341301490172 -0.10370011426393465	-0.01753529894759836 0.10370011426393534 0.000564015927055103
0.00007281535466072825 -0.00030727983054101154 0.020391444256892762	-0.00030727983054024827 0.0005953684834069713 -0.10516507985173533	-0.02039144425690575 0.10516507985173401 -0.0004156388217547717
0.0001415818507992427 -0.00028814500295610244 0.018267018582143933	-0.0002881450029557837 0.0000632295967900251 -0.1041778177990355	-0.018267018582142646 0.1041778177990328 0.00042572632143264544
0.0006750181599648334 -0.00017610553951802506 0.01746889692049676	-0.00017610553951764862 -0.0011984439868999207 -0.10458031310344335	-0.0174688969204915 0.10458031310344884 -0.0015010342777642903
-0.00046482777172390365 0.00004744693651153719 0.02042872022785734	0.00004744693651251037 -0.0004951315569149337 -0.10347233779921275	-0.020428720227837295 0.10347233779920217 -0.000778518485886504
-0.0004992332195325124 -0.000020623157932194228 0.018928122366569704	-0.000020623157930037966 -0.0003927351270665439 -0.1010807467896849	-0.018928122366554452 0.10108074678967598 -0.0016644171395788152
0.0007767182217417335 0.000646403750717078 0.01711622359520157	0.0006464037507157977 -0.0010420416128838067 -0.10244669804871959	-0.017116223595198196 0.10244669804873174 -0.0012164498422090895
-0.00026563279532159853 -0.00044873709121022107 0.02066018954828839	-0.0004487370912109384 -0.0005655080409186315 -0.10596105882987583	-0.020660189548287987 0.10596105882987081 0.00008123882270976704
-0.0007366042153769759 -0.00035192191561622416 0.01808020670693157	-0.0003519219156160186 -0.0005682880065791297 -0.10386149566061503	-0.018080206706934474 0.10386149566060536 -0.0010322933899311448
0.00006309149934971212 0.0002593758552491502 0.016649046524409572	0.0002593758552497851 -0.0002751292935430814 -0.10261978260768616	-0.01664904652442209 0.10261978260767113 -0.0008267757229952974
0.0008183016374822593 -0.00015023672712581072 0.016118782672131966	-0.0001502367271256997 -0.0000280602004562756 -0.1019827021784429	-0.01611878267212777 0.10198270217844152 -0.00005707338570927001
-0.0005960811394998223 -0.00001689188844512801 0.017330228308599812	-0.00001689188844362574 -0.0000899891567643675 -0.10114783057009916	-0.017330228308589164 0.10114783057008983 0.00009838629178029155
-0.0003919450690805901 0.00013146681307241517 0.01715799497936393	0.00013146681307520808 0.00019319251265353422 -0.10332293690988784	-0.017157994979361824 0.10332293690988945 0.00004771263388925369
-0.00021246306657552328 0.00014046326145486206 0.017713456820519242	0.0001404632614559636 0.00030442123007683175 -0.10371099620120494	-0.017713456820516973 0.10371099620120344 -8.143092840911127e-6
-0.00018017154908871007 0.00007056426208185097 0.018296918135129854	0.00007056426208172867 0.00004127289564872377 -0.10484622398706732	-0.01829691813512979 0.10484622398706225 0.00007919511427829798
0.0005502710270512015 0.00011845017289897203 0.017710364692334116	0.00011845017289923744 -0.0027958481991701535 -0.10382649951957089	-0.01771036469235587 0.10382649951954166 0.00023662478697071554
-0.00002589892846212912 0.0002594818510356974 0.017274806303612365	0.00025948185103503735 -0.00029002360452308126 -0.10336321079855798	-0.017274806303620976 0.10336321079854893 -0.0008705576942493491
-0.0003223525283220967 -0.0003681916336516107 0.018638308141504557	-0.00036819163364893055 0.00032504384241757375 -0.10180960170136512	-0.01863830814150526 0.1018096017013634 0.0001785125622005071
0.002492658179700488 -0.00008139867740894133 0.020065452034588344	-0.00008139867740698326 -0.003347899399167062 -0.1017350335661672	-0.02006545203457405 0.10173503356617568 -0.0016505218779121079
0.001964640818762505 0.0008910291934124742 0.017655878784094088	0.0008910291934103162 -0.0012281684000804158 -0.10518971832490115	-0.01765587878407428 0.10518971832490025 0.0003207149895173107
0.0008419487881948526 -0.0003838231513736282 0.019406039734825648	-0.000383823151372325 -0.0019627595177770414 -0.1021089027582981	-0.019406039734813547 0.10210890275829529 -0.00046294382150037245
0.002890499970706063 0.0002150505827818762 0.01872150503328362	0.00021505058277963146 -0.0029249175241173467 -0.10399497510333167	-0.018721505033274015 0.10399497510333651 -0.001489856792005589
-0.00003167782540017174 -0.0004941512113246548 0.01865529840022567	-0.0004941512113219022 0.0005465943066312101 -0.10486905151225809	-0.01865529840022781 0.10486905151225062 0.0002568139593298762
-0.00004704279136989644 -0.00026904474434118284 0.01717432147804263	-0.0002690447443420684 -0.00046781346798746744 -0.10386520018688744	-0.017174321478051778 0.1038652001868763 0.00036753733758042046
0.0028574946971317754 0.00012514504147240202 0.017672427249171896	0.00012514504146959697 -0.0002353763239443885 -0.10582773982201095	-0.01767242724918377 0.10582773982200777 0.0014768498789552989
0.00014075654776263356 -0.000024722364051138652 0.017297018651751723	-0.000024722364052789242 0.0005217769211011483 -0.10342645674422019	-0.017297018651748257 0.10342645674421716 0.00018665733520550204
-0.0011284505190308951 -0.00009086111787781972 0.018311929800884405	-0.00009086111787680665 -0.0003219709736481634 -0.10394357840073389	-0.018311929800879617 0.10394357840073437 -0.0010744014004308673
0.00047954362528099086 -0.0009915233778094667 0.016823931420364126	-0.0009915233778146444 -0.000015637155669958464 -0.1008816317687569	-0.016823931420370742 0.10088163176877257 0.0004954255637525809
-0.0009635628073463645 -0.0009515093232055792 0.017482543396610886	-0.0009515093232036645 0.00021556138036167918 -0.1044703202865907	-0.017482543396612475 0.10447032028658201 -0.001241436719137823
-0.0015254638148774601 -0.0011925774827078908 0.018368613330525935	-0.0011925774827069354 -0.002577035774388725 -0.10367119867146457	-0.01836861333053899 0.1036711986714426 -0.0015150622723076775
-0.0004110696444821118 0.000018094450767899535 0.017902572741126093	0.00001809445076815042 -0.00011349636434716814 -0.10442440514758496	-0.0179025727411287 0.10442440514758085 -0.0002353552628075611
-0.000038422177009784196 -0.00017394724896588852 0.018874392507094773	-0.0001739472489657324 -0.0009179581907827515 -0.10160530553223847	-0.0188743925070926 0.10160530553223947 -0.00012701132138458887
0.00204210888235983 0.0009837581342947298 0.0192921899049716	0.0009837581342953803 -0.00124513082643243 -0.10377383846493457	-0.019292189904970582 0.10377383846492472 0.002202268549018246
-0.00011036195169233671 -0.00007882858912697764 0.017879963171758165	-0.000078828589127505 -0.00208598758879692 -0.10481333573982607	-0.017879963171755768 0.10481333573981932 0.00039975612346851517
-0.001203613697085184 -0.001084964356519758 0.018478928351061904	-0.0010849643565178503 -0.003486434569661091 -0.1019552721762472	-0.018478928351049445 0.10195527217624871 -0.0012366742238863891
0.002969147489873424 0.000016842414863775914 0.017213317566099208	0.000016842414859758728 0.00039109285794969046 -0.10359296018311719	-0.01721331756608368 0.10359296018311316 0.00027501221741470586
0.002175907669037209 -0.00019419662594399823 0.016957630330363887	-0.00019419662594079116 0.00039266281620572996 -0.1038557302172277	-0.016957630330367728 0.10385573021721613 0.0013589655999931274
0.0015907963464149369 -0.00025573159605750927 0.018556138104055972	-0.0002557315960572022 -0.0013961756222602931 -0.10265179769751864	-0.01855613810406457 0.1026517976975076 0.0022832855508688734
0.0009482677860810501 0.0001759493084304356 0.016591432040944862	0.00017594930842998284 -0.00006251102395803121 -0.102529814759067	-0.01659143204094308 0.10252981475906749 0.0002576489719157936
0.000021103940042861875 0.00006912438003542137 0.01764042871094039	0.00006912438003542831 0.0003391610538737225 -0.10364128769851064	-0.017640428710942554 0.10364128769851054 0.0004022371255416532
0.002268421408595383 -0.0011337436348619985 0.020249642856815325	-0.0011337436348610019 0.001567963493439805 -0.10341652831845756	-0.02024964285682478 0.1034165283184715 0.00005739056876161511
-0.0011330433928832071 -0.0009824963850349512 0.019454035026454184	-0.0009824963850351923 0.00018506367378505993 -0.10285970965069066	-0.019454035026450038 0.10285970965069731 -0.0019285054822904277
-0.0010098658043404681 -0.0011653755321132872 0.017791593647279686	-0.0011653755321105567 0.00011162307698392828 -0.10296059815323838	-0.01779159364727212 0.10296059815323738 0.0002471257349183093
0.001870774180015286 -0.0004173194416719015 0.017863750797489135	-0.0004173194416723213 0.0003059625819917958 -0.10033182335418739	-0.01786375079747716 0.10033182335418742 -0.0013394682295281906
-0.0006242505520432165 -0.0009570724946208371 0.017429516255307313	-0.0009570724946215794 0.000646161850234259 -0.10411292262673451	-0.017429516255310105 0.10411292262672125 -0.0018360747290330536
0.00017226238969924538 -0.000060145065155919886 0.017498733344267357	-0.000060145065159567575 0.0010247886559538327 -0.10353518864694589	-0.017498733344259124 0.10353518864694054 -0.0004992047913937594
0.00006095033174706617 -0.00003779354371505946 0.01783315553931478	-0.000037793543716216956 0.00042932504284959663 -0.10245268383940176	-0.017833155539316508 0.10245268383940717 -0.000011051207007713691
-0.0005510968346982138 -0.00006809913477318769 0.01851065247803877	-0.00006809913477044162 0.00039423825989978603 -0.10336524996714902	-0.01851065247803496 0.10336524996715286 0.0006111890354568474
-0.0003306426079863426 0.00010042476041776088 0.016773232160960466	0.00010042476042027276 0.00035360985074172485 -0.10547571542940717	-0.016773232160959117 0.10547571542940061 -0.00011591140955152616
-0.001376677442212794 -0.001452583130622649 0.020098292811734496	-0.0014525831306224377 -0.00023920400392516555 -0.10066822842225033	-0.02009829281173764 0.10066822842225957 -0.001696102989482084
-0.0006006668789771121 -0.0012393609886872567 0.019622209584823917	-0.0012393609886833744 0.0005011746672671374 -0.10404137072050293	-0.019622209584828493 0.10404137072048754 -0.0011751883779172615
-0.000526817816409896 0.00014875183142156433 0.01691135544839277	0.00014875183141828223 0.000024763957905177617 -0.10397532478178483	-0.016911355448395095 0.10397532478177797 -0.0002688857037293161
-0.0010752187350366506 -0.000023322350305910247 0.017758748577590914	-0.00002332235030486074 -0.00015217719494745258 -0.10402143310507825	-0.017758748577594703 0.10402143310507804 0.00015553912794392336
-0.0007892162854326321 -0.000051392177859323554 0.017928822751428278	-0.00005139217785841369 -0.0003759560026546059 -0.10173784308346465	-0.017928822751432635 0.10173784308346673 -0.00004366923646434797
-0.0003856441184492132 0.00021720126976399606 0.01867474399887598	0.0002172012697632432 0.00011699758706232733 -0.10446324217406719	-0.018674743998867867 0.10446324217406945 -0.0001935694719955726
-0.0005732692006348834 -0.0008462987991171562 0.019361731483891823	-0.0008462987991179234 0.0006745622717040812 -0.10316357494691236	-0.019361731483891562 0.10316357494692029 -0.0010132115468196724
-0.0008050270357095471 -0.00043293461366958504 0.018585983721748765	-0.00043293461366908023 -0.002566856474122097 -0.10257502746202436	-0.018585983721740352 0.10257502746203695 -0.0018595304357424836
-0.0028433610611123487 -0.0005685966530216162 0.020142433869604806	-0.0005685966530232546 0.00016649567410155063 -0.10343606825375384	-0.020142433869611745 0.10343606825374634 -0.000012601520404463551
0.00001112463067390844 -0.0006553315328063931 0.019215817156094203	-0.000655331532804504 0.0029456356220304014 -0.10385260896197128	-0.01921581715610066 0.10385260896196477 0.0006708852602039265
0.00021341695958734808 -0.001207076741787932 0.01724887984742978	-0.0012070767417892998 0.0012557405317337109 -0.10239515068278501	-0.017248879847428747 0.10239515068278451 0.0004352533260004055
0.0003972872560189262 -0.0010509096807834505 0.01658005581008512	-0.0010509096807802035 -0.0001605544071222268 -0.10104957360609429	-0.01658005581006191 0.10104957360608298 0.0004240322159622112
-0.00003578086621829155 0.00005566480134793113 0.01781506722432558	0.00005566480134714703 0.0004156371183277616 -0.10289209689912523	-0.01781506722431484 0.1028920968991187 0.00011343713908642302
-0.00007426201679601972 -0.0008234361143058956 0.017552774131936684	-0.0008234361143051737 0.00003592487715376076 -0.1016697800067613	-0.017552774131929287 0.10166978000676176 -0.000016913282920646457
-0.00015096176457200967 0.00003581489982426578 0.017252450743245207	0.00003581489982638908 0.0005078517228174675 -0.10398785242853856	-0.017252450743245707 0.10398785242853247 0.0002741389544449191
-0.0014772054878315266 -0.0015106145980082059 0.020261612270472174	-0.001510614598006525 0.0006209529128281353 -0.10292551418313733	-0.02026161227048489 0.10292551418313231 0.00016961726848500024
-0.0014772054878316142 -0.0015106145980082206 0.02026161227047212	-0.001510614598006406 0.0006209529128282784 -0.10292551418313728	-0.02026161227048509 0.10292551418313224 0.00016961726848488835
-0.0001509617645721502 0.00003581489982427445 0.017252450743245024	0.000035814899826446325 0.0005078517228174102 -0.1039878524285386	-0.01725245074324583 0.10398785242853226 0.0002741389544448757
-0.00007426201679614983 -0.0008234361143058897 0.01755277413193687	-0.0008234361143051822 0.00003592487715362025 -0.10166978000676123	-0.01755277413192937 0.10166978000676193 -0.00001691328292045824
-0.0000357808662183089 0.000055664801347941537 0.01781506722432549	0.00005566480134715397 0.00041563711832780324 -0.10289209689912533	-0.017815067224314887 0.10289209689911905 0.00011343713908660734
0.0003972872560189019 -0.0010509096807833386 0.016580055810085044	-0.0010509096807801918 -0.00016055440712229446 -0.10104957360609422	-0.01658005581006204 0.10104957360608299 0.00042403221596213833
0.00021341695958720323 -0.001207076741788063 0.01724887984742976	-0.0012070767417894325 0.001255740531733664 -0.10239515068278514	-0.01724887984742878 0.10239515068278453 0.00043525332600030144
0.000011124630673939664 -0.0006553315328064312 0.019215817156094175	-0.0006553315328043981 0.002945635622030266 -0.10385260896197109	-0.01921581715610074 0.10385260896196455 0.0006708852602039751
-0.0008021346545346239 -0.0013706693009648899 0.023750742380231282	-0.001370669300966694 0.0014698943260615747 -0.10069598939958103	-0.02375074238023884 0.10069598939957575 0.0013675257020250116
