-0.0014899752881672862 -0.0022757509126382553 0.10347000243898652	-0.002275750912635634 0.006269611353763669 -0.020243370398544402	-0.103470002439015 0.020243370398547473 0.0019634278634666526
-0.002464756257310241 -0.0006562240205364063 0.10326898239771083	-0.0006562240205385053 -0.0013340378986820486 -0.018135016835513627	-0.1032689823977166 0.018135016835508964 -0.000738042846508722
-0.001624577165722037 0.0003934754454894603 0.10226232647303271	0.00039347544548801357 0.00008977229545840612 -0.017761178921045527	-0.10226232647301894 0.017761178921043192 0.0027963046192271933
-0.0003041133796900528 0.0002769236265170623 0.10397122223124063	0.0002769236265184917 -0.0005380631327459931 -0.01767238600432734	-0.1039712222312338 0.017672386004330985 0.00009002054430447444
-0.0006943765394872526 0.00023723124802837612 0.10420036462205544	0.00023723124802986582 -0.0002522974669063316 -0.017933616618393072	-0.10420036462204749 0.017933616618384052 -0.0007850821263356289
-0.001592842015038968 8.853160208738275e-6 0.10267260770124459	8.853160206930694e-6 0.0004008430797004213 -0.018350465808256795	-0.10267260770123574 0.01835046580826882 0.0008737801627188369
-0.0007685409799471242 -0.0011755650526238809 0.10238454817200354	-0.001175565052621846 0.0014910909098944103 -0.01875764809300426	-0.10238454817200866 0.01875764809300511 -7.375150546454212e-7
0.0003740892567150166 0.0003311046335751685 0.10348577773809352	0.000331104633579115 0.00008154675085978585 -0.019434662815838905	-0.10348577773809964 0.019434662815845386 0.00014438847983956268
-0.0022973872120788047 -0.00016650812099616025 0.10213670273101509	-0.0001665081209959833 -0.0002463438123366281 -0.018761527474609074	-0.10213670273103083 0.018761527474606597 -0.00005344426760764366
-0.0011032413514068084 -0.0006091775001832358 0.10370756674781445	-0.0006091775001825662 0.001837223977274375 -0.017362655855281173	-0.10370756674780693 0.01736265585528325 0.0012469664628807255
0.0004988685131140005 -0.0003281184786254922 0.10480005869396068	-0.00032811847862494053 0.0019072513923881138 -0.01683236196120555	-0.10480005869394579 0.016832361961187696 0.000011412951525462296
0.0008055840708382327 -0.0003293128505287915 0.10389664501959424	-0.00032931285052863885 0.0016113883973025295 -0.017009001858045256	-0.10389664501959073 0.017009001858037692 0.00098996365488002
0.0002661787865105283 -0.0002145398785871125 0.10140546476499404	-0.00021453987858852455 0.002734890497838708 -0.017445157979345677	-0.10140546476498394 0.01744515797934351 0.0035748874230838515
-0.001552439040645226 0.00012095991212479314 0.10293709728375781	0.00012095991212575374 -0.00004625990259039814 -0.01843176943043165	-0.10293709728375229 0.01843176943043645 -0.0007718224779568669
-0.005793952705031245 -0.0021988739771027083 0.10274433893702331	-0.0021988739771035444 0.001849406193331773 -0.018006554886153506	-0.10274433893705168 0.018006554886154783 0.0007879959455317151
-0.00013747328158846342 0.0002707921578290369 0.10339400048428336	0.000270792157827604 0.0011866151476065123 -0.017410905599911968	-0.10339400048429176 0.017410905599912277 0.0000914086820247087
-0.003137513427426599 -0.0009619728589825901 0.10130358070659702	-0.0009619728589828919 0.003917241296886604 -0.018801204756077106	-0.10130358070659823 0.018801204756064338 0.000730782194552488
0.0009569738513888031 -7.657712322004656e-6 0.10340909015013022	-7.657712321248317e-6 0.0008933907617930392 -0.01828793228347928	-0.10340909015013239 0.018287932283467208 0.00043329097646011006
-0.0018662509805238616 0.00008816228254491208 0.10388944097937186	0.00008816228254713947 0.0006091959116231987 -0.01780196913114976	-0.103889440979361 0.017801969131143812 0.00021639785960694824
-0.0018272416549071479 -0.0005979515899130032 0.10278278557947651	-0.0005979515899104653 -0.0008834459537063501 -0.017631319317874705	-0.10278278557946087 0.017631319317879948 0.0005385220277203534
0.0003920765362508197 -0.0004282123153162877 0.10402477227102322	-0.0004282123153130802 0.00043191063338039737 -0.01754130829641185	-0.10402477227102135 0.01754130829641502 -0.0003907122716931754
-0.0025469687484282635 -0.00003827662459732553 0.10299009756221304	-0.00003827662459941067 0.0007503607146482662 -0.018383537600724708	-0.10299009756220713 0.018383537600739394 -0.0007900861369659166
0.000772972140623007 -0.0011491324884373069 0.10103969851494593	-0.0011491324884344237 0.0007231076012870208 -0.020832513130988682	-0.10103969851494667 0.020832513130991253 -0.000017646200345203603
-0.0033019231700912918 -0.0008819286533508965 0.10336202336602601	-0.0008819286533497993 0.0025631759672960774 -0.017566304578012185	-0.10336202336602283 0.01756630457800176 -0.0006094399156228864
-0.0004995953597123214 -0.0009207048891833273 0.10315846413101196	-0.000920704889181655 -0.0004525732730227931 -0.01721427099113324	-0.10315846413101389 0.017214270991116963 -0.0005900326851761718
0.0015036929969252694 -0.0006136384956203578 0.10306787103051453	-0.0006136384956170575 0.003011192156369226 -0.016766551798652756	-0.10306787103050757 0.016766551798633806 0.002171697045992481
0.00013358785905555944 -0.0012017077813839677 0.10373832314736932	-0.0012017077813827638 0.0036814792683260017 -0.01850576238194438	-0.10373832314735831 0.018505762381938032 0.0013832431820377435
-0.00009416363329534973 -0.00014972847501191046 0.10331977533603749	-0.00014972847501004867 0.00015219189140679157 -0.01858322165170443	-0.10331977533603778 0.01858322165171238 -4.255036744234275e-6
-0.004161654088827375 -0.0012166295867907136 0.10284511827119669	-0.0012166295867919417 0.003193937457489235 -0.021735817164577752	-0.10284511827118667 0.021735817164589458 0.00013528706567501186
0.0010454126826540929 -0.0007397163873531566 0.10399330851012172	-0.0007397163873508802 0.002338498277105576 -0.018550596471012155	-0.10399330851012357 0.01855059647102071 0.00025636446593547274
-0.0017379643857420336 -0.0001776211868643393 0.10246453130868069	-0.00017762118686220386 0.0005200014421781717 -0.017830990261124086	-0.10246453130865633 0.017830990261116925 0.0030870964406552355
-0.0000449473444945319 -0.00004194776388233984 0.10302912898687568	-0.00004194776388429661 0.00004831885593234789 -0.01862738729022361	-0.10302912898687717 0.018627387290210965 -0.0002080327111930371
0.0016020001345056125 0.0001376813704409216 0.10274424400821819	0.00013768137044329817 0.000893974768929575 -0.01699449361421697	-0.10274424400822889 0.01699449361421515 0.00019187889093877364
0.00022199293642073117 -0.00004647088323958028 0.10331284495674896	-0.000046470883241684496 -0.00031582926270014994 -0.01820534186191395	-0.10331284495676073 0.01820534186191755 -0.000212317223942304
0.0000753578372979808 -0.00012482033145522903 0.10251850822920709	-0.00012482033145309185 -0.00007835760520410323 -0.017673503466779025	-0.1025185082292114 0.017673503466788792 0.0007898836555774551
-0.0008353949506435731 -0.0013429635558855745 0.1029202331017671	-0.001342963555883335 0.000998282301300668 -0.020605230098734988	-0.10292023310177328 0.02060523009873306 0.0003711541016500966
-0.00040079702601916517 0.0003663921484682135 0.10460284962963261	0.00036639214847287993 0.0013270929478701732 -0.019331048703495116	-0.10460284962961694 0.01933104870349272 0.0023916272801726614
0.0006445483432690319 0.000022416884041663587 0.10225247297725086	0.00002241688403939457 -0.0002041648300645446 -0.01939135111645289	-0.10225247297724409 0.019391351116446583 -0.00004905616786077954
-0.003926639046884511 -0.0002793791700695554 0.10474493154180917	-0.000279379170066419 -0.0005192446310492652 -0.018192717010254926	-0.10474493154178333 0.01819271701024519 0.0009821859099589415
-0.0021156951553094553 -0.0002359718545383799 0.10464007507784308	-0.0002359718545379419 0.00026733543351281294 -0.01655602034872034	-0.10464007507785353 0.01655602034870797 0.0001467037093122181
0.0007020492583577377 0.00008655647518288762 0.10311877610167514	0.00008655647518501092 0.00022320854273527937 -0.01819604348622945	-0.10311877610169015 0.01819604348622599 0.0010778517436986282
-0.0006244716517406664 -0.000037463759221402926 0.10403880358154799	-0.000037463759219726316 -0.0006129970976362017 -0.01986557694584443	-0.10403880358155118 0.01986557694584733 -0.0003692949744778691
-0.0011005180988903586 0.0001072646005455466 0.10378832238091308	0.00010726460054460638 -0.0017888126443920994 -0.01939993989350542	-0.10378832238091179 0.019399939893513667 -0.0006365961012506083
-0.0009941438836525273 -0.00013378385671521283 0.10345125735956492	-0.0001337838567164601 -0.0008938062902525967 -0.01815069048484133	-0.10345125735956447 0.018150690484847194 -0.000613930835618462
0.0006576093264184461 0.00031498570851578103 0.10211092018456806	0.0003149857085161592 0.0025909312160669537 -0.017153714628388175	-0.10211092018455403 0.017153714628375685 0.0034294467456841733
-0.001421454298219842 -0.0002990332450090588 0.10321150628416345	-0.00029903324500871187 -0.0006386104800667688 -0.0183187506709747	-0.10321150628413803 0.018318750670964584 2.6594109209104877e-6
-0.0035553579989784003 -0.0012014653294421009 0.10368611628351568	-0.0012014653294440975 -4.942925234691781e-6 -0.017804590287648466	-0.1036861162835124 0.017804590287654562 0.000057745349681130945
0.0002173219098802878 -0.00005570454340374578 0.10373581122634565	-0.000055704543406417256 0.00025875519761587966 -0.01816183153759949	-0.10373581122635092 0.0181618315376009 -0.00001337676965513547
-0.001581859834946549 -0.002168620646773303 0.10482393531288046	-0.0021686206467713375 -0.0012218458735754247 -0.01925359103731398	-0.10482393531289863 0.019253591037312747 -0.0014738830173850644
0.0007440894002475138 -0.0004148164652538096 0.10427044577071444	-0.00041481646525679504 0.00014451428262359997 -0.017717674082121403	-0.10427044577072582 0.017717674082128397 -0.0008460554550896865
0.00025353427778672714 -0.0006317727401791394 0.09913542069052182	-0.000631772740178874 0.00020035185527144186 -0.018548682082937328	-0.09913542069052046 0.01854868208293868 0.000397661944632359
0.0036408445630627864 -0.0027221028297245813 0.10143332397479428	-0.0027221028297265658 0.007809993706060791 -0.015429584914576844	-0.1014333239747776 0.015429584914555691 0.0039575503247426674
0.002390524967407508 -0.0017933208571906042 0.10204510548804277	-0.0017933208571922852 0.0024611730616130832 -0.015407089959341654	-0.10204510548804027 0.015407089959332695 0.0009106821066794946
-0.004445347603835437 -0.002307994032046132 0.10111983934065003	-0.0023079940320481687 -0.0019584621194118877 -0.018008773577814385	-0.1011198393406197 0.018008773577803897 -0.0001346897946488384
0.0008345289096510413 -0.0004648714643248064 0.10176446909119241	-0.0004648714643247058 0.0013330707169032733 -0.016840127957236026	-0.10176446909119004 0.01684012795723542 0.0009675397808107285
0.00136053493767882 -0.0004524738125986005 0.10497913042916823	-0.00045247381260082225 0.0012763929613906072 -0.01911848029582432	-0.10497913042917828 0.01911848029582745 -0.000016975018001994663
0.0006003957024560917 -0.002228985241729743 0.10139021430617198	-0.002228985241732196 0.0011932214538772981 -0.023436785710457847	-0.10139021430618309 0.023436785710468748 -0.0004617086894842526
-0.00009158656847172743 -8.649843752869119e-6 0.1045327255112866	-8.649843752019971e-6 -0.0005857388297906621 -0.019184045574680786	-0.10453272551128936 0.019184045574680543 -0.00015475441712395344
-0.000629602185628058 0.00013101748963719947 0.1037055788119176	0.00013101748963348717 0.0018464977712836853 -0.018641724348470324	-0.10370557881191877 0.018641724348479438 0.0005618464137707039
0.0006352675056222612 0.0003411893147488758 0.1042037922063421	0.00034118931474789484 0.00041123084491374515 -0.017348055042308682	-0.10420379220632937 0.017348055042288903 0.0008471345670564446
-0.0020004674864598057 -0.00036015292540458703 0.10379409801574548	-0.00036015292540442527 -0.00048702613378597687 -0.018673996904328673	-0.10379409801574246 0.01867399690432502 -0.001069381042300076
-0.0028300425010749147 -0.0007169064417396204 0.10243117886938835	-0.000716906441741343 -0.0012441243499908133 -0.017626041279152963	-0.10243117886937607 0.017626041279167448 0.0004071297113028543
-0.00018871746258917327 0.00007590173368285554 0.10243326008880091	0.00007590173368147209 -0.0006088942252084062 -0.0174854749329883	-0.10243326008880724 0.017485474932989208 0.0005337466116530718
-0.0015855806998967626 -0.0004964882454772876 0.10479053614274675	-0.000496488245475362 -0.001557810378331007 -0.01772180424788625	-0.10479053614275069 0.017721804247893092 -0.0013682330506463135
-0.0018003871506916316 -0.0022660179428601254 0.10010173809987301	-0.0022660179428615236 -0.0019722183533874456 -0.021716781742825854	-0.1001017380998928 0.021716781742806123 0.0033493187111730597
0.00038663490471573577 0.00019531148459565537 0.10226855497300588	0.00019531148459562067 0.0016320591869044797 -0.018737159649810188	-0.10226855497300082 0.01873715964978645 0.0030480778307186464
0.0007355649163426192 0.00005760445612665484 0.1041316966792034	0.00005760445612468072 0.00028318864372248957 -0.016839139919485293	-0.10413169667919354 0.01683913991947538 0.0008255168364400683
0.00014175920241473773 -0.00023911124384291913 0.10496156378406336	-0.00023911124384190865 0.000330710454153782 -0.01492606271926079	-0.10496156378406954 0.014926062719264884 -0.00032355520766971964
0.000019047460267878832 -0.0006066698360463751 0.10510638901600115	-0.0006066698360479711 -0.0001929503545240567 -0.01871423649436363	-0.10510638901599652 0.018714236494368867 0.0011815152410176132
0.0008279116617946258 0.00002614687043565357 0.10261972398933723	0.000026146870436021333 0.00018923873383430018 -0.017031657542704658	-0.1026197239893274 0.01703165754270856 0.002884586645178124
0.0030578795457092203 -0.002337430435334093 0.10465630687812276	-0.002337430435332962 0.002877306849824457 -0.014910275157758026	-0.10465630687812212 0.01491027515777078 0.004724277791058273
-0.000454771759478367 -0.00040437845365992814 0.10298680030352579	-0.00040437845365858243 -0.001030634088948438 -0.018731430398952992	-0.1029868003035353 0.018731430398954863 -0.0009494420051151782
0.0002823688083307299 -0.00004630988928705504 0.10265224633362625	-0.00004630988928759627 0.00005913262195119881 -0.01757669947593211	-0.10265224633363734 0.01757669947592188 0.0011800536642978567
0.0011211366746605319 -0.0005346263923350029 0.10289655426053002	-0.0005346263923364713 0.0018801889489826681 -0.016959323319872516	-0.10289655426053407 0.016959323319862697 0.0016083095807156653
0.00021971405737290263 0.0002543203773488663 0.10487862762118208	0.00025432037734781764 0.0005377717275876909 -0.017268429547824093	-0.10487862762117717 0.01726842954781893 -0.0002787088147416239
-0.0015691658954486967 -0.0006823281191525241 0.10212695005139888	-0.0006823281191521077 0.0014998826113939642 -0.018459802836476878	-0.10212695005138543 0.01845980283647706 0.001504091152784509
0.00024429988735165235 -0.0010438966655485294 0.10421259664500566	-0.0010438966655507646 0.0005449080553743442 -0.01709975932119143	-0.10421259664500475 0.017099759321206203 -0.00016400691397484846
-0.00010314165529574145 -0.00025216371877481367 0.10280625991771104	-0.00025216371877823975 0.0023311153510976214 -0.020084869864907224	-0.10280625991771992 0.02008486986491832 0.0009827540330167167
-0.0011466454683570259 -0.0003835609109488474 0.1012387563926941	-0.0003835609109509447 -0.0007466337393989449 -0.01924700095935102	-0.10123875639269247 0.01924700095935587 0.0005051728955464477
0.0005393690982545369 0.00012196687348841294 0.10300529785640494	0.0001219668734891606 -0.00008730170617025565 -0.01872783976327707	-0.1030052978564122 0.018727839763256704 0.002785134899242819
-0.0017097115095564518 0.0003118256630718179 0.09939813786892436	0.0003118256630715577 0.0004500847140817936 -0.020122075401107387	-0.09939813786891677 0.020122075401093037 0.0011400708252980903
-0.0006575842839915483 -0.00016189778669764218 0.11774262290041024	-0.0001618977866993318 -0.0004038990355632807 -0.012752646443009302	-0.11774262290040914 0.012752646442999095 -0.0011228206429241636
-0.000510217764840986 -0.0007811494659100242 0.10615865030832708	-0.0007811494659124094 -0.0007614423931432412 -0.015707637233647567	-0.10615865030832583 0.01570763723364227 -0.0007370121089737593
-0.000633567407860941 -0.0001866785345168466 0.10459749406166383	-0.00018667853451790652 -0.0005119483244418778 -0.020656066441442758	-0.10459749406165832 0.020656066441451484 -0.0005885805580990913
-0.0002529035179867703 0.00037246869813886 0.10283399382386359	0.00037246869813732306 0.0018148366945119829 -0.01262635196051897	-0.10283399382385594 0.01262635196051234 0.0011124712317823054
-0.0008712076364854916 0.0001494537103126619 0.1021594169692366	0.00014945371031342778 0.0002899539724267666 -0.015450811833431739	-0.1021594169692219 0.015450811833438207 0.0026740531784964668
-0.00019018678295367256 -0.0007292343162325216 0.101226102275377	-0.0007292343162349987 -0.0001385241321191135 -0.01668812573974926	-0.10122610227537857 0.016688125739745232 0.00018519082799931148
-0.0007216572461551073 -0.0012609502103162126 0.10491932141908278	-0.0012609502103203456 0.0009845852253606638 -0.016131144771220025	-0.10491932141909463 0.016131144771213995 0.0006525471571806069
-0.00045369449462733034 -0.00032072132458502156 0.10328662977712805	-0.00032072132458900796 -0.0007336931836147802 -0.017482809468399384	-0.10328662977713104 0.017482809468389912 -0.0007093868500279363
-0.00011645342014757242 0.000026147222682753983 0.10392187259569753	0.00002614722268526673 0.0016942318246704197 -0.017842590887766144	-0.10392187259568976 0.017842590887757467 0.000934093451300435
0.00016045488528963585 -0.0002502662292626131 0.10256188103990545	-0.0002502662292626998 0.002418889038846999 -0.018422486874538617	-0.10256188103990889 0.018422486874546246 0.0007652344458956122
-0.002605391937246529 -0.0008331591065583142 0.10299072744287574	-0.0008331591065586386 0.0030159788992184453 -0.017975901119920423	-0.1029907274428635 0.0179759011199271 -0.00021092380621763086
0.0011323818321369496 -0.00024367266414809102 0.10346168442200157	-0.00024367266414986044 0.004437351298527063 -0.018125233089737812	-0.10346168442199138 0.018125233089735487 0.0034044054235705286
0.002335009246869412 -0.002322846550284417 0.10165835274188181	-0.002322846550284273 0.0050302871912513425 -0.016762518819822186	-0.10165835274187973 0.016762518819816764 0.0026250864943394257
0.00045564119513424265 -0.0005245546318529467 0.1032565182871097	-0.0005245546318502371 0.00018009115498342394 -0.019580439852562415	-0.10325651828709909 0.01958043985255574 0.0017469666799840005
0.00023122161163089587 -0.0002172254093058875 0.11358608006575949	-0.00021722540930427595 0.00034696750667987525 -0.014940986119901859	-0.1135860800657596 0.014940986119896037 -0.00026395090983189276
-0.0013363980632061286 -0.0008613477457715662 0.11952293649412557	-0.000861347745769514 0.0034481606415144445 -0.010372153022547265	-0.11952293649413158 0.010372153022539805 0.00008156377801129405
0.0004631515691140217 -0.0002800982339004974 0.0894214250455665	-0.00028009823389781984 0.00039523449256122743 -0.020177660017461255	-0.08942142504557075 0.02017766001746484 -0.00030788924592380865
-0.0035193243123318764 -0.0005380060351536514 0.10737295154409873	-0.0005380060351522411 0.0008417628588983806 -0.02684230324187047	-0.10737295154409608 0.02684230324188666 -0.0005692456939282789
-0.0001093258504048563 -0.00010836310078990094 0.10569726895241355	-0.00010836310078757988 0.00013319380941826872 -0.022018958841613652	-0.10569726895241152 0.022018958841622048 -0.0010000098324921079
-0.00035167885327989923 0.00004445788711792201 0.10480525145168501	0.00004445788712071144 -0.0007131952188561171 -0.018959921248524365	-0.10480525145168071 0.01895992124851937 0.0001455770250392563
-0.0071393567744449625 -0.002659269175242087 0.10253355801583877	-0.0026592691752412145 -0.0031886182688371997 -0.018693249344745918	-0.10253355801581664 0.018693249344751427 -0.00009194315342481857
-0.0008750751760204139 0.000343772255725806 0.10539330092241742	0.00034377225572287777 0.0009540625845158093 -0.017458156934003887	-0.10539330092240314 0.017458156933993815 0.0018466551139320053
-0.001132925499403482 -0.0001431694480051142 0.10366900152171223	-0.00014316944800135678 0.0023938531413359374 -0.01750988911812475	-0.10366900152171181 0.017509889118110033 -0.00034592110291209975
-0.0014964267833904397 -0.0011051360658211988 0.10271870729524875	-0.0011051360658233637 0.0006435505119532919 -0.019065587940002363	-0.10271870729525938 0.019065587939999403 -0.00009086749439313375
-0.00017623334791510951 0.00031791000520784915 0.10301223421088719	0.0003179100052051395 -0.00044255645332776615 -0.019337670535786687	-0.10301223421089852 0.019337670535794237 -0.00005345092787509276
-0.00100175184119939 -0.0011553941088358072 0.1016609052947191	-0.0011553941088395664 -0.0010206621154766962 -0.018893617692736668	-0.10166090529471654 0.01889361769274235 -0.0005017769714743938
0.0003423662914969969 0.000055542421045383025 0.10221437706275092	0.00005554242104753061 -0.000512515091321053 -0.018213563334978894	-0.10221437706274317 0.018213563334973502 0.00011994528450153148
-0.00213667892442938 -0.0017311617134817287 0.10332395968394326	-0.0017311617134793521 -0.0021529117600742227 -0.01708518971386929	-0.1033239596839318 0.017085189713855982 -0.0007355598722145265
-0.0004082570921497509 -0.0002441130163940656 0.10426897867660537	-0.00024411301639654104 -0.0001961496382315922 -0.016228548773625454	-0.10426897867658662 0.016228548773605987 -0.0006180981737592666
0.0006896304276838988 -0.0008149088150118146 0.10402738390777297	-0.0008149088150092628 0.0003502817358403583 -0.014031844187603205	-0.1040273839077766 0.01403184418760222 -0.00032724148507252797
-0.00043226744654905475 -0.00029799130676882307 0.08701805877190599	-0.0002979913067704058 -0.0005181132968330258 -0.009534698188788361	-0.08701805877190784 0.009534698188789346 -0.0005209312389886749
-0.000011858352344012698 -0.00015648283167030153 0.001989080101747958	-0.0001564828316703243 6.795358582630147e-6 0.0004812460303074687	-0.0019890801017477 -0.00048124603030751166 -3.075360912757315e-6
-0.00043226744654887433 -0.0002979913067688701 0.08701805877190587	-0.000297991306770146 -0.0005181132968329009 -0.009534698188788344	-0.08701805877190782 0.009534698188789426 -0.0005209312389886965
0.0006896304276836837 -0.0008149088150118475 0.10402738390777323	-0.0008149088150092333 0.00035028173584033054 -0.014031844187603358	-0.10402738390777659 0.014031844187602355 -0.00032724148507244644
-0.0004082570921498047 -0.00024411301639418008 0.1042689786766053	-0.00024411301639660522 -0.0001961496382315367 -0.01622854877362568	-0.10426897867658655 0.016228548773605894 -0.0006180981737594531
-0.002136678924429314 -0.0017311617134817305 0.10332395968394324	-0.0017311617134795308 -0.0021529117600741273 -0.017085189713869145	-0.10332395968393196 0.017085189713855833 -0.0007355598722144779
0.00034236629149694093 0.000055542421045383025 0.10221437706275073	0.00005554242104765725 -0.0005125150913210391 -0.018213563334978707	-0.10221437706274347 0.01821356333497358 0.00011994528450150546
-0.0010017518411995687 -0.0011553941088358437 0.10166090529471883	-0.0011553941088395907 -0.0010206621154765913 -0.01889361769273669	-0.10166090529471652 0.018893617692742292 -0.0005017769714743365
-0.00017623334791509043 0.00031791000520787344 0.10301223421088729	0.00031791000520502675 -0.0004425564533279535 -0.01933767053578666	-0.10301223421089847 0.01933767053579434 -0.000053450927875044185
-0.001496426783390301 -0.0011051360658210461 0.10271870729524872	-0.001105136065823414 0.000643550511953396 -0.019065587940002324	-0.10271870729525948 0.019065587939999414 -0.00009086749439276773
-0.001132925499403515 -0.00014316944800505174 0.10366900152171236	-0.00014316944800121106 0.0023938531413358333 -0.0175098891181247	-0.10366900152171152 0.017509889118109793 -0.00034592110291202863
-0.0008750751760203601 0.0003437722557258112 0.10539330092241728	0.0003437722557228535 0.0009540625845157868 -0.017458156934003734	-0.10539330092240294 0.017458156933993663 0.0018466551139319706
-0.007139356774444765 -0.00265926917524225 0.10253355801583884	-0.0026592691752411815 -0.003188618268837363 -0.018693249344745776	-0.10253355801581669 0.01869324934475138 -0.00009194315342482724
-0.0003516788532798836 0.00004445788711784568 0.10480525145168501	0.000044457887120687156 -0.0007131952188562211 -0.01895992124852424	-0.10480525145168088 0.01895992124851942 0.0001455770250393361
-0.00010932585040488232 -0.00010836310079007008 0.10569726895241348	-0.0001083631007875183 0.00013319380941836934 -0.022018958841613576	-0.10569726895241166 0.022018958841622218 -0.0010000098324921686
-0.003519324312331932 -0.0005380060351536427 0.1073729515440987	-0.0005380060351522498 0.000841762858898306 -0.026842303241870487	-0.10737295154409608 0.02684230324188676 -0.0005692456939281818
0.00046315156911387254 -0.00028009823390039526 0.08942142504556644	-0.0002800982338978207 0.00039523449256130116 -0.02017766001746131	-0.08942142504557077 0.020177660017464787 -0.0003078892459237202
-0.0013363980632061442 -0.0008613477457715402 0.11952293649412549	-0.000861347745769429 0.0034481606415144167 -0.010372153022547417	-0.11952293649413154 0.010372153022539542 0.00008156377801117956
0.0002312216116308473 -0.00021722540930594822 0.11358608006575943	-0.00021722540930419962 0.0003469675066798475 -0.014940986119902024	-0.11358608006575979 0.014940986119896062 -0.0002639509098318312
0.00045564119513421316 -0.0005245546318529345 0.10325651828710972	-0.0005245546318502735 0.00018009115498334935 -0.01958043985256246	-0.10325651828709913 0.01958043985255578 0.0017469666799837706
0.0023350092468694197 -0.002322846550284415 0.10165835274188166	-0.002322846550284405 0.0050302871912512245 -0.016762518819822117	-0.10165835274187983 0.01676251881981687 0.0026250864943395368
0.0011323818321370225 -0.0002436726641481049 0.10346168442200158	-0.00024367266414979973 0.004437351298526997 -0.01812523308973765	-0.10346168442199138 0.018125233089735484 0.003404405423570348
-0.0026053919372463676 -0.0008331591065581373 0.10299072744287568	-0.0008331591065587236 0.0030159788992184557 -0.017975901119920278	-0.10299072744286344 0.017975901119927085 -0.00021092380621767597
0.00016045488528960267 -0.00025026622926256625 0.10256188103990535	-0.00025026622926275187 0.0024188890388470233 -0.018422486874538575	-0.10256188103990906 0.01842248687454639 0.000765234445895626
-0.00011645342014753642 0.000026147222682518928 0.10392187259569749	0.000026147222685300557 0.0016942318246703884 -0.017842590887766248	-0.10392187259568976 0.01784259088775747 0.0009340934513003933
-0.00045369449462710786 -0.00032072132458499034 0.10328662977712802	-0.00032072132458909816 -0.000733693183614657 -0.01748280946839939	-0.10328662977713096 0.017482809468389794 -0.0007093868500277524
-0.0007216572461552053 -0.0012609502103162256 0.1049193214190826	-0.0012609502103202745 0.0009845852253606707 -0.016131144771219977	-0.10491932141909452 0.016131144771214054 0.0006525471571808272
-0.00019018678295362051 -0.0007292343162324556 0.10122610227537673	-0.0007292343162349918 -0.00013852413211897646 -0.016688125739749152	-0.10122610227537873 0.01668812573974529 0.00018519082799925597
-0.0008712076364854179 0.00014945371031263848 0.10215941696923678	0.00014945371031342518 0.0002899539724268048 -0.01545081183343187	-0.10215941696922186 0.015450811833438239 0.002674053178496401
-0.00025290351798676683 0.00037246869813886 0.10283399382386386	0.0003724686981374792 0.001814836694511976 -0.012626351960519023	-0.10283399382385575 0.012626351960512275 0.0011124712317821944
-0.0006335674078607571 -0.00018667853451694374 0.10459749406166373	-0.00018667853451792907 -0.0005119483244418813 -0.020656066441442765	-0.10459749406165823 0.020656066441451605 -0.0005885805580992179
-0.000510217764840849 -0.0007811494659100554 0.1061586503083269	-0.00078114946591234 -0.0007614423931432933 -0.01570763723364755	-0.10615865030832572 0.01570763723364206 -0.0007370121089738868
-0.000657584283991635 -0.00016189778669765606 0.11774262290041015	-0.00016189778669935435 -0.00040389903556329806 -0.012752646443009413	-0.11774262290040927 0.012752646442998998 -0.0011228206429240925
-0.0017097115095563234 0.0003118256630718838 0.09939813786892436	0.0003118256630715299 0.00045008471408168604 -0.02012207540110742	-0.09939813786891658 0.020122075401093165 0.0011400708252980105
0.0005393690982545361 0.00012196687348847712 0.10300529785640491	0.00012196687348916234 -0.00008730170617029728 -0.01872783976327719	-0.10300529785641219 0.01872783976325686 0.0027851348992430375
-0.0011466454683570814 -0.00038356091094891333 0.10123875639269428	-0.00038356091095081285 -0.0007466337393990038 -0.019247000959350943	-0.10123875639269254 0.019247000959355984 0.000505172895546302
-0.0001031416552957163 -0.00025216371877479285 0.10280625991771103	-0.00025216371877824495 0.0023311153510974965 -0.020084869864907384	-0.10280625991771963 0.020084869864918396 0.0009827540330165259
0.00024429988735158816 -0.0010438966655485658 0.10421259664500573	-0.0010438966655507125 0.0005449080553744205 -0.017099759321191434	-0.10421259664500493 0.017099759321205926 -0.00016400691397458218
-0.0015691658954486798 -0.0006823281191525943 0.10212695005139881	-0.000682328119152237 0.0014998826113941169 -0.018459802836477066	-0.10212695005138527 0.018459802836476743 0.0015040911527843372
0.00021971405737293906 0.00025432037734879256 0.10487862762118204	0.0002543203773478246 0.0005377717275876909 -0.017268429547823975	-0.10487862762117728 0.017268429547819035 -0.00027870881474150594
0.001121136674660636 -0.000534626392335022 0.10289655426053003	-0.0005346263923366405 0.0018801889489825849 -0.016959323319872516	-0.10289655426053404 0.01695932331986282 0.0016083095807159498
0.0002823688083306926 -0.000046309889287079326 0.10265224633362621	-0.00004630988928760321 0.00005913262195118146 -0.017576699475932066	-0.1026522463336375 0.01757669947592216 0.001180053664297579
-0.00045477175947830455 -0.00040437845366021047 0.10298680030352564	-0.0004043784536585139 -0.0010306340889483165 -0.018731430398953017	-0.10298680030353523 0.018731430398955 -0.0009494420051151219
0.0030578795457092064 -0.0023374304353340515 0.10465630687812291	-0.0023374304353329448 0.00287730684982462 -0.014910275157758165	-0.10465630687812202 0.014910275157770693 0.0047242777910581416
0.0008279116617945365 0.000026146870435797553 0.10261972398933764	0.00002614687043601873 0.00018923873383422385 -0.017031657542704682	-0.1026197239893274 0.017031657542708526 0.0028845866451782005
0.000019047460267835464 -0.0006066698360463439 0.10510638901600125	-0.0006066698360479988 -0.00019295035452416426 -0.018714236494363913	-0.10510638901599625 0.018714236494368926 0.0011815152410177623
0.00014175920241468049 -0.00023911124384299372 0.10496156378406335	-0.00023911124384187483 0.0003307104541538444 -0.014926062719261064	-0.1049615637840694 0.014926062719264981 -0.00032355520766955137
0.0007355649163427128 0.00005760445612671035 0.1041316966792035	0.00005760445612445868 0.0002831886437225043 -0.016839139919485283	-0.1041316966791937 0.016839139919475436 0.0008255168364400354
0.00038663490471588496 0.00019531148459563975 0.10226855497300578	0.00019531148459568356 0.0016320591869044346 -0.018737159649810032	-0.10226855497300104 0.018737159649786783 0.003048077830718595
-0.0018003871506916298 -0.0022660179428603475 0.10010173809987298	-0.0022660179428612877 -0.001972218353387345 -0.021716781742825826	-0.10010173809989284 0.02171678174280625 0.0033493187111730575
-0.0015855806998967999 -0.0004964882454771835 0.10479053614274668	-0.000496488245475369 -0.0015578103783308647 -0.01772180424788614	-0.10479053614275052 0.017721804247893283 -0.0013682330506463447
-0.0001887174625892843 0.00007590173368297176 0.10243326008880092	0.00007590173368147036 -0.0006088942252084704 -0.017485474932988247	-0.10243326008880733 0.01748547493298917 0.0005337466116530562
-0.002830042501075003 -0.0007169064417397123 0.10243117886938813	-0.0007169064417412059 -0.001244124349990803 -0.017626041279152977	-0.10243117886937614 0.01762604127916747 0.00040712971130299654
-0.0020004674864596873 -0.0003601529254046911 0.1037940980157456	-0.0003601529254043346 -0.00048702613378615034 -0.018673996904328794	-0.10379409801574246 0.01867399690432507 -0.0010693810423000188
0.0006352675056221137 0.0003411893147486711 0.10420379220634206	0.00034118931474789657 0.00041123084491365494 -0.017348055042308696	-0.10420379220632948 0.017348055042288958 0.0008471345670563249
-0.0006296021856282202 0.00013101748963718213 0.10370557881191754	0.0001310174896333935 0.0018464977712837546 -0.01864172434847016	-0.10370557881191876 0.018641724348479587 0.0005618464137704697
-0.00009158656847181937 -8.649843752778046e-6 0.10453272551128637	-8.649843752039053e-6 -0.0005857388297906344 -0.019184045574680775	-0.10453272551128942 0.01918404557468034 -0.00015475441712402283
0.0006003957024561853 -0.0022289852417297085 0.10139021430617196	-0.0022289852417321475 0.0011932214538774612 -0.023436785710457916	-0.10139021430618309 0.023436785710468776 -0.00046170868948415544
0.0013605349376786206 -0.0004524738125985788 0.1049791304291683	-0.00045247381260069344 0.0012763929613906454 -0.01911848029582449	-0.1049791304291783 0.01911848029582762 -0.000016975018001859354
0.0008345289096510396 -0.00046487146432497295 0.10176446909119227	-0.0004648714643246399 0.0013330707169032785 -0.016840127957236148	-0.10176446909119005 0.016840127957235423 0.0009675397808108083
-0.004445347603835379 -0.0023079940320463073 0.10111983934065018	-0.0023079940320482207 -0.001958462119411978 -0.018008773577814358	-0.1011198393406196 0.018008773577803568 -0.00013468979464872563
0.002390524967407449 -0.0017933208571905557 0.10204510548804287	-0.001793320857192221 0.0024611730616131275 -0.015407089959341772	-0.10204510548804029 0.015407089959332435 0.000910682106679675
0.0036408445630629147 -0.0027221028297245067 0.10143332397479422	-0.002722102829726415 0.0078099937060607215 -0.015429584914576858	-0.10143332397477761 0.015429584914555698 0.003957550324742855
0.0002535342777865192 -0.0006317727401792157 0.099135420690522	-0.0006317727401790527 0.0002003518552714783 -0.018548682082937168	-0.09913542069052048 0.018548682082938726 0.00039766194463242144
0.0007440894002475299 -0.00041481646525385295 0.10427044577071429	-0.00041481646525673953 0.0001445142826234612 -0.017717674082121288	-0.10427044577072593 0.017717674082128276 -0.0008460554550896952
-0.0015818598349464485 -0.002168620646773334 0.1048239353128804	-0.002168620646771379 -0.0012218458735753918 -0.01925359103731394	-0.10482393531289869 0.01925359103731284 -0.0014738830173850748
0.0002173219098802635 -0.000055704543403797824 0.10373581122634586	-0.00005570454340645195 0.00025875519761578425 -0.018161831537599482	-0.10373581122635103 0.01816183153760103 -0.000013376769655258636
-0.0035553579989782815 -0.0012014653294418788 0.1036861162835156	-0.0012014653294440628 -4.942925234964132e-6 -0.017804590287648518	-0.10368611628351251 0.01780459028765452 0.00005774534968114482
-0.0014214542982199478 -0.00029903324500895473 0.10321150628416349	-0.00029903324500872575 -0.000638610480066748 -0.018318750670974868	-0.10321150628413797 0.01831875067096471 2.6594109206780348e-6
0.0006576093264184808 0.0003149857085158539 0.10211092018456792	0.00031498570851602736 0.0025909312160666657 -0.017153714628388262	-0.10211092018455402 0.01715371462837579 0.003429446745684267
-0.0009941438836526036 -0.00013378385671526096 0.1034512573595648	-0.0001337838567164202 -0.0008938062902526349 -0.018150690484841633	-0.10345125735956451 0.018150690484847146 -0.0006139308356182017
-0.0011005180988904045 0.00010726460054545639 0.10378832238091296	0.00010726460054452658 -0.0017888126443921081 -0.019399939893505604	-0.10378832238091194 0.019399939893513726 -0.0006365961012505597
-0.0006244716517408398 -0.00003746375922127456 0.10403880358154802	-0.00003746375921970593 -0.0006129970976361879 -0.01986557694584453	-0.10403880358155122 0.019865576945847226 -0.0003692949744782438
0.000702049258357886 0.00008655647518288415 0.10311877610167527	0.00008655647518485479 0.0002232085427354251 -0.018196043486229503	-0.10311877610168987 0.01819604348622596 0.001077851743698701
-0.0021156951553093694 -0.00023597185453853604 0.10464007507784309	-0.00023597185453793062 0.00026733543351275396 -0.016556020348720404	-0.10464007507785336 0.01655602034870788 0.00014670370931229963
-0.00392663904688452 -0.00027937917006950856 0.1047449315418092	-0.00027937917006627504 -0.0005192446310491854 -0.018192717010254763	-0.10474493154178319 0.018192717010245364 0.0009821859099591324
0.00064454834326908 0.00002241688404165318 0.10225247297725074	0.00002241688403942753 -0.00020416483006462788 -0.019391351116452744	-0.1022524729772439 0.0193913511164467 -0.00004905616786066505
-0.00040079702601923456 0.00036639214846806954 0.10460284962963254	0.0003663921484728383 0.001327092947870272 -0.01933104870349507	-0.10460284962961697 0.019331048703492806 0.002391627280172587
-0.0008353949506435671 -0.0013429635558856266 0.10292023310176711	-0.0013429635558833523 0.0009982823013008 -0.020605230098735	-0.10292023310177342 0.02060523009873308 0.00037115410165040365
0.0000753578372980129 -0.00012482033145525331 0.10251850822920698	-0.00012482033145329308 -0.00007835760520404078 -0.017673503466779088	-0.10251850822921156 0.017673503466788646 0.0007898836555774585
0.00022199293642068303 -0.000046470883239712116 0.10331284495674896	-0.00004647088324165674 -0.00031582926270010137 -0.01820534186191402	-0.10331284495676067 0.01820534186191778 -0.0002123172239423812
0.001602000134505701 0.00013768137044069088 0.10274424400821817	0.00013768137044330685 0.000893974768929516 -0.016994493614217024	-0.10274424400822885 0.016994493614215216 0.00019187889093881527
-0.000044947344494599556 -0.000041947763882208 0.10302912898687559	-0.000041947763884241096 0.00004831885593243983 -0.018627387290223486	-0.10302912898687731 0.01862738729021058 -0.0002080327111928723
-0.0017379643857418636 -0.00017762118686421614 0.10246453130868063	-0.00017762118686223162 0.0005200014421781855 -0.01783099026112429	-0.10246453130865658 0.01783099026111694 0.0030870964406550204
0.001045412682654085 -0.0007397163873530399 0.10399330851012169	-0.0007397163873508767 0.0023384982771053227 -0.018550596471012093	-0.10399330851012357 0.018550596471020704 0.0002563644659355005
-0.004161654088827332 -0.0012166295867907795 0.10284511827119669	-0.001216629586791966 0.0031939374574893355 -0.02173581716457771	-0.10284511827118656 0.02173581716458941 0.00013528706567512289
-0.00009416363329524044 -0.00014972847501211885 0.10331977533603759	-0.00014972847500998362 0.00015219189140685055 -0.018583221651704496	-0.10331977533603776 0.018583221651712594 -4.255036744366114e-6
0.0001335878590553543 -0.0012017077813839191 0.10373832314736939	-0.0012017077813830518 0.0036814792683260607 -0.01850576238194408	-0.10373832314735863 0.018505762381938 0.0013832431820376906
0.001503692996925147 -0.0006136384956203248 0.10306787103051467	-0.0006136384956169335 0.003011192156369434 -0.016766551798652874	-0.10306787103050782 0.01676655179863389 0.002171697045992741
-0.0004995953597122394 -0.0009207048891833325 0.1031584641310119	-0.0009207048891814382 -0.0004525732730227515 -0.017214270991133256	-0.10315846413101401 0.017214270991116953 -0.0005900326851762672
-0.0033019231700911825 -0.0008819286533509373 0.10336202336602604	-0.0008819286533497707 0.0025631759672959317 -0.017566304578012167	-0.10336202336602304 0.01756630457800186 -0.0006094399156228482
0.0007729721406230063 -0.001149132488437312 0.10103969851494587	-0.001149132488434356 0.0007231076012869792 -0.020832513130988602	-0.10103969851494685 0.02083251313099144 -0.00001764620034500758
-0.0025469687484283 -0.000038276624597304715 0.10299009756221295	-0.00003827662459944363 0.000750360714648195 -0.018383537600724593	-0.10299009756220713 0.01838353760073922 -0.000790086136966156
0.00039207653625068783 -0.0004282123153162929 0.1040247722710233	-0.00042821231531310795 0.00043191063338032104 -0.017541308296411616	-0.10402477227102144 0.0175413082964148 -0.00039071227169334977
-0.0018272416549072685 -0.0005979515899128818 0.1027827855794766	-0.0005979515899104497 -0.0008834459537064021 -0.017631319317874716	-0.10278278557946069 0.017631319317879805 0.0005385220277204297
-0.0018662509805240325 0.00008816228254497627 0.10388944097937185	0.00008816228254679773 0.0006091959116234936 -0.017801969131149863	-0.10388944097936087 0.017801969131143604 0.00021639785960701416
0.000956973851388921 -7.657712321893634e-6 0.10340909015013028	-7.65771232135587e-6 0.0008933907617931364 -0.018287932283479354	-0.10340909015013247 0.01828793228346708 0.0004332909764602419
-0.0031375134274265176 -0.0009619728589825554 0.10130358070659708	-0.0009619728589827948 0.003917241296886628 -0.018801204756077196	-0.10130358070659819 0.01880120475606434 0.0007307821945526372
-0.00013747328158858658 0.000270792157829023 0.10339400048428321	0.0002707921578275971 0.001186615147606384 -0.017410905599912034	-0.10339400048429187 0.017410905599912433 0.0000914086820247191
-0.005793952705031257 -0.0021988739771026077 0.10274433893702348	-0.002198873977103586 0.0018494061933318016 -0.018006554886153485	-0.10274433893705158 0.018006554886154793 0.0007879959455317914
-0.0015524390406452728 0.00012095991212473243 0.10293709728375786	0.00012095991212568175 -0.00004625990259038079 -0.018431769430431583	-0.10293709728375214 0.018431769430436583 -0.0007718224779567906
0.0002661787865104637 -0.00021453987858719575 0.10140546476499396	-0.0002145398785884066 0.002734890497838649 -0.017445157979345597	-0.10140546476498408 0.017445157979343356 0.0035748874230837474
0.0008055840708382773 -0.0003293128505288557 0.10389664501959438	-0.000329312850528677 0.0016113883973026578 -0.01700900185804513	-0.10389664501959062 0.017009001858037616 0.0009899636548798448
0.0004988685131140725 -0.00032811847862549565 0.10480005869396056	-0.00032811847862489543 0.001907251392388152 -0.016832361961205536	-0.10480005869394576 0.016832361961187613 0.000011412951525169995
-0.0011032413514068108 -0.0006091775001831915 0.1037075667478143	-0.0006091775001826078 0.0018372239772744756 -0.017362655855281205	-0.10370756674780716 0.01736265585528346 0.0012469664628807046
-0.00229738721207866 -0.00016650812099615678 0.10213670273101505	-0.0001665081209961585 -0.0002463438123366593 -0.018761527474609012	-0.10213670273103088 0.01876152747460643 -0.00005344426760782797
0.00037408925671502356 0.0003311046335751251 0.1034857777380935	0.0003311046335791462 0.00008154675085988647 -0.019434662815838735	-0.10348577773809961 0.019434662815845258 0.00014438847983955228
-0.0007685409799470708 -0.0011755650526239503 0.10238454817200361	-0.0011755650526219137 0.0014910909098942715 -0.018757648093004158	-0.10238454817200866 0.01875764809300523 -7.375150547477699e-7
-0.0015928420150389433 8.853160208797256e-6 0.10267260770124469	8.853160207093758e-6 0.00040084307970017496 -0.018350465808256895	-0.10267260770123575 0.01835046580826867 0.0008737801627187423
-0.0006943765394872665 0.0002372312480285175 0.10420036462205573	0.00023723124802992133 -0.00025229746690616506 -0.01793361661839337	-0.10420036462204743 0.017933616618384093 -0.0007850821263356428
-0.00030411337968992355 0.0002769236265171178 0.10397122223124047	0.00027692362651849517 -0.0005380631327461527 -0.017672386004327436	-0.10397122223123376 0.017672386004330867 0.00009002054430445536
-0.0016245771657221702 0.00039347544548940135 0.1022623264730327	0.00039347544548802744 0.00008977229545857612 -0.017761178921045465	-0.1022623264730188 0.01776117892104298 0.0027963046192272176
-0.0024647562573100346 -0.0006562240205364826 0.10326898239771075	-0.0006562240205385504 -0.0013340378986820382 -0.018135016835513718	-0.1032689823977166 0.018135016835508753 -0.0007380428465087636
-0.001489975288167274 -0.0022757509126381994 0.10347000243898669	-0.002275750912635455 0.006269611353763825 -0.02024337039854432	-0.1034700024390151 0.020243370398547685 0.0019634278634669267
